% normalize=-1
% resample=no
% samplerate=44100
% version=0.64
% yaafedefinition=MFCC blockSize=512 stepSize=256 > Derivate DOrder=1
3.14908430e-01,9.72750575e-02,3.59959483e-02,2.17077665e-02,1.86209102e-02,1.66940721e-02,9.45596164e-02,2.23225736e-02,1.29948164e-02,8.07163292e-03,7.20649179e-03,-1.53524236e-03,-3.87678255e-02
3.05788217e-01,6.42681765e-02,-2.55236110e-03,-1.83891320e-03,2.51309581e-02,2.47192959e-02,6.60615488e-02,5.99982145e-03,3.62197487e-02,1.10681638e-02,9.68242436e-03,3.36619489e-02,-3.27427319e-02
2.14197570e-01,2.76216369e-02,-7.27329165e-03,-1.53098448e-02,1.82881902e-02,2.61860051e-02,4.53068614e-02,3.04817485e-02,6.55671144e-02,4.47444910e-02,1.77709838e-02,5.17393334e-02,-1.86133817e-02
1.43050607e-01,2.07193879e-02,-2.03696997e-02,-1.60626410e-02,9.99993985e-03,4.23672429e-02,2.15005943e-02,2.45948105e-02,4.50008755e-02,2.88109347e-02,1.80084574e-02,3.95372734e-02,4.28581868e-03
2.33408560e-02,-2.38407861e-02,-5.64192532e-02,-3.48925049e-02,-1.90339714e-02,3.47517781e-02,-1.88966772e-02,1.21525035e-02,1.15484913e-02,3.74883450e-02,1.95819416e-02,3.79027000e-02,3.65448364e-02
7.61960080e-02,-2.82466623e-02,-2.59433495e-02,-6.11287022e-02,-2.76739513e-02,-7.36989138e-03,-3.38609377e-02,1.04353533e-02,-1.13052601e-02,1.61606135e-02,2.65975982e-03,3.80276126e-02,4.59623979e-02
3.60029194e-02,1.39311979e-02,2.91507768e-02,-5.16639380e-02,-6.52096052e-03,-1.93649697e-02,-4.86271721e-03,9.35857232e-03,-2.95196808e-02,-1.88091548e-02,-1.89718455e-02,1.27444416e-02,2.46218041e-02
1.70573489e-02,2.51069564e-02,8.68567243e-03,-5.97086283e-02,-2.44854438e-02,-5.76776491e-02,-1.28553742e-02,-3.08752726e-02,-3.08445976e-02,5.93325255e-03,-5.46731076e-03,-6.54955236e-03,3.62778149e-02
-2.92326272e-03,2.13088544e-02,7.03062586e-03,-1.86289712e-02,-4.64420367e-03,-6.51209750e-02,-2.94966525e-02,-5.81557742e-02,-4.30222283e-02,1.54307961e-02,2.90012069e-02,4.14843737e-03,5.49037226e-02
-1.00213583e-02,7.92106758e-02,-8.16103379e-04,4.83361880e-03,1.54190802e-02,-7.21194227e-02,3.63539933e-02,-6.15015646e-02,-7.92113439e-02,-2.11574655e-02,2.03730542e-02,-2.05221255e-02,6.09474166e-03
1.70800987e-02,7.26815154e-02,-3.88809412e-02,1.01554638e-02,5.03914402e-02,-7.05727923e-02,2.17445972e-02,-7.14920433e-02,-7.02890004e-02,-5.62285964e-02,1.93846972e-03,-1.42862690e-02,-3.23362469e-02
-2.01113234e-02,6.24543787e-02,-5.98610679e-03,-7.13759070e-03,2.35106680e-02,-8.17474901e-02,2.13198968e-02,-4.55479716e-02,-2.87547618e-02,-1.10075715e-02,1.96614444e-02,-8.42190957e-03,-6.15562043e-02
1.48312961e-04,9.40265468e-02,2.02144967e-02,3.53426255e-02,3.46465470e-02,-4.05203310e-03,-1.70361186e-02,-5.22408758e-02,-1.85680487e-02,-9.46590311e-03,1.51362177e-02,-4.27026897e-02,-6.96778014e-02
-4.06605849e-03,5.90282700e-02,-2.94792299e-03,5.34926156e-02,2.06587013e-02,2.77028604e-02,-1.48763851e-02,-6.53807769e-02,-8.36064216e-03,3.47796335e-03,1.61202528e-02,-3.12835871e-02,-5.34088433e-02
-4.86640065e-02,2.32871092e-02,3.48864798e-03,3.83715169e-02,-3.92412484e-04,2.91376166e-02,1.18687448e-02,2.42201732e-03,-8.69211137e-03,-3.27279818e-02,-1.14930179e-03,-2.08740282e-02,-4.49815086e-02
-5.63552089e-02,-1.36362850e-02,1.07227855e-02,4.28699428e-02,-2.13897373e-02,3.17854021e-02,5.04084142e-03,2.92102825e-02,-2.01634600e-02,-5.09112662e-02,-2.16150261e-02,-9.58467856e-03,-4.67106092e-02
-6.22870788e-02,-2.64203767e-02,-1.03594264e-03,-1.53488650e-02,-7.00078764e-02,2.99993237e-02,-9.35781184e-04,5.60213407e-02,3.30839762e-02,-3.31617144e-02,-4.73228411e-02,-2.65297131e-02,-1.15655220e-02
-4.55513667e-02,-4.78413343e-02,-1.19488175e-02,1.07407114e-02,-5.37198553e-02,1.01639375e-02,-3.59400089e-02,4.38023987e-03,1.57277797e-02,-2.93728680e-02,1.33041530e-02,3.88723763e-02,4.25182218e-02
5.78016256e-03,-2.85701119e-02,-1.62087204e-02,3.25205118e-02,-2.44764777e-02,5.71755998e-03,-2.08463170e-02,9.21271451e-03,2.64590042e-02,-4.59256535e-02,-7.47845445e-04,2.35478314e-02,4.16308626e-02
3.30612008e-02,-1.43888221e-02,-8.25000262e-02,3.61894011e-03,1.72507037e-02,8.11299014e-03,-3.63067025e-02,1.81849842e-02,3.79751407e-02,-6.13137654e-02,-3.48550970e-02,8.91691237e-03,4.22738411e-02
3.50031607e-02,1.23179830e-02,-3.04525303e-02,-1.54928604e-02,-6.38731154e-03,-2.59101221e-02,-3.99626034e-02,2.86059365e-02,6.22390418e-02,-1.36537798e-02,-4.21613278e-03,3.74930024e-03,3.40774197e-02
5.01274386e-02,4.09378120e-02,-4.15935694e-03,-3.46591811e-02,6.08429444e-03,2.02742343e-02,-7.16066974e-02,1.10739903e-02,7.14010672e-02,4.05548827e-02,9.89010322e-03,-7.43632636e-03,1.97410854e-02
2.46657631e-02,3.82912172e-02,3.64406361e-02,2.84527078e-02,2.71245312e-02,2.52215835e-02,-7.22796318e-02,-1.77009102e-02,5.91304328e-02,7.54473022e-02,-1.91748040e-03,-1.79033663e-03,3.11337564e-02
-6.40099634e-02,-3.66267533e-02,6.65403890e-03,1.32751518e-03,-1.85299107e-02,-1.93788240e-02,-1.74947274e-02,1.53034357e-02,6.04348401e-02,1.06490783e-01,6.44065362e-02,-2.34288416e-03,3.75869687e-02
-9.21254745e-02,-2.97698361e-02,1.72062739e-02,-6.04508103e-03,-2.61309831e-03,-2.02290927e-02,1.58937279e-02,2.19230762e-02,-1.32397889e-03,7.70896091e-02,7.10749269e-02,1.57807052e-02,-4.84613337e-04
-9.52104594e-02,-2.47021844e-02,4.23517528e-02,-1.08947411e-02,-4.71294640e-03,1.89585957e-02,5.09791470e-02,2.24200335e-02,-1.72472236e-02,9.35385900e-02,5.75944300e-02,4.81984427e-03,4.45515712e-02
-8.58340345e-02,-5.33644626e-02,6.86032918e-02,6.65447807e-03,2.31013298e-02,-2.14545339e-04,4.46195480e-02,-9.91689514e-03,-8.22138721e-02,6.00290489e-02,7.66400878e-02,2.40729782e-02,2.23936725e-02
-6.54697801e-02,-6.99478556e-02,3.81692106e-02,-7.28028085e-03,2.99075088e-02,1.00495440e-02,6.28319660e-02,-2.30842304e-02,-8.26903001e-02,3.13286710e-02,5.80463061e-02,1.00659424e-02,5.49984247e-03
-1.93428640e-02,-6.28179235e-02,-3.71057623e-02,-4.20355774e-02,5.69449271e-02,8.66567430e-03,5.13911049e-02,-3.04215547e-02,-4.51641990e-02,-1.83421092e-03,1.71673932e-02,-5.12194992e-03,-2.39690743e-02
1.98988294e-02,-1.41159532e-02,-6.71932168e-03,-1.24234727e-02,3.99376735e-02,6.62723208e-03,1.19708872e-02,-3.37692606e-02,-1.91052360e-02,-1.84876764e-02,-3.77803899e-03,-1.99221299e-02,-2.00128534e-02
1.15193436e-02,-1.45023637e-02,-2.63480989e-02,-3.33923260e-02,5.08290546e-02,5.10641556e-02,4.74863392e-02,-4.92016532e-02,2.53253729e-02,-9.38011103e-04,-2.16048455e-02,-4.88471031e-03,-5.88111805e-02
4.42442493e-02,4.66388060e-02,2.02248498e-02,6.13075204e-02,6.96563471e-02,4.94232907e-02,2.32966327e-02,-3.38045177e-02,1.90808874e-02,-2.04974414e-02,-9.76949501e-02,-1.96001691e-02,-5.52854779e-02
1.98363698e-02,-2.46546806e-03,-1.52552051e-02,5.31600062e-02,3.26219136e-02,2.51992368e-02,3.62362766e-02,-7.04382550e-03,3.66387464e-02,4.12144443e-03,-6.83091043e-02,-5.81284715e-02,-5.59915143e-02
1.99854806e-02,5.58072294e-02,3.08839060e-03,3.92597830e-02,1.24254856e-02,1.52548224e-02,-1.42200573e-02,-1.88370343e-02,2.24906857e-02,-2.35773574e-02,-7.34313394e-02,-4.31749993e-02,-6.40964052e-02
1.39663098e-02,7.60201046e-02,3.04394160e-02,8.59482877e-02,8.77667559e-03,1.78516243e-02,-2.65912709e-02,-6.15372253e-02,-2.01486510e-02,-3.08551492e-02,-6.27930700e-02,-2.25329794e-02,1.87666593e-02
2.71538428e-02,5.95010785e-02,8.91468471e-02,1.21015091e-01,-3.33942304e-02,-3.94569605e-02,-6.26340014e-02,-6.58082662e-02,-3.88630610e-02,-5.69433076e-02,-3.67803139e-02,-2.01002202e-02,-1.73321883e-03
2.54969887e-02,5.12136779e-02,4.75408114e-02,8.99952770e-02,-5.70438430e-02,-4.34409648e-02,-5.22563674e-02,-6.36570588e-02,-4.58929104e-02,-5.89942673e-02,-1.47808929e-02,-3.19192926e-02,-5.50451248e-03
4.92372222e-02,4.81394960e-02,-2.22605582e-02,9.57611298e-03,-4.31676236e-02,-3.44052187e-02,-5.20871355e-02,-3.00745993e-02,7.14473767e-03,-5.37765994e-02,-1.31199268e-02,3.25741985e-03,7.30387589e-03
1.44284677e-01,7.56143304e-02,5.83913082e-03,-2.31017233e-02,-2.86910905e-02,-2.89691276e-02,-1.09451935e-01,1.33900989e-02,-3.93348444e-03,-4.04063762e-02,3.47928652e-03,6.69959300e-04,2.86073682e-02
1.31664222e-01,2.10599013e-02,7.57614536e-03,-7.52010803e-02,-3.61185711e-02,1.47922100e-02,-7.66656808e-02,3.43508687e-02,1.50846817e-02,-2.87360622e-02,-3.22939707e-03,1.29871249e-02,1.28691005e-02
1.25688189e-01,3.27897665e-02,4.16730768e-02,-4.05691078e-02,1.89228446e-02,5.40041181e-02,-6.11113220e-02,5.36866908e-02,-2.45224735e-02,-2.19343800e-02,-3.89031656e-03,1.14314724e-02,-8.58915952e-05
-8.23053578e-04,1.29773272e-02,1.83837956e-02,-4.42184120e-02,2.77323745e-02,5.18500541e-02,-4.81721151e-02,9.86997771e-02,-3.10392702e-02,-8.52103597e-03,1.38788917e-02,3.44244087e-03,1.64059595e-02
-5.37163540e-02,1.46454507e-02,5.60477206e-02,-5.85293410e-02,2.55388806e-02,2.18993559e-02,-7.45185057e-02,1.32553421e-01,-2.65587214e-03,6.10653959e-02,1.13333969e-02,-5.90212881e-04,4.23341160e-02
-9.56579399e-02,1.93186056e-03,5.56870980e-02,-2.15260916e-02,2.26061567e-02,2.50719806e-03,-8.27703579e-02,1.26158381e-01,3.99262398e-02,8.54980402e-02,1.06024786e-02,1.66327282e-02,1.03212765e-01
-1.31275909e-01,-4.88704773e-02,4.12747176e-02,2.25865718e-03,-3.18506310e-02,-5.97951869e-02,-8.80222264e-02,1.04338658e-01,7.20160277e-02,9.66489509e-02,1.00225783e-02,1.77004373e-02,9.27884913e-02
-1.12497562e-01,-5.07494735e-02,2.89676512e-02,5.19386671e-02,-7.03499281e-02,-1.06299220e-01,-7.15634080e-02,5.35141378e-02,6.79388253e-02,8.65018898e-02,1.02531717e-02,2.70966938e-03,7.50475925e-02
-9.34555993e-02,-2.50731598e-02,-1.83355491e-02,3.49281545e-02,-8.52041900e-02,-1.10899536e-01,-3.70990293e-02,2.64876130e-02,9.95487702e-02,8.64560567e-02,-1.43835580e-02,2.73849582e-02,8.37892502e-02
-2.03998382e-03,1.65427234e-02,-1.78748710e-03,3.62076648e-02,-5.71809678e-02,-1.18346125e-01,-4.29568260e-02,1.81480881e-02,9.38718614e-02,8.71202767e-02,-1.42207488e-02,2.48227858e-02,6.00134558e-02
6.96757292e-02,2.59716927e-02,5.67474857e-03,-1.58552432e-03,-7.67966780e-02,-1.05413721e-01,-2.81405373e-02,1.10634295e-02,9.02920374e-02,3.15612563e-02,-4.36577194e-02,2.53131159e-02,2.71012252e-02
1.20978599e-01,5.35974842e-02,3.82686400e-02,1.03858815e-02,-2.67640340e-02,-4.77048988e-02,-1.21628450e-02,-2.04170899e-02,2.28538495e-02,-2.85840971e-02,-4.79089299e-02,3.06095124e-02,-6.96290128e-03
3.53694052e-02,7.25826852e-02,3.32944611e-02,-4.60679753e-03,-3.82286108e-02,-4.15554801e-02,-1.55509934e-02,-3.17595104e-02,-1.62635346e-02,-8.44530367e-02,-3.55823959e-02,5.77985828e-02,-9.13974543e-03
7.41277468e-03,7.08201771e-02,6.85782503e-02,-8.20037512e-03,-2.40638189e-02,-5.84663358e-02,-1.55797753e-02,-2.16587155e-02,-3.94665975e-02,-8.61448948e-02,-2.41647672e-02,5.88129480e-02,-1.41161907e-02
5.71141118e-03,5.06252993e-02,5.84988504e-02,-7.28911795e-03,-2.04947099e-02,-5.28531670e-02,-1.73594834e-02,7.22244621e-03,-1.15510784e-02,-7.28104412e-02,-9.52854688e-03,6.12089788e-02,-1.15317212e-02
-2.07787933e-02,-1.37617724e-02,-4.71993396e-03,-4.38588282e-02,-3.93288157e-02,-2.79535703e-02,-1.55276611e-02,1.55561092e-02,-4.51891294e-03,-5.57691847e-02,-1.69229653e-03,6.17583579e-02,-1.97138572e-03
-1.05232864e-02,-5.26571928e-02,-3.76065968e-02,-4.38453048e-02,-4.09773089e-02,-6.30614102e-03,-1.52786593e-02,1.07746928e-02,-1.31811300e-02,-3.38422401e-02,7.87718209e-03,5.78480090e-02,1.42048384e-02
8.49098457e-03,-6.69371673e-02,-5.75455789e-02,-4.08371161e-02,-3.85774565e-02,4.99835675e-03,-6.08112650e-03,1.11457482e-02,-6.06248672e-03,1.59720444e-04,8.11084858e-03,2.98550456e-02,2.90297858e-02
2.55666972e-02,-6.27389900e-02,-5.80659459e-02,-2.71686901e-02,-2.28873406e-02,1.20450365e-02,-6.73672927e-03,3.02063963e-03,-2.41620544e-03,2.16287748e-02,8.16863104e-03,-1.28545643e-03,3.07399397e-02
3.22158717e-02,-4.37725855e-02,-5.58190376e-02,-1.94627370e-02,-6.27071374e-04,2.34629791e-02,-5.63399572e-03,4.91169479e-03,3.94297922e-03,3.89021190e-02,4.49713278e-03,-2.02894234e-02,2.76658853e-02
4.73611180e-02,-1.13506532e-02,-4.44493983e-02,5.23382635e-03,1.88108612e-02,2.45749324e-02,-5.29725987e-03,-1.07639366e-02,-5.98923789e-04,3.94421930e-02,-6.01966299e-03,-3.87799535e-02,2.23918891e-02
5.24260260e-02,2.98888081e-02,-2.42874964e-02,8.90027580e-03,2.97126975e-02,1.93076298e-02,-3.16045185e-04,-2.25377505e-02,4.39080157e-04,4.09688564e-02,-7.52723768e-03,-2.91756816e-02,2.03042975e-02
6.07731180e-02,7.37692954e-02,1.13870560e-02,2.15034546e-02,3.39387637e-02,2.06680728e-03,3.57927099e-03,-3.42743502e-02,-1.01009270e-02,3.29821217e-02,-1.77751053e-02,-2.01126140e-02,9.47346345e-03
5.58655431e-02,9.63019547e-02,3.07086811e-02,3.32677623e-02,4.72873578e-02,-8.55170039e-03,2.14869335e-03,-4.22908920e-02,-2.02287385e-02,3.12347008e-02,-2.20584301e-02,-1.12830376e-02,1.16994136e-04
3.87463785e-02,8.91237746e-02,2.87843760e-02,3.24514404e-02,4.47413684e-02,-1.35717446e-02,-1.30055338e-03,-4.20999279e-02,-3.01077758e-02,2.81632749e-02,-1.84715878e-02,2.67716361e-03,-3.14602105e-03
1.75608230e-02,6.28146268e-02,2.53512273e-02,2.58772533e-02,4.24250686e-02,-1.64991993e-02,2.54789044e-03,-3.47927322e-02,-3.71352892e-02,3.09339274e-02,-4.99379058e-03,1.31203458e-02,2.29954107e-03
-1.10596907e-02,2.66824329e-02,1.00543502e-02,1.78314316e-02,2.86518189e-02,-1.63887493e-02,8.56064682e-03,-2.23484205e-02,-2.89026942e-02,3.17502685e-02,4.66299557e-03,8.20330453e-03,1.37479158e-02
-4.16944091e-02,-8.74741981e-03,-6.83412630e-03,4.87620601e-03,7.67512450e-03,-1.90090646e-02,1.06054801e-02,-1.28249113e-02,-2.67688297e-02,1.47555024e-02,1.11835209e-02,-4.58705306e-03,2.48855590e-02
-5.89435362e-02,-3.28497991e-02,-1.00725620e-02,1.82059023e-04,-1.16737605e-03,-2.19170265e-02,1.52135362e-02,6.87454045e-03,-2.07629635e-02,2.90361912e-03,1.67057918e-02,-1.57039809e-02,3.89632479e-02
-4.84804241e-02,-4.57049994e-02,-1.66331546e-02,-1.02314912e-02,-1.48506808e-02,-3.18489953e-02,2.30783766e-02,1.91772376e-02,-8.86282287e-03,-1.74091101e-02,1.11290986e-02,-3.10309409e-02,4.18875776e-02
-2.30434068e-02,-3.45192616e-02,-1.55286995e-02,-2.37587227e-02,-2.14977028e-02,-2.37337005e-02,3.47807566e-02,1.80891680e-02,5.60320998e-03,-2.32190300e-02,1.09237339e-03,-3.73713908e-02,4.05119703e-02
2.45711414e-03,-1.81855941e-02,-1.41474863e-02,-2.87966800e-02,-3.32061448e-02,-1.96944023e-02,3.72836597e-02,8.91425435e-03,1.58918709e-02,-1.77924535e-02,-1.81090982e-02,-3.93924281e-02,3.46071591e-02
3.89380296e-02,9.37070862e-03,-1.14512232e-02,-2.53477768e-02,-2.81387820e-02,-1.27680422e-02,3.01409985e-02,-1.29490314e-02,2.39968081e-02,-6.99291882e-03,-3.84744371e-02,-4.04595431e-02,2.32661613e-02
4.52965531e-02,3.49914732e-02,-6.03069215e-03,-2.20497816e-02,-3.88070478e-02,-1.26513841e-02,1.91488450e-02,-1.89915276e-02,2.46574519e-02,-7.04900860e-04,-4.60317433e-02,-2.45258999e-02,1.22179402e-02
5.83324628e-02,3.31620826e-02,8.83174722e-04,-2.18993301e-03,-3.12999376e-02,1.79284462e-02,1.04466196e-02,-2.35533960e-02,-6.58255106e-03,9.10007625e-04,-2.80147151e-02,-1.01505626e-02,-1.91385317e-02
1.74709272e-02,-2.61348931e-02,-2.18975568e-02,-7.28290344e-03,-2.72107390e-02,3.88434056e-02,2.76003616e-02,-3.20928518e-02,-8.34753437e-03,1.45002991e-02,3.48566974e-03,2.65581947e-02,-3.29362914e-02
1.22585701e-02,-3.36737927e-02,6.78682079e-03,1.73190401e-02,-1.86557913e-02,4.25601436e-02,3.18434602e-02,-1.33116412e-02,-1.95244630e-02,-1.35643858e-03,1.83125605e-02,8.06235608e-03,-5.67868227e-02
-1.20088051e-02,-7.92451691e-02,1.29363152e-02,4.08576748e-02,-1.25330715e-02,7.10272352e-02,4.24510478e-02,2.09696954e-02,-2.14936098e-02,-1.61159106e-02,5.73007417e-02,4.87604948e-03,-6.41015251e-02
-8.28990633e-03,-9.44240431e-02,2.33908815e-02,6.03945089e-02,-7.36616755e-03,6.95889166e-02,4.80834102e-02,3.89643711e-02,-3.53425194e-02,-3.55243295e-02,5.47064633e-02,-1.57748826e-02,-6.16292503e-02
-1.61186949e-02,-1.07193101e-01,2.12655583e-02,6.50240564e-02,3.10423159e-03,9.43866368e-02,5.90747222e-02,5.85217812e-02,-4.07575979e-02,-4.63026047e-02,7.34439304e-02,-1.50714537e-02,-5.30323402e-02
9.29836933e-03,-9.93490075e-02,1.71759381e-02,7.04285638e-02,8.79037482e-03,9.27108786e-02,5.95268446e-02,6.21541429e-02,-5.19123066e-02,-4.14207358e-02,4.50353899e-02,-1.63189726e-02,-3.63950104e-02
3.09328736e-02,-7.23007262e-02,1.36598518e-02,5.65605261e-02,3.34574036e-02,9.34636136e-02,4.66581658e-02,4.04082101e-02,-3.96628733e-02,-3.60437111e-02,2.69515918e-02,-2.73962774e-02,-3.04145300e-02
3.83789547e-02,-1.41423850e-02,1.29231174e-02,4.99277458e-02,3.35996690e-02,5.36157956e-02,2.96568385e-02,9.59316821e-03,-2.87015256e-02,-3.43093051e-02,-1.29791654e-02,-1.46471836e-02,-1.20555963e-02
7.98652943e-02,2.73851014e-02,2.33511125e-02,4.38710599e-02,5.46615146e-02,5.58061428e-02,4.49904743e-03,-7.01538149e-05,-4.16463142e-02,-2.20195928e-02,-2.76285093e-02,-6.81745321e-03,-3.30337860e-02
4.48129544e-02,9.05696521e-03,-1.82360887e-02,1.01000447e-02,5.57952176e-02,2.97929914e-02,1.23421853e-02,-3.55841415e-02,-3.47937555e-02,-1.49385125e-02,-2.15258269e-02,3.32160416e-02,-2.86239114e-02
8.29366579e-02,5.10558601e-02,-7.55176178e-03,9.55686618e-03,6.09557830e-02,-8.72848812e-04,7.75281519e-03,-4.30542847e-02,-1.37423480e-02,-8.89184548e-03,-2.67725489e-02,6.29543298e-03,-4.64174613e-02
5.82688795e-02,3.82543966e-02,-9.65082680e-03,6.18979521e-04,3.56090127e-02,-5.61405083e-03,6.97883859e-03,-3.60998468e-02,-9.24154929e-03,-1.92142650e-02,6.29057567e-03,1.60131539e-02,-4.56735510e-02
7.77109035e-02,4.59362175e-02,1.09879342e-02,1.45168003e-02,2.90536902e-02,-2.22727439e-02,-2.91049610e-04,-3.60556740e-02,-2.47419913e-03,-9.56346761e-03,-1.68610389e-03,-2.22959717e-02,-4.08985054e-02
3.57340538e-02,2.77784200e-02,2.06603014e-02,9.51384279e-03,-7.52588085e-03,4.46930291e-03,9.72595693e-03,-3.04649849e-02,-1.97669899e-03,-1.45111279e-02,4.29961412e-02,-1.23597542e-02,-2.92172611e-02
5.89916259e-02,1.27188235e-02,4.02079418e-02,-4.76091386e-04,-4.16327916e-02,1.53787128e-02,-1.01238354e-02,-1.50315166e-02,7.14318659e-03,-1.49535693e-02,4.45776671e-02,-4.18694594e-02,-2.20643952e-02
6.21074825e-02,-4.23655642e-03,4.65647817e-02,-1.79322497e-02,-4.46486175e-02,5.99551956e-02,-2.12409294e-02,-2.37519425e-04,1.56415835e-02,-4.36551607e-03,6.01128980e-02,-4.73067484e-02,-2.14380656e-02
4.46538930e-02,-1.20443036e-02,4.58271879e-02,-2.28224731e-02,-7.44761090e-02,6.34213405e-02,-1.61958489e-02,-5.19753800e-03,8.24602431e-03,-2.43887215e-02,2.90245196e-02,-5.98811407e-02,-1.58155814e-02
3.07405185e-02,-2.86810593e-02,6.37658190e-02,-8.64878428e-03,-4.26267593e-02,1.01466996e-01,1.26122924e-02,1.76702301e-02,3.46635813e-02,4.44681511e-03,1.96714844e-02,-6.06723430e-02,-2.74399035e-02
-1.04513190e-03,-3.59464441e-02,3.69790357e-02,-2.39074498e-02,-4.18199308e-02,8.09615154e-02,2.47958829e-02,-5.14486985e-03,2.54748320e-02,-1.66431019e-02,-1.02571142e-02,-5.90365671e-02,-3.37874237e-02
1.05242892e-02,-1.43120876e-02,2.67310118e-02,-5.91816243e-03,-1.68749180e-02,7.76809895e-02,5.14546335e-02,-1.46490987e-03,5.66920458e-02,1.45839451e-03,-2.21266069e-02,-6.30660486e-02,-3.92438970e-02
-1.46711193e-02,-1.99765574e-02,-1.19600224e-03,-1.13833733e-02,-2.79204630e-02,5.39204652e-02,6.03078184e-02,-1.24365080e-02,4.35950265e-02,-8.56684948e-03,-3.93819598e-02,-5.33538164e-02,-4.37420515e-02
-1.54279997e-03,-9.18716818e-03,3.11769677e-03,1.46060801e-02,-2.59118707e-03,1.26230958e-02,6.33539217e-02,-2.86883763e-03,5.66646882e-02,1.81139758e-02,-4.63670007e-02,-5.54652703e-02,-4.59238990e-02
-1.56395428e-02,-9.64309838e-03,-1.06592052e-02,4.24971679e-03,-2.42825081e-02,-1.71289738e-02,5.93888778e-02,-2.43314501e-02,2.51710091e-02,2.48353206e-02,-3.43946023e-02,-3.72010561e-02,-4.22586592e-02
2.46590547e-02,2.15100417e-02,2.10609459e-02,2.37835027e-03,-3.60256577e-02,-3.13505105e-02,3.13470827e-02,-1.36381043e-02,1.41136734e-02,2.49100547e-02,-8.15449121e-03,-3.63967137e-02,-2.70680908e-02
4.60504082e-02,4.29049224e-02,4.43310447e-03,-1.01219029e-02,-3.03542997e-02,-3.19387965e-02,-3.86661556e-04,-1.18422283e-02,-6.11139961e-03,5.23939723e-02,1.48327280e-02,-1.38079088e-02,-9.82150110e-03
5.38817307e-02,5.38840618e-02,1.17409720e-02,-4.04868152e-02,-7.40850951e-02,-4.52889952e-02,-2.46338371e-02,-9.68247431e-03,-3.09920846e-02,3.79534750e-02,1.35318275e-02,-2.86007148e-02,1.25780990e-02
2.11389881e-02,2.75225865e-02,4.57401525e-05,-3.45946844e-02,-5.53009901e-02,-3.47769107e-02,-5.76441459e-03,7.60849572e-03,-2.38960632e-02,6.89409220e-02,3.50237491e-02,1.06657119e-02,2.72675623e-02
-3.74006042e-02,2.24786948e-02,-5.78996061e-02,-8.05682357e-02,-4.44000641e-02,-4.57779058e-02,-2.74498355e-02,-6.62749336e-02,-3.73321938e-02,3.36716287e-02,2.47057108e-03,2.71209782e-02,1.50381326e-02
-9.42335509e-02,3.15458494e-03,-9.21319629e-02,-1.01476616e-01,-2.07687971e-02,-3.22994905e-02,4.31981773e-03,-5.39277518e-02,-5.18257543e-02,2.48045281e-02,2.07016953e-02,7.32775008e-02,1.98796110e-02
-1.29399949e-01,-2.69570363e-02,-1.10068725e-01,-9.57164105e-02,2.37549552e-02,-5.36662749e-03,1.74740695e-02,-4.34614155e-02,-7.44254131e-02,-5.90498685e-03,1.34022813e-03,9.01486410e-02,1.79778187e-02
-1.31381414e-01,-3.61217536e-02,-9.92984688e-02,-6.69182623e-02,8.16510969e-02,6.45689485e-03,4.60633862e-02,-2.77871286e-02,-5.17632515e-02,-6.99512757e-03,6.33400782e-03,1.08308253e-01,-1.19352009e-02
-1.47732462e-01,-6.30392445e-02,-8.81217714e-02,-7.03570493e-02,8.85939223e-02,1.93953734e-02,3.75519961e-02,-5.82518822e-02,-8.00062347e-02,-4.40933498e-02,-2.78189172e-02,6.94050771e-02,-6.28587025e-02
-1.16522187e-01,-6.63016592e-02,-3.65933761e-02,-3.49160261e-02,8.34459682e-02,2.01179187e-02,4.08869104e-02,-1.78557166e-02,-5.86218610e-02,-2.26719558e-02,-1.97200671e-02,6.59332458e-02,-5.56506910e-02
-9.61507951e-02,-4.57783230e-02,-1.24876415e-02,-2.69158064e-02,8.85056220e-02,2.39789902e-02,3.50983536e-02,-5.19024642e-03,-7.01234965e-02,-5.38471866e-03,-1.54015762e-02,5.64519351e-02,-4.99279692e-02
-4.67419770e-02,-2.21622517e-02,2.45031246e-02,-8.29508159e-03,6.11291264e-02,2.44842086e-02,1.83189045e-02,1.78176819e-02,-5.90791925e-02,4.25487618e-03,2.33109002e-03,1.52158722e-02,-4.30157699e-02
1.38114065e-02,2.25331424e-03,1.67790620e-02,2.61772597e-02,5.70800578e-02,-3.41209701e-02,-5.51985671e-03,4.68952306e-02,-4.22564268e-02,4.26237564e-02,2.15157074e-02,-4.81197888e-03,-2.19808769e-02
4.17553656e-02,5.00077565e-02,1.52369373e-02,3.94803338e-02,4.75964197e-02,-5.15308838e-02,-1.46529958e-02,-7.24397137e-03,-2.09403739e-02,3.55559152e-02,1.52517526e-02,-2.40024750e-02,-1.97849575e-02
1.80933789e-02,3.66224364e-02,-1.38085707e-02,9.41789065e-03,5.64997322e-03,-5.28368097e-02,-1.34586852e-02,-8.03572523e-03,-9.55165731e-03,4.12465029e-02,2.79900204e-02,-2.03092688e-02,-1.51490196e-02
6.95659181e-03,2.62533190e-02,-6.60361568e-02,1.72430029e-02,1.44292965e-03,-6.09486233e-02,-3.02734653e-02,-5.65285836e-03,-1.21713180e-03,3.70604340e-02,4.22374016e-02,9.69324760e-03,8.44664430e-03
-8.56266185e-03,1.09996158e-02,-8.27206941e-02,2.67258445e-02,1.38652996e-02,-2.89337015e-02,-2.50317233e-02,-1.72214898e-02,-4.57435800e-04,2.96326578e-02,3.84759764e-02,2.40543004e-02,1.61804468e-02
-4.00584866e-03,4.71856888e-03,-6.71140421e-02,2.14670359e-02,1.95665735e-02,-6.08769619e-03,-3.67549001e-02,-1.65665874e-02,-9.91698845e-03,4.68804594e-03,1.53297386e-02,6.23297471e-03,-2.56035150e-02
2.11442427e-03,-1.07130544e-02,-4.20388452e-02,2.06271609e-02,5.32723149e-03,-6.69871074e-04,-2.71528986e-02,3.30468861e-03,2.17398203e-02,1.40094716e-02,-1.05887129e-02,1.21258887e-02,-2.06122549e-02
-4.63809265e-02,-5.91257332e-02,-9.19014677e-03,1.46910494e-02,1.69062473e-02,2.82653333e-02,-2.33622783e-02,3.91779175e-02,3.98627004e-02,2.04257036e-02,-1.06696308e-02,3.08298493e-02,-3.71755478e-03
-8.04412684e-02,-1.03939999e-01,-1.13799261e-02,-2.05784124e-02,7.85906632e-03,3.27546485e-02,-3.68425589e-02,4.48804535e-02,3.22004831e-02,2.09136679e-02,-1.11178301e-02,4.80258421e-02,-2.18281178e-02
-3.20494866e-02,-8.76486948e-02,-2.29809155e-03,7.21514710e-03,4.13326845e-02,8.69342036e-03,-5.73454981e-02,4.71195553e-02,3.13801029e-02,1.88223932e-02,-1.82163585e-02,1.73921887e-02,-1.22586972e-02
2.31243784e-02,-2.84169251e-02,3.89568047e-02,2.84786321e-02,4.81982334e-02,6.89194628e-03,-3.64147813e-02,2.66899075e-02,5.09736718e-03,-2.02455622e-03,7.85216896e-03,-3.86214662e-04,-1.64153981e-02
4.79268735e-02,1.28484526e-02,6.84557766e-02,4.51672450e-02,4.51963155e-02,1.32721990e-03,-3.42591357e-02,2.07583828e-02,-5.36954345e-04,1.71289008e-03,5.59693271e-03,-3.92239538e-02,-1.35464750e-02
4.73280598e-02,2.50060705e-02,4.18545525e-02,6.06543409e-02,1.95915547e-02,-3.89867238e-02,-5.17429962e-02,-1.00619652e-02,1.11768039e-02,1.03679511e-04,1.29143124e-02,-2.74875881e-02,-1.34299380e-02
3.73783179e-03,3.08938813e-03,2.25399642e-02,3.43140265e-02,-2.75231320e-02,-1.28280468e-02,-4.04969067e-02,-4.36504558e-02,1.06755363e-02,4.03966018e-03,1.75170036e-02,-2.09922052e-02,7.21121165e-03
8.95432411e-03,2.62665509e-02,2.48088088e-02,4.95061017e-02,-1.41223203e-02,-1.20378965e-02,-3.30544755e-02,-7.64712539e-02,3.76497281e-04,-1.33980925e-02,1.37710205e-02,-2.40744604e-02,1.12358055e-02
4.34410731e-02,8.91569346e-02,3.03238448e-02,2.13896820e-02,-5.05437943e-02,4.81837126e-03,-7.90725514e-03,-1.13240890e-01,4.06252752e-03,-3.12022568e-02,-2.35207707e-02,-2.16320317e-02,-1.05655241e-02
4.65468709e-03,5.71993998e-02,3.66347393e-03,1.07515860e-02,-5.65520304e-02,5.26749466e-02,1.96629060e-02,-8.19535989e-02,5.87411076e-02,-1.09329510e-03,-6.26207896e-03,2.82120252e-02,1.51566681e-02
-5.67119461e-02,2.39354855e-02,-2.86738354e-02,-3.10304260e-02,-7.07810528e-02,7.50621608e-02,2.14872582e-02,-1.10214316e-01,2.32916047e-02,3.47926867e-03,-3.96147597e-02,5.61762048e-02,-3.80161780e-03
-8.74160291e-02,-3.93247569e-02,-5.22600004e-02,-4.20026563e-02,-4.15498029e-02,8.48321852e-02,2.87549454e-02,-1.18797066e-01,7.44929433e-03,1.67885317e-02,-6.32109042e-02,8.94296262e-02,3.66552025e-02
-4.10043067e-02,-5.65096222e-02,-6.35263815e-02,-4.38014396e-02,-4.90123221e-02,8.54344316e-02,5.95223856e-02,-1.18968197e-01,-2.85012065e-03,-2.02664524e-03,-7.81855691e-02,6.03812799e-02,2.06972870e-02
-2.14170461e-04,-2.03115822e-02,-6.69654025e-02,-2.34861478e-02,-2.97685716e-02,6.87389145e-02,6.42721035e-02,-7.13494305e-02,-1.61733477e-02,-1.02498881e-02,-8.26822524e-02,1.66802048e-02,1.94271897e-02
4.05201773e-02,-5.75436499e-03,-6.62075640e-02,-8.98730208e-03,-2.33656365e-02,2.70622711e-02,3.04780343e-02,-3.77037822e-02,-1.32510451e-02,-4.59550804e-02,-6.93089719e-02,6.96023949e-03,1.28377103e-02
3.23943294e-02,-2.95839156e-03,-6.61844030e-02,-1.80347352e-02,-2.01043496e-02,2.73637589e-03,1.05955406e-03,1.90781549e-02,-8.52381707e-03,-5.59514580e-02,-4.23006415e-02,-5.25758700e-03,1.36827605e-02
3.14534146e-02,-2.70577299e-03,-5.33131557e-02,1.04662908e-02,-1.02984642e-02,-4.41747458e-02,-7.10164801e-03,-1.67283437e-03,-2.56087539e-02,-6.55987594e-02,-4.86298834e-02,-5.54252735e-02,1.64784469e-02
7.40793895e-02,5.24155727e-02,-3.45548555e-02,2.54100219e-02,-1.63325032e-02,-3.96078784e-02,-4.76019193e-03,8.86136015e-04,-1.77900409e-02,-8.58250654e-02,-5.71757186e-02,-8.62288409e-02,-2.76868245e-03
2.78088284e-02,4.11053660e-02,-4.53390183e-02,2.39107622e-02,-2.56253349e-02,-4.30115886e-02,-6.41702652e-03,2.62489136e-02,-1.41886677e-03,-7.56995783e-02,-2.81039319e-02,-7.32828646e-02,2.51793263e-03
4.42862872e-02,9.44449225e-02,-3.92144440e-02,7.14184518e-03,-6.72771166e-03,-3.12086977e-02,-2.97592836e-02,2.03723070e-02,-3.15796963e-02,-3.65604317e-02,-1.90573541e-02,-6.22086934e-02,-2.90769683e-02
1.29744462e-02,5.00005890e-02,-4.88154366e-02,8.64375697e-03,2.02515502e-02,-2.38403816e-02,-3.31170640e-02,1.39798753e-02,-6.29423253e-02,1.43994621e-02,-7.43518928e-03,-1.67556418e-02,5.53885356e-03
5.72887569e-02,2.73816254e-02,-1.59769650e-02,-1.67844146e-03,3.47639317e-03,-6.09262481e-03,3.78893170e-03,1.72216862e-02,-5.29385129e-02,5.44070363e-02,-1.91312575e-02,-2.56422226e-02,-1.60908358e-03
4.73251677e-02,5.86300255e-03,-1.65654433e-02,8.82027229e-03,-4.21298816e-03,-1.23832941e-02,2.89557618e-02,2.89903049e-02,-5.39140783e-02,8.03708286e-02,-1.79117469e-02,-3.79753203e-02,8.98208813e-04
6.17067334e-02,1.11484967e-02,-1.11149823e-02,1.21577148e-02,9.30338004e-03,-2.36504902e-02,4.00420747e-02,2.75710464e-02,-5.45644501e-02,4.88926827e-02,8.18890191e-03,4.61940984e-03,-1.01490450e-03
5.25638982e-02,2.42278679e-02,2.69281004e-03,-1.33394217e-02,3.02570293e-02,-2.77919130e-02,1.98657459e-02,3.97655336e-02,-4.61705393e-02,1.53594741e-02,5.51521697e-03,2.21681968e-02,3.59562520e-03
4.15069181e-02,2.20677157e-02,4.88976083e-02,-4.53347903e-02,-7.96600050e-03,-5.59871903e-02,2.65610409e-02,1.74941057e-03,-3.19548765e-02,2.93372388e-02,1.41541913e-02,-2.51520561e-03,-3.21237026e-02
5.24929362e-02,2.37729905e-02,6.36134551e-02,-4.03456108e-02,-5.37982383e-03,-2.68011744e-02,3.93866081e-02,2.88476220e-03,4.84246071e-03,1.27437628e-02,-1.41779050e-02,-1.44801327e-02,-2.45597611e-02
-6.22026836e-02,-4.03805831e-02,2.65944595e-02,-4.52189156e-02,-2.11207432e-02,-2.48775415e-02,4.80687286e-02,-6.81507123e-03,6.96918342e-04,-3.30471515e-02,-1.87023852e-02,2.91950011e-03,2.35809969e-03
-6.22276052e-02,-1.14969081e-02,4.52403663e-03,-3.94764986e-02,2.07574049e-02,-4.72709068e-03,3.53346152e-02,1.68704380e-02,1.86929861e-02,-3.16440833e-02,-2.58340274e-02,1.55194959e-02,-2.46122316e-02
-5.74759073e-02,-2.38625672e-02,-4.30570013e-02,-4.76127038e-02,2.53481264e-02,8.87953611e-03,2.53344649e-02,2.29969223e-02,2.41037184e-02,-2.81638881e-02,-2.91799162e-02,1.65958619e-02,-1.92184446e-02
-7.64626064e-03,9.19111157e-03,5.39346042e-03,-5.05577034e-02,2.35848535e-02,4.46932601e-02,3.76427372e-02,3.88644521e-02,3.64634283e-02,-2.05116329e-02,-1.28241491e-02,1.93570933e-02,-3.13772636e-02
-1.15056982e-02,2.36823487e-03,-4.98071119e-03,-3.55659996e-02,-5.79958310e-04,2.28411923e-02,2.57879327e-02,3.20113499e-02,3.34301664e-02,-1.11388492e-02,-8.77475684e-03,-5.36422246e-03,-1.23325467e-02
-2.64695123e-02,5.80586587e-03,3.54992092e-03,1.78356979e-02,1.29359735e-02,6.17285870e-04,1.03070950e-02,1.55455279e-02,1.79959083e-02,-8.46468392e-03,2.39756089e-02,8.89844006e-03,-1.60092009e-02
-9.18124812e-03,7.92781466e-03,3.19936225e-03,-4.63896929e-03,3.00386288e-03,-7.94804550e-03,-1.02779764e-02,8.43557458e-04,-1.62711946e-03,-3.66418196e-02,2.47775288e-02,1.63524557e-02,-6.98771709e-03
-1.80594058e-02,-5.63127517e-03,4.46510547e-02,-3.48138993e-02,-2.58014277e-02,-2.47204876e-02,-2.43442376e-02,-4.27485474e-02,-3.32821097e-03,-2.09468054e-02,5.09913774e-02,4.36891036e-03,-2.46382904e-02
-4.76307013e-03,-1.25539968e-02,7.28515791e-02,-4.09340342e-02,-3.70457950e-02,-2.66618070e-02,-3.40831480e-02,-6.57988632e-02,-6.78898351e-03,-1.79261332e-02,4.21163093e-02,-2.73492322e-02,-1.31963361e-02
-6.51534127e-02,-2.86770353e-02,3.20753993e-02,-4.30721477e-02,-6.09213371e-02,-3.25396874e-03,-2.94456936e-02,-8.26684687e-02,2.72393315e-02,1.37974584e-02,8.41639898e-02,-9.75868254e-03,2.19652944e-02
-9.95809720e-02,-2.92164660e-03,4.25245643e-02,-3.81199082e-02,-6.83153386e-02,-4.24984028e-02,-5.55864160e-02,-3.93350765e-02,-9.05599016e-03,-1.50325306e-03,4.81232373e-02,-8.79028441e-03,5.21332434e-02
-1.12438790e-01,-3.75062824e-03,5.11947915e-02,-2.70624289e-02,-8.93577698e-02,-6.15948049e-02,-8.07671540e-02,1.89161211e-02,2.15678412e-03,1.21293720e-02,3.85358768e-02,6.19133425e-03,6.82451727e-02
-8.56098434e-02,3.04482871e-02,6.76425498e-02,-5.21255243e-02,-1.07017164e-01,-5.04865836e-02,-7.68056180e-02,4.18714863e-02,-2.11018359e-02,-2.73090339e-02,3.69375822e-02,2.51306754e-02,7.36662549e-02
-5.78460778e-02,5.95505134e-02,8.07585873e-02,-5.50257677e-02,-1.35536827e-01,-6.47891446e-02,-4.97546514e-02,7.19109119e-02,-3.32287135e-02,-3.87181566e-02,1.86922461e-02,4.23364160e-02,8.69616742e-02
-6.65927505e-02,3.53453840e-02,7.44914555e-02,-4.03950250e-02,-1.33086195e-01,-8.19000969e-02,-7.52372113e-02,7.22912393e-02,-3.73109934e-02,-1.16249203e-02,4.84567621e-02,5.59822894e-02,8.75175328e-02
-1.49780832e-02,4.92710496e-02,9.61218763e-02,-2.85462724e-02,-1.18025529e-01,-7.85170536e-02,-8.08872423e-02,9.41150117e-02,-5.39608620e-02,-3.71091255e-02,3.90326228e-02,7.21148239e-02,7.65663058e-02
-1.67777139e-02,2.41134710e-03,6.84557748e-02,-4.23269409e-02,-1.18222513e-01,-7.68085779e-02,-6.75115213e-02,7.90794053e-02,-2.80607998e-02,-1.57515670e-02,3.14781067e-02,5.90976443e-02,7.05884324e-02
2.79678747e-02,-1.41051441e-02,5.10889431e-02,-4.32214343e-02,-8.90537905e-02,-6.03058630e-02,-5.04544868e-02,3.68802870e-02,-5.21689980e-02,-3.86809530e-02,2.03210107e-02,2.70790810e-02,5.19298300e-02
2.28680265e-02,-2.47636763e-02,4.33665923e-04,-2.37450794e-02,-3.06004444e-02,1.80459465e-03,-1.66739477e-02,1.35437770e-03,1.14662855e-02,1.20015390e-02,4.99258756e-02,2.16897412e-02,4.00365245e-02
-8.59224791e-03,-2.51914619e-02,-2.07519676e-02,-4.56548888e-02,-2.67820337e-02,-4.79826239e-02,-2.67718542e-02,-7.81907982e-03,-1.30789234e-02,4.71416273e-03,2.41486590e-02,-2.97606408e-03,6.15884675e-02
-2.47948008e-02,-4.20302120e-02,-2.93049020e-02,-1.43164472e-02,9.14770754e-03,-5.28010310e-02,-2.16255928e-02,2.05385033e-02,3.41188633e-03,1.90328889e-02,2.91999940e-02,-3.34996199e-03,5.48464687e-02
-7.01217441e-03,-2.79442699e-02,-4.21448303e-02,-1.63580291e-02,2.69717293e-02,-4.93710432e-02,-1.56491825e-02,5.10929931e-03,-1.91235405e-02,-1.27677319e-02,1.13359671e-02,-2.82253078e-02,3.49535217e-02
9.77866391e-03,-6.98029059e-03,-6.39115569e-03,1.15195618e-02,4.33865568e-02,-5.77483544e-02,1.45502803e-02,9.21171831e-03,-9.58115936e-03,-4.93545624e-04,1.26577642e-02,-2.60310007e-02,1.80555251e-02
3.30442260e-03,-1.46946686e-02,-9.61745033e-03,6.84696634e-03,6.17266035e-02,-5.73162496e-02,-1.69724872e-03,-1.47383221e-02,-2.28382200e-02,-6.89334874e-03,3.44893102e-02,-5.35551349e-03,1.75939813e-02
4.04323407e-02,-5.89905972e-04,1.12341198e-02,2.89070468e-02,6.83822101e-02,-4.67605183e-02,-1.90955932e-02,-1.81634658e-02,-1.84910479e-02,-1.25770788e-02,2.25405961e-02,-4.29581280e-03,-4.37375315e-03
4.51467748e-02,-2.62532625e-02,-3.33126041e-03,3.44557611e-02,3.34673265e-02,-3.26681470e-02,-9.77171868e-03,-6.08921850e-03,1.17979815e-02,2.35139750e-02,8.84668492e-03,-1.67771215e-02,-1.45428357e-02
5.24491341e-02,-2.50977917e-02,-2.09423277e-02,5.82330400e-03,7.52636768e-03,-3.35980864e-02,-4.35797083e-02,-3.95581134e-02,-2.17990960e-02,-1.25323585e-02,-2.82114866e-02,-4.20348634e-02,-4.81228968e-02
3.76052559e-02,-9.63209496e-03,-2.39158786e-02,5.60481903e-03,1.59063903e-02,-1.46217083e-02,-3.78758958e-02,-2.29463183e-02,7.30210078e-03,-5.78207606e-06,-2.66736329e-02,-1.92231536e-02,-3.79449566e-02
2.14685453e-02,4.22474342e-03,2.11821529e-03,-5.20780534e-03,-2.18407215e-02,-1.70198578e-02,-5.01385466e-02,-2.03191448e-02,2.22484182e-02,1.64039867e-02,-3.43855884e-02,-2.58470809e-02,-3.48650388e-02
9.56269216e-03,-1.08814471e-02,-4.11998195e-02,-4.34992631e-02,-3.10916875e-02,9.03471439e-03,-3.49103720e-02,-1.15902634e-02,1.32545860e-02,-8.42704655e-04,-2.75940346e-02,-1.94386989e-03,-3.46414623e-02
1.29625384e-02,1.16098262e-02,-5.03291718e-02,-4.08037388e-02,-1.94118465e-02,3.54958831e-02,-1.82664145e-03,-1.74008483e-02,1.03851204e-02,-1.21011218e-02,-3.77476039e-02,2.25564913e-03,-2.73882256e-02
1.04366068e-02,2.37209886e-02,-1.35179170e-02,-2.22410533e-02,-1.43047648e-02,2.57183210e-02,1.00944203e-02,-1.85640278e-02,2.07866303e-02,2.20105700e-02,-4.54340896e-02,-9.35723646e-03,-3.01831137e-02
-6.22702454e-06,4.14044283e-02,-1.54808244e-02,-5.17525162e-02,-1.03930532e-02,3.65450102e-02,2.27776450e-02,-2.22128151e-02,-8.38970405e-03,1.26009265e-03,-4.25119117e-02,2.22157107e-02,-1.39948618e-02
6.10158681e-03,6.22644780e-02,-1.21715674e-02,-3.39484828e-02,-2.94555815e-03,5.17575705e-02,3.62355260e-02,-3.91288846e-02,-6.06677575e-03,1.15876956e-02,-1.80649605e-02,1.82771987e-03,-1.71396250e-03
4.08541229e-02,5.79636908e-02,2.03158767e-02,-6.21807806e-04,1.51679711e-02,6.23533445e-02,5.36666127e-02,-2.34210406e-02,9.45938519e-03,3.71351126e-02,-2.61177807e-02,-1.40738506e-02,1.55712346e-02
-1.74112837e-03,2.85029698e-02,2.12534346e-02,1.01902610e-02,3.69434154e-02,6.25944378e-02,3.22367030e-02,-6.07666957e-02,-2.07106121e-02,-7.90111767e-03,-1.79956943e-02,3.34480241e-03,4.85460053e-02
-1.89450035e-03,2.88595997e-02,7.75651157e-03,6.35006343e-02,6.47006402e-02,5.31843805e-02,3.26026985e-02,-5.30684750e-02,-2.30563002e-02,-3.89652809e-02,3.83474189e-03,5.06929710e-03,5.29034561e-02
-5.27115945e-03,1.55215887e-02,4.67896841e-03,8.82002712e-02,4.47930850e-02,3.33628198e-03,2.59840641e-02,-3.12431100e-02,-2.24763491e-02,-2.34604212e-02,9.43118374e-03,1.53910187e-02,6.84515012e-02
1.52227988e-02,-1.04286581e-02,-7.72346465e-03,9.10276511e-02,3.89577485e-02,3.45200606e-03,3.03217877e-02,9.26606910e-03,-4.19847764e-02,-2.44707620e-02,2.29207608e-02,3.71365003e-02,7.31057320e-02
-2.56693258e-03,-2.61219867e-02,-2.18432185e-02,9.11193601e-02,3.34859671e-02,-4.90248802e-04,4.58534769e-02,2.81345531e-02,-2.84857479e-02,-2.46772983e-02,6.19219935e-02,7.10659696e-02,7.72541908e-02
1.24285988e-02,-3.30215004e-02,-1.11034133e-02,8.69993022e-02,2.80135959e-02,-2.66201462e-02,8.98677239e-03,2.65134893e-02,-2.12523573e-02,-3.25941914e-02,2.36799594e-02,3.90446295e-02,2.18791114e-02
1.45523609e-02,-2.03944271e-02,-2.45502155e-02,4.96362693e-02,1.95518637e-02,-9.55755033e-03,2.59044420e-02,4.78936477e-02,-3.41190292e-02,-3.92811564e-02,3.10205847e-02,5.53072498e-02,-7.67786310e-03
1.84365253e-02,-1.94146813e-02,-3.34838047e-02,3.45364739e-02,8.46948023e-03,8.46005743e-03,8.76465182e-03,5.62292526e-02,-9.57294636e-03,-3.65686635e-02,4.29760138e-02,3.26179282e-02,-2.89925337e-02
4.80513485e-02,-8.65601264e-04,-1.14902676e-02,1.88386948e-02,2.63483081e-02,3.56463406e-02,2.02476115e-02,5.85696735e-02,3.48810411e-02,8.24584100e-03,3.90167371e-03,-3.99685177e-02,-8.34397062e-02
-5.01256916e-03,-3.02578373e-02,-2.76573891e-02,1.04216182e-02,5.50427579e-02,8.96935240e-02,4.56376438e-02,4.75769020e-02,5.25162682e-02,-2.12517018e-03,-5.40079094e-03,-3.94334533e-02,-5.87689635e-02
2.58809824e-03,-2.31654050e-02,-4.27124882e-02,2.07076093e-02,7.21806845e-02,1.04648377e-01,3.77449139e-02,-1.75727489e-03,3.87027687e-02,-3.74230267e-03,-3.50692688e-02,-9.40572031e-02,-1.09872285e-01
-2.01384840e-02,-3.39898972e-02,-2.86860358e-02,3.84876139e-02,7.21131943e-02,8.90413398e-02,2.64991226e-02,-2.63227423e-02,1.30131839e-02,1.19403900e-02,-4.95752919e-02,-6.92551320e-02,-7.90809215e-02
1.88453612e-02,7.60230494e-03,-2.68873451e-02,2.32975811e-02,6.15297210e-02,7.36012393e-02,2.10978135e-02,-3.16908084e-02,1.61904460e-02,4.96305832e-02,-6.90257913e-02,-6.94445452e-02,-6.25660358e-02
1.43640845e-02,-4.78188943e-03,-3.09430182e-02,-1.37679955e-02,-3.71382738e-04,5.08589727e-02,3.08295546e-02,-1.44699940e-02,1.16141753e-03,7.66108612e-02,-3.88733654e-02,-3.74839190e-02,-4.51557865e-02
1.76121840e-02,8.70953241e-03,-1.87828388e-02,-3.14052501e-02,-1.91017585e-02,-9.96633367e-03,-1.97402874e-02,-2.34416856e-02,1.00795273e-02,8.08579828e-02,-5.28145503e-02,-4.81099734e-02,-5.68434222e-02
1.17511685e-02,4.39474120e-02,9.21985630e-03,-4.81889312e-02,-7.75801075e-04,-9.75239438e-03,-5.31783640e-03,-5.54693047e-02,-4.21842790e-02,7.05194045e-02,-2.30541956e-02,-2.31828738e-02,-3.81980944e-02
1.29197376e-02,4.37096357e-02,2.17620527e-02,-5.30829523e-02,-2.28750483e-02,-4.99720403e-02,-3.81016040e-02,-4.60195450e-02,-2.91471170e-02,3.25044585e-02,-1.64441657e-02,8.38678569e-03,1.29964829e-02
3.26761289e-02,6.76523557e-02,5.16158575e-02,-5.72504113e-02,-2.45999108e-02,-3.09301778e-02,-1.53534189e-02,-1.47129639e-02,1.14750280e-02,4.52063355e-02,-1.12044074e-04,-2.14535970e-03,-1.74655863e-02
1.70342368e-02,3.45730572e-02,1.20299698e-02,-4.89674255e-02,-1.63752353e-02,-2.42562294e-02,7.04615202e-04,-1.43871231e-03,3.04473998e-02,1.64519823e-02,5.75160530e-03,3.10830392e-02,3.44397376e-03
-5.69494587e-03,8.21629970e-03,8.05730484e-03,-2.32708255e-02,-5.63775167e-03,-3.34327461e-02,3.23526118e-03,-3.37941463e-02,5.92226815e-03,1.52270030e-02,-1.63304855e-03,2.03154563e-02,-6.97995375e-03
-4.27924569e-02,-4.09905660e-02,3.29884666e-02,1.81254447e-02,5.18577093e-03,-5.45103895e-03,-2.05571099e-03,-4.71696712e-02,4.97388816e-04,2.21544503e-02,5.74427291e-03,5.66731915e-02,-1.03673670e-04
7.25603343e-03,-4.14120411e-02,2.63023279e-02,2.58965429e-02,1.07071926e-02,-5.49724561e-03,-9.60633234e-03,-4.05274006e-02,2.84499173e-02,2.24943515e-02,-2.69042770e-03,6.75298499e-02,-2.11815197e-02
3.04855801e-02,-7.13603783e-02,1.14242289e-02,8.17031746e-03,-1.95483438e-02,-5.68237530e-03,4.80582066e-03,-1.27270448e-02,1.27905330e-02,1.51476230e-03,-1.40510079e-02,6.97361883e-02,-3.25134316e-02
2.14714476e-02,-8.13136784e-02,2.47935401e-02,4.07078312e-02,-1.19603330e-02,-2.62969824e-02,4.73053380e-03,1.89950905e-02,3.99143153e-02,1.52129626e-02,1.41848321e-02,8.30489734e-02,-3.49481828e-02
1.84581609e-02,-6.16513752e-02,2.07152281e-02,1.96003147e-02,-2.78651010e-02,-4.29505527e-02,8.33886312e-03,6.98684462e-03,-1.06657919e-02,-3.34891649e-02,1.17799840e-02,5.93962144e-02,-4.12790514e-02
-2.26971497e-03,-4.30262656e-02,-1.38885309e-02,1.36652141e-02,-4.81309581e-02,-7.32344789e-02,8.39489620e-03,2.00378438e-02,1.94811596e-03,-6.03520131e-02,5.56809284e-03,3.25575564e-02,7.84914762e-04
4.23150627e-03,9.73515563e-04,-1.60445547e-02,8.16646668e-03,-2.72363359e-02,-3.39639159e-02,4.42227430e-02,5.15690995e-02,3.68090589e-02,-8.62855498e-02,1.87375894e-02,-1.07723257e-02,-2.56994636e-02
-6.28297952e-03,2.60818487e-02,-2.52580072e-02,-2.69871020e-03,-2.24985660e-02,-5.35964972e-02,1.58919132e-02,6.61813190e-02,6.96826477e-02,-9.27928611e-02,7.98079936e-03,-2.96997486e-02,-1.66767071e-02
-3.57816662e-02,5.97446315e-02,-3.66701959e-03,6.07474278e-03,-6.73537711e-03,-2.40016497e-02,3.95589238e-02,4.65705828e-02,4.73411294e-02,-1.20871460e-01,3.42110508e-03,-5.08875390e-02,1.86899144e-02
-5.51147334e-02,7.81882642e-02,-2.22649775e-02,-1.59538585e-02,-1.20127337e-02,1.44236917e-02,2.88882120e-02,2.34104707e-02,6.05794854e-02,-9.24430498e-02,1.19183301e-02,-3.57267608e-02,1.99642071e-02
-4.74551235e-02,8.26110462e-02,-3.31179012e-02,-4.72789874e-02,-3.03277618e-02,5.04048272e-02,2.87468862e-02,5.33159368e-02,9.24152843e-02,-5.75520811e-02,8.67817904e-03,-2.98277663e-02,2.73807180e-02
-6.59027299e-02,4.22436508e-02,-4.21830907e-02,-6.42048805e-02,-3.47030121e-02,4.23459808e-02,1.93984720e-02,5.13460582e-02,7.84373651e-02,-2.35097406e-02,-1.58410518e-02,-3.80930548e-02,3.85183695e-02
-8.41419813e-02,-2.22194231e-03,-1.90416458e-02,-1.12255654e-02,2.68563566e-02,7.78309323e-02,3.90108387e-02,4.49217005e-02,4.64823312e-02,8.69186261e-03,-6.15532155e-03,-4.83851666e-03,4.56499536e-02
-7.24727455e-02,-3.29927896e-03,-1.51064035e-02,-2.30070535e-02,-2.17011647e-03,5.33788780e-02,1.79950983e-04,1.73613580e-02,7.74508141e-04,1.95174927e-02,-1.61142241e-02,3.91803686e-03,4.97176582e-02
-7.38117406e-02,-2.47549088e-02,-2.56512857e-02,2.93011640e-03,-5.06421284e-03,4.50968067e-02,7.43067583e-04,2.94771263e-02,-2.60061830e-03,6.02252941e-02,-1.08249797e-02,1.48496801e-02,5.55378944e-02
-4.45951677e-02,-4.18215129e-02,-5.94909727e-02,1.87498731e-02,-1.74572469e-03,3.06376377e-02,1.38409375e-02,1.11766976e-02,-1.69516242e-02,7.08667619e-02,-1.29422836e-03,1.42815286e-02,3.86120026e-02
-6.19218124e-02,-3.92048184e-02,-3.70684166e-02,3.12776213e-02,1.21559339e-02,-2.56992957e-02,-3.07779413e-02,-3.25197503e-03,-5.47409569e-03,8.91203259e-02,-3.38781905e-02,-4.15437510e-02,3.16142459e-03
-4.38490591e-02,-2.35877416e-02,-4.18839821e-03,6.85550251e-02,3.95786445e-02,-8.18737917e-03,-2.80038694e-03,-2.91536795e-02,-2.76279859e-02,5.52174645e-02,-6.07368866e-02,-6.63892214e-02,2.00036879e-03
-2.29445692e-02,-5.25109539e-03,-3.92205619e-03,6.44875815e-02,5.89603722e-02,2.67915218e-02,1.17733311e-02,-4.97442682e-02,-3.70271674e-02,2.08318199e-02,-7.15591532e-02,-6.91863733e-02,-2.52014750e-02
-1.47913893e-02,2.37766806e-02,1.73445209e-02,3.68974476e-02,3.62004237e-02,3.77829746e-02,8.05330044e-03,-2.67649987e-02,-6.75418916e-04,3.43155299e-03,-8.88170132e-02,-8.44165495e-02,-5.15490576e-02
-2.65866782e-02,2.04712716e-02,2.69372279e-02,-1.72330758e-03,-2.39693492e-04,1.02433356e-02,-8.20769219e-05,-3.10902926e-02,3.39899359e-02,1.85544846e-02,-8.56108614e-02,-8.89378965e-02,-5.08931799e-02
-1.15926211e-04,1.52012669e-02,5.22222312e-02,1.87359453e-02,4.79682429e-02,4.42066010e-02,2.41886841e-02,-1.37695659e-02,4.45082066e-02,-4.01126698e-03,-7.44946397e-02,-8.08086577e-02,-5.33048418e-02
2.32395373e-02,2.52295817e-02,6.99810210e-02,-9.15281900e-03,1.42965805e-02,1.78746970e-02,-9.29199830e-03,-3.44892964e-02,3.99491634e-02,-1.52873254e-02,-4.30035575e-02,-3.79293014e-02,-3.57415014e-02
6.24466372e-02,1.64744960e-02,7.23061270e-02,-1.11148310e-02,1.07798672e-02,2.90507780e-02,-1.87112175e-02,-1.32585727e-02,7.09546243e-02,8.62729255e-04,-2.84490655e-02,4.09204003e-03,-2.14282770e-02
6.44853197e-02,-1.54275133e-02,2.18498713e-02,-6.79772757e-02,-4.38335891e-02,3.52550343e-03,-1.40100204e-02,9.67802051e-03,9.60396700e-02,2.21448189e-02,2.51953704e-02,6.04141420e-02,1.08073372e-02
6.22152819e-02,-3.31402117e-02,2.58892365e-03,-1.01346070e-01,-5.19273126e-02,-1.82506577e-02,-4.05184724e-02,-4.98568927e-04,9.40259474e-02,4.41841192e-02,3.02837455e-02,3.84661736e-02,7.51410721e-03
9.86476755e-02,-2.18915615e-02,-1.14351372e-03,-8.34172831e-02,-4.58013929e-02,-2.94573003e-02,-3.50748796e-02,-3.34577170e-03,6.51730015e-02,2.95536270e-02,5.44225787e-02,5.49417966e-02,1.01404265e-02
1.00170839e-01,-3.81372617e-02,-2.83706935e-02,-7.93575147e-02,-2.95058897e-02,-2.53392613e-02,-2.41523878e-02,-9.95087627e-04,3.71697292e-02,1.80687572e-02,2.94523514e-02,3.87837611e-02,2.83750451e-02
1.02979870e-01,-1.24782945e-02,-1.26025832e-02,-6.11952098e-02,-1.94151420e-02,-2.28784158e-02,-2.58881388e-02,-1.37918026e-02,-1.12568843e-02,-4.51883856e-03,-1.22880824e-02,-7.83136938e-03,2.92207324e-02
8.16799228e-02,3.61993902e-03,2.87342536e-04,-1.03202268e-02,-1.49240213e-02,-1.07508766e-02,-5.42015840e-02,-3.42060906e-02,-3.14122747e-02,-2.67617081e-02,-2.15430760e-02,-2.67071348e-02,7.40318502e-02
4.54000217e-02,3.81328356e-03,4.29628356e-02,4.11422180e-02,-3.33113479e-03,1.65340474e-04,-5.98388699e-02,-4.18590532e-02,-5.13926378e-02,-2.19050484e-02,-1.00645039e-02,-2.37260471e-02,7.72008333e-02
4.40246350e-02,-6.85465090e-03,6.76272964e-02,5.32662159e-02,-1.76891786e-02,3.78453241e-03,-6.34225845e-02,-5.60736838e-02,-1.06019783e-01,-2.44267381e-02,-1.77886075e-02,-1.41487502e-03,8.33435837e-02
3.13157165e-02,-1.79149027e-02,7.43744635e-02,7.98375964e-02,-5.88044051e-03,-4.31394424e-03,-8.15503944e-02,-6.87670148e-02,-1.13550384e-01,-2.28124970e-02,4.91137599e-03,1.81595065e-02,8.46769900e-02
-3.74855088e-02,-4.18552585e-02,3.87712436e-02,9.43065389e-02,1.23017856e-02,3.68333190e-02,-4.03219833e-02,-2.80937044e-02,-5.27483149e-02,1.08355246e-02,7.77817694e-02,5.31696953e-02,7.28638834e-02
-8.08478179e-02,-6.43597781e-02,-1.31385910e-03,8.44341508e-02,3.31888361e-02,4.61644063e-02,-7.18465361e-02,-3.41274369e-02,-3.55873430e-02,1.12528806e-02,8.96529332e-02,6.02653505e-02,5.00354317e-02
-5.83441648e-02,-4.32137006e-02,-8.58953848e-03,1.02270250e-01,3.58487418e-02,2.30887408e-02,-6.24563651e-02,-1.70067551e-02,-1.69626197e-03,-3.66271689e-02,9.92840805e-02,8.26115153e-02,4.27197608e-03
-4.82112904e-02,-4.22309041e-02,-3.81245550e-02,7.45699496e-02,4.52355473e-02,-2.81085579e-03,-5.41244259e-02,-2.50014759e-03,5.66602879e-02,-3.99726485e-02,8.18227236e-02,8.72066366e-02,-2.38582360e-02
-5.46673074e-02,-2.04085719e-03,-3.97699645e-02,2.82953674e-02,4.51062253e-02,7.11541208e-03,-2.97606088e-03,3.73839873e-02,1.03010171e-01,-6.26565642e-02,1.30589427e-02,4.81421471e-02,-4.30376025e-02
-6.50542425e-02,1.20807529e-02,-4.60049373e-02,1.53327652e-02,2.91324699e-02,-1.89660590e-02,-2.31478405e-02,5.93588051e-02,1.10860301e-01,-1.08187840e-01,-1.80692896e-02,1.81959073e-02,-8.95932683e-03
-6.85837967e-02,2.68184305e-02,-2.77411268e-02,-2.58385359e-03,-5.02587512e-03,-4.39137449e-02,-1.61332517e-02,6.20960267e-02,8.52258364e-02,-1.14650341e-01,2.99862099e-03,2.98795251e-02,-2.16182798e-02
-4.80875609e-02,2.98743289e-02,-2.63545497e-03,-1.87012213e-02,-1.24921077e-02,-3.35570055e-02,-2.25967542e-02,3.77032878e-02,4.23552013e-02,-1.11265961e-01,-2.29185411e-02,1.54133889e-02,-3.47953430e-02
-2.85419694e-02,3.14405252e-02,1.31474595e-02,-6.25042003e-02,-4.08446110e-02,-7.57596273e-02,-3.98971449e-02,1.54612160e-02,8.09646856e-03,-1.10816523e-01,-1.10622967e-02,-1.41177501e-02,-5.28923703e-02
-5.20931212e-02,-5.09972464e-03,-2.73027725e-02,-8.78776059e-02,-3.38347509e-02,-4.57498042e-02,-2.89773443e-02,5.36351993e-03,-5.43672794e-03,-4.78984356e-02,3.46251614e-02,8.49244273e-03,-2.76981058e-02
-7.20164938e-02,-1.50788058e-02,-4.82187144e-02,-8.34098396e-02,-8.13497845e-03,-3.55055359e-02,-4.46300356e-02,1.73165888e-03,-7.02286671e-03,1.60350404e-03,6.54971731e-02,2.87025814e-03,-4.34971385e-02
-2.79674894e-02,-3.48816987e-02,-3.86356839e-02,-4.85327408e-02,1.16466770e-02,-2.51133528e-02,-2.49241589e-02,-1.53904652e-02,-2.47521133e-02,6.89139596e-03,8.29101524e-02,1.15264098e-02,-5.00959013e-02
2.76043807e-02,-3.99539019e-02,-3.15622815e-02,-2.57533659e-02,3.93242993e-02,-2.70459831e-02,-1.57020898e-02,-6.50874136e-02,-3.01894930e-02,3.85899695e-02,1.04864096e-01,2.61242253e-02,-4.68034071e-02
8.99302058e-03,-2.66542241e-02,-1.52487816e-02,-2.27005572e-04,5.35439399e-02,-2.42332519e-02,-2.11468054e-02,-8.01361072e-02,-2.53497090e-02,2.24191416e-02,4.50699140e-02,3.51150999e-03,-6.08421091e-02
-3.19738398e-02,-5.74789455e-02,-2.14537683e-02,-1.59724334e-02,1.78111994e-02,-2.52340167e-02,-1.23240421e-02,-6.98259708e-02,-2.83877322e-02,2.24033496e-02,2.06545160e-02,-1.64742169e-02,-4.96566159e-02
-5.65522217e-03,-2.38546544e-02,-1.88291822e-02,-7.80888643e-03,2.70963875e-02,4.79272550e-03,1.09821531e-02,-6.96541699e-02,-7.43089107e-02,2.36015210e-02,5.70505211e-02,1.68278811e-02,-2.77604843e-02
7.05022165e-03,-3.30994777e-03,3.62480616e-02,3.92973480e-02,4.29496467e-02,2.50504237e-02,8.94064332e-03,-8.40577075e-02,-6.54358881e-02,1.82958485e-02,5.37502464e-02,4.58428354e-03,-3.25803669e-02
4.75496662e-02,2.73690513e-02,6.25529280e-02,2.96414856e-02,2.67806720e-02,3.84435580e-02,4.07684529e-02,-6.10807497e-02,-3.39433771e-02,-9.50800294e-03,2.99203832e-02,-7.94260412e-03,-3.21001578e-02
2.90702447e-02,1.60735824e-02,4.87325008e-02,2.80253663e-02,1.71122411e-02,5.59467899e-02,8.87789276e-03,-6.88549402e-02,-7.14303230e-02,-3.27825693e-02,1.70342795e-02,3.06766253e-02,3.45361304e-02
4.13756403e-02,4.36851572e-02,3.39960282e-02,4.10122133e-02,2.28506861e-03,4.09150766e-02,-7.96510932e-03,-3.93400382e-02,-3.32292291e-02,2.03623966e-02,3.48572692e-03,8.85203801e-03,3.77425525e-02
6.75673916e-02,-2.85931595e-02,-2.05221474e-02,-1.07750767e-02,-2.87933437e-02,1.36132455e-02,-2.62176847e-03,1.43880008e-02,-7.09189489e-03,9.27141362e-03,9.38481046e-04,-5.19641444e-03,4.78673154e-02
1.09083592e-01,-6.24073198e-02,-5.09677321e-02,-3.02831798e-02,-2.85313799e-02,1.20785969e-03,2.58761363e-02,4.43438970e-02,1.72729481e-02,2.62256245e-02,2.05839983e-02,6.27643196e-03,7.80949790e-02
1.03819112e-01,-6.43268889e-02,-1.60146415e-02,-5.95478246e-03,-3.34690825e-02,-3.51945416e-02,2.86729421e-02,6.06073991e-02,2.10888459e-02,1.77664803e-03,-6.46066193e-02,-5.74949399e-02,6.13316712e-02
8.63277668e-02,-9.38774315e-02,-3.95319467e-02,-9.74698338e-04,-3.92628485e-02,-1.19501390e-02,5.82091836e-02,8.39290421e-02,1.69286888e-02,1.43506895e-03,-9.35176936e-02,-7.02525602e-02,4.11897526e-02
7.92185455e-02,-8.83777348e-02,-5.02735804e-02,-2.01294389e-02,-3.99534215e-02,5.85307379e-03,7.86605877e-02,1.15838274e-01,3.29566456e-02,9.04825765e-03,-7.64867186e-02,-3.99300187e-02,2.46685829e-02
6.62217429e-02,-5.45743439e-02,-2.55996390e-02,-4.67214658e-03,-3.31311528e-02,-1.11486938e-02,6.49702710e-02,9.71189648e-02,6.70040313e-02,3.88235346e-02,-5.82460790e-02,-3.17340698e-02,1.23817269e-02
1.60145801e-02,2.08569650e-03,2.24368682e-02,-3.75962134e-03,1.86052411e-02,1.07894589e-02,9.68013387e-02,1.81160263e-01,9.68049997e-02,5.34561586e-02,-5.19963971e-02,-1.25871504e-02,5.22458615e-02
-5.30347993e-02,4.30298021e-02,5.09445036e-02,5.87189754e-02,8.02719391e-02,4.98124737e-02,9.08777841e-02,2.13059833e-01,1.05600968e-01,7.32531956e-02,-1.52635691e-02,2.01850539e-02,6.97308782e-02
-1.00012191e-01,1.12801626e-01,3.92673402e-02,7.67286427e-02,1.03852779e-01,3.89115680e-02,-2.89831578e-03,1.84330095e-01,9.58327659e-02,1.09440359e-01,2.42822042e-02,2.59715753e-02,7.91723134e-02
-1.12747311e-01,1.01653343e-01,2.44681145e-02,4.90512507e-02,1.18619230e-01,1.01030464e-02,-7.81254651e-02,1.44953412e-01,7.71556398e-02,8.33594535e-02,2.66792849e-02,-1.04582029e-02,7.91310937e-02
-7.56757000e-02,1.05391624e-01,-1.27394745e-02,3.19634465e-02,1.25573135e-01,-1.61033712e-02,-1.09361780e-01,8.95456590e-02,3.34082794e-02,6.10970745e-02,7.70563113e-02,-2.41840935e-04,1.09792935e-01
-5.55349346e-02,1.24167754e-01,3.43870019e-02,3.84528598e-02,1.38721089e-01,-3.42464852e-02,-1.22205079e-01,5.85938339e-02,1.28370365e-02,7.43547979e-03,2.85651576e-02,-5.04757837e-02,8.29973701e-02
-2.00841557e-02,1.01284896e-01,1.66656619e-02,3.58118275e-02,1.24644448e-01,-3.44180628e-02,-1.08191332e-01,8.08498123e-03,-1.87509472e-02,-1.81093359e-02,4.41611291e-03,-4.51318019e-02,6.19196769e-02
2.05759387e-02,4.53256161e-02,2.11880925e-02,-6.05437062e-03,7.48706118e-02,-4.09458862e-02,-8.47206388e-02,-3.75441814e-02,-1.43896383e-02,-6.22061265e-02,-3.06791301e-02,-4.70792094e-02,3.39362324e-03
5.53329868e-02,-1.50914243e-03,8.94006244e-03,-3.29327027e-02,5.50312997e-05,-6.03303656e-02,-7.21591894e-02,-1.08631599e-01,-8.19381477e-03,-7.68701435e-02,-3.01820186e-02,-1.54962061e-02,-1.86124520e-02
6.12623051e-02,-1.58224019e-02,2.59954825e-02,-4.10767513e-02,-5.88515269e-03,-5.91379204e-02,-1.19936149e-02,-5.62644405e-02,-2.49657997e-02,-9.60374744e-02,-5.40590659e-02,-1.31561872e-02,-1.34023840e-02
2.31818536e-02,-5.95882675e-02,1.38577878e-02,-2.46211281e-02,-4.78285832e-02,-7.84623981e-02,2.31415010e-03,-3.96676169e-02,9.33927124e-03,-4.68294919e-02,-3.87017905e-02,9.80570388e-03,-4.60400910e-02
-2.27155338e-02,-9.89594905e-02,-4.68831535e-02,-4.72152265e-02,-7.53700220e-02,-6.42264938e-02,-1.36123182e-02,-1.11269419e-02,2.11605277e-02,-2.85608672e-02,-1.56700320e-02,3.06481658e-02,-3.24809652e-02
-3.22092430e-02,-9.30441856e-02,-4.02639278e-02,-2.57910843e-02,-6.83347224e-02,-3.07722556e-02,-1.79518389e-02,-7.37026707e-03,3.58475332e-02,-1.29606701e-02,-6.94408145e-03,2.52375868e-02,-1.60963065e-02
5.66954726e-03,-7.18669722e-02,-4.98773802e-02,-1.61350953e-03,-7.42315364e-02,-1.31310571e-02,-7.40073608e-03,-1.83389877e-02,2.41293847e-02,7.78567395e-03,4.83365870e-03,4.08449628e-03,1.72246886e-02
3.67722081e-02,-4.21277614e-04,-5.69174241e-02,7.65147171e-03,-3.30629419e-02,1.40339519e-03,-2.89329740e-02,-2.59585580e-04,3.52831830e-03,-1.53713151e-02,3.55704626e-03,2.55903287e-03,1.37504765e-02
4.18095810e-02,3.32256811e-02,-5.74747100e-02,2.76078424e-02,-8.30730029e-03,1.88376283e-02,-1.40475941e-02,1.59973181e-02,1.76569413e-02,3.01650621e-03,1.68047318e-02,-3.56193632e-03,2.65864246e-02
5.51324105e-02,7.03194762e-02,-3.76559746e-02,3.97197977e-02,1.01111745e-02,6.03556678e-03,-1.26426263e-02,1.02181210e-02,1.19453198e-02,-1.26595328e-02,1.89951941e-04,-1.68447575e-02,2.47829479e-02
4.00473417e-02,6.76121160e-02,-2.57320243e-02,3.01723348e-02,2.07455900e-02,1.80662830e-02,-9.42453344e-03,8.50470742e-03,2.01596018e-02,5.05048394e-03,2.36527938e-02,1.55777153e-03,3.69106036e-02
3.97952617e-02,7.77042586e-02,5.80033088e-03,4.33362445e-02,5.76363580e-02,3.44801533e-02,2.31955530e-02,9.90722602e-03,2.90636058e-03,-5.18149431e-03,2.48793978e-02,6.24548815e-03,3.84201000e-02
9.40562046e-03,6.78079640e-02,2.49905773e-02,3.88594996e-02,2.86559227e-02,-1.07567831e-02,2.65251557e-03,-6.45215884e-03,8.29612645e-03,2.09398374e-02,1.87356251e-02,8.39772350e-03,2.27409955e-02
-3.62531657e-02,1.96331612e-02,3.64224272e-02,1.73509324e-02,2.50072116e-02,9.50466776e-03,-1.03377956e-02,-2.46396379e-02,-3.64091426e-03,3.86095524e-02,2.24711270e-02,1.51828117e-02,1.37527404e-02
-4.56791927e-02,1.24810922e-02,3.30226239e-02,-3.40607035e-02,-7.69807084e-03,2.49754876e-02,-6.79260996e-03,-1.61446462e-02,1.74781847e-02,3.79836398e-02,9.99579311e-03,3.30383284e-02,3.73315118e-02
-4.80057434e-02,-1.16653552e-02,5.72327637e-02,-4.21509760e-02,-2.71697449e-02,3.86121369e-02,-6.42639617e-04,-5.01025169e-02,2.12559736e-02,5.96096939e-02,-1.27730834e-02,5.58369751e-03,2.74441071e-02
-2.72345018e-02,-2.08920818e-02,3.19260125e-02,-7.88563419e-02,-4.99923375e-02,2.67987898e-02,-8.11109322e-03,-3.50937788e-02,1.75836244e-02,4.22804873e-02,-3.56029075e-02,4.55828352e-03,1.96179975e-02
-4.04176995e-02,-3.46058246e-02,2.30173374e-02,-7.63454366e-02,-3.12878190e-02,5.92791088e-02,7.32030197e-03,-3.08514659e-02,2.38335131e-02,3.47860821e-02,-3.50879002e-02,4.05232910e-03,2.73932754e-02
9.16971379e-03,-2.75168043e-02,1.01630983e-02,-5.45800028e-02,-4.97079186e-02,4.18744540e-02,-4.16575430e-03,-3.37423745e-02,1.17786058e-02,2.49417891e-02,-5.24137176e-02,-1.02420970e-02,2.01303903e-02
5.49566642e-03,-3.50721894e-02,-1.54255293e-02,-4.09663180e-02,-2.27096613e-02,6.14718278e-02,1.80142203e-02,8.08135618e-03,3.09100221e-02,1.07692552e-02,-2.95115411e-02,-5.28621457e-03,-6.39170624e-03
1.66013798e-02,-6.14897547e-02,-2.17623890e-02,-8.87955832e-03,-2.44754331e-02,4.76817569e-02,2.09184898e-02,2.35400894e-03,1.32406205e-02,8.36019939e-03,-2.62703809e-03,-3.72957307e-03,-6.05707395e-03
1.75140747e-02,-5.41414625e-02,-3.41697890e-02,1.51550901e-02,-2.25980616e-02,1.91476476e-02,4.40977856e-02,2.80736129e-02,1.20164586e-02,-2.63777139e-02,-6.50792034e-03,-4.49787259e-03,-1.57541163e-02
-3.90586009e-02,-6.74657331e-02,-1.80002839e-02,6.20822304e-02,-2.91984189e-02,1.91871807e-02,2.01195829e-02,4.84580826e-03,1.46350073e-02,1.34302710e-03,4.28563950e-02,1.82822434e-02,-4.33749182e-02
-2.07146678e-02,-8.91528841e-03,-1.44017642e-02,4.70756235e-02,-3.20941695e-02,2.58661640e-02,3.83944899e-02,1.53249511e-02,-1.04940012e-02,-3.04177169e-02,3.92737869e-02,9.62072658e-03,-6.17982231e-02
-5.14445948e-03,2.71840594e-02,3.83667383e-02,4.96033703e-02,-1.82830727e-02,4.30344582e-02,2.08642453e-02,-3.81784197e-02,-2.60564448e-02,-3.50553988e-02,4.84332050e-02,1.80931753e-03,-7.32500909e-02
-5.31998360e-02,5.05094896e-02,8.47356834e-02,3.95108528e-02,-3.14048637e-02,2.09271886e-02,1.48026045e-02,-3.47452142e-02,-2.56465477e-02,-2.02220767e-02,6.00614951e-02,-2.56786427e-04,-8.58331702e-02
-7.30609815e-02,3.99189891e-02,8.28898755e-02,3.14522795e-02,-1.40153136e-02,3.69097668e-02,2.49846850e-02,-3.25761043e-02,-2.40325184e-02,3.89102187e-03,6.08779717e-02,1.60596801e-02,-5.26165349e-02
-4.28390150e-02,5.34686202e-02,8.04102999e-02,1.56426424e-02,-6.08092277e-03,2.62257452e-02,-1.03476277e-02,-6.00350072e-02,-4.25440535e-02,2.68521575e-03,3.68764813e-02,3.10029449e-02,-3.92106977e-02
-4.10426660e-02,4.03446067e-02,6.30291447e-02,1.20056313e-02,-6.44447629e-05,3.07981502e-02,-9.05527682e-03,-3.54197831e-02,-1.92557253e-02,-1.51047645e-02,1.49581893e-02,1.82526731e-02,-2.25570023e-02
-4.43663226e-02,-2.76723277e-03,3.01649146e-02,1.20622115e-02,1.03038176e-02,4.66922776e-03,-3.15988141e-03,-1.08070901e-02,1.31725059e-03,-1.56986869e-02,3.58034617e-03,7.67969900e-03,-3.07813875e-02
-4.62509291e-02,-4.42215463e-02,-1.31432981e-02,-3.11853189e-03,3.37777446e-04,-5.19939869e-03,2.55829694e-02,3.88466932e-02,2.38427863e-02,-2.60167420e-02,-2.28250694e-02,1.45211095e-02,-5.34779001e-03
-4.69536187e-02,-6.29689152e-02,-5.20952402e-02,-5.25596354e-03,-1.26629143e-02,-3.83127532e-02,1.78487188e-02,3.38204342e-02,3.67686504e-02,1.61284368e-03,-1.52912228e-02,2.92755892e-02,-6.20992718e-03
1.95291071e-02,-3.61875532e-02,-7.72727165e-02,-9.27483725e-03,-7.84376231e-04,-4.77276130e-02,2.44773786e-02,3.73406554e-02,6.02042368e-03,-1.12300688e-02,-1.32597513e-02,-2.01470093e-03,-2.15801351e-02
6.41007713e-02,-2.08108309e-02,-6.38770810e-02,-4.36239582e-02,6.25485500e-03,-4.13165526e-02,3.22800482e-02,3.41519488e-02,1.30821919e-02,-3.63563875e-02,-2.88525278e-03,-4.53428414e-03,-1.76114165e-02
3.79645633e-02,7.59305439e-03,-2.19668037e-02,-2.34730297e-02,3.86046952e-03,-6.16307109e-02,2.33343673e-02,2.92887572e-02,2.27364092e-02,5.22242483e-03,1.72886070e-02,-2.88371855e-02,-3.99230778e-02
3.73139284e-02,1.99183584e-02,-1.90520358e-02,-3.47954098e-02,-9.22171833e-03,-4.58310835e-02,2.26951950e-02,1.80488149e-02,1.53340513e-02,4.39471478e-02,3.68885625e-02,-2.86820956e-02,-3.11966470e-02
3.28972379e-02,4.91278740e-02,-5.34727615e-05,-4.41350870e-02,3.44398654e-03,-2.20650615e-02,-1.35598829e-02,-2.59340891e-02,1.46273816e-03,2.88169250e-02,4.27013592e-02,-1.22717417e-02,-2.73717170e-02
4.48521149e-02,5.71950386e-02,-8.72924236e-03,-5.41815857e-02,-2.59075061e-02,-1.37050410e-02,-2.44066461e-02,-6.47813222e-02,-2.27823083e-02,1.59860793e-02,3.46150752e-02,-2.39027937e-02,-2.52158757e-03
9.71459676e-03,3.03562612e-02,5.23618264e-03,-4.93138732e-02,5.60785717e-04,-9.46179665e-03,-2.47039641e-02,-7.60832796e-02,-8.93798718e-03,2.85459234e-03,3.69208921e-02,-1.33707936e-02,-2.02054049e-02
-4.13959595e-02,-6.38525190e-03,3.94693774e-02,-2.13650611e-02,-1.35885170e-02,2.37721717e-02,3.64073806e-03,-4.16538187e-02,-4.43243924e-03,-7.99328631e-03,1.63501977e-02,-2.91888788e-02,-3.01148299e-02
-4.09204305e-02,-1.60185205e-02,-4.96349711e-03,-5.65733512e-03,1.14971804e-02,5.05108291e-03,3.07038274e-03,-4.28162843e-02,-3.77329604e-02,-6.09910311e-03,1.53774128e-02,-8.33572478e-04,-4.66062079e-02
-2.12148548e-02,-4.69072096e-02,-9.11013950e-03,1.14227807e-02,9.85519814e-03,9.87795291e-03,-2.56235287e-03,-3.78237641e-02,-6.36909624e-02,7.10162929e-03,1.46869700e-02,-8.78980043e-03,-3.56919829e-02
-9.05582733e-05,-4.67038316e-02,1.48799622e-02,2.40365515e-02,3.34492180e-02,-2.01381381e-02,-3.43464734e-03,3.87561942e-03,-5.36429126e-02,-5.52664478e-03,2.68065981e-02,1.20739388e-02,-2.01748156e-02
1.61962025e-02,-7.08185263e-02,5.65425470e-03,5.33882168e-02,4.87483193e-02,-2.15327404e-02,4.99061020e-02,4.46007146e-02,-2.76561603e-02,5.75993665e-03,-2.72199563e-04,-1.92903497e-02,-1.80138725e-02
5.28376648e-02,-4.98348386e-02,3.08547556e-04,5.95537786e-02,4.13144497e-02,-3.15363311e-02,3.86206576e-02,4.37762351e-02,-1.66462181e-02,1.15845550e-02,-1.34205118e-03,-6.87704214e-03,9.97787202e-04
5.31112539e-02,-2.94056282e-02,5.51057927e-03,5.01356545e-02,3.32593419e-02,-2.90419695e-03,4.48516683e-02,6.47005568e-02,7.33246172e-03,-7.83289466e-03,-2.43667182e-02,-9.13515067e-03,1.96025497e-03
7.98305857e-02,-1.75356697e-02,-1.78376406e-02,4.21538130e-02,-2.04088084e-03,1.43937935e-02,4.14050438e-02,5.39864624e-02,1.39907209e-02,-1.13524222e-03,-1.57986200e-02,1.55815189e-02,1.78996506e-02
9.77547527e-02,-2.81597007e-03,-9.67645574e-03,1.93913168e-02,-3.11434396e-02,2.59605453e-02,2.91065150e-02,3.08890349e-02,2.85855038e-02,-1.20673050e-02,-2.95955836e-02,3.68617192e-02,1.17794267e-02
1.11154248e-01,1.45270507e-02,3.88744893e-02,2.36542379e-02,-5.75613884e-02,3.58311712e-02,1.76093149e-02,2.34006666e-03,1.88368662e-02,-3.88012118e-02,-4.55839926e-02,-6.24146776e-03,-9.17337114e-03
7.27203242e-02,3.14002533e-02,-4.34972370e-03,1.09583914e-02,-4.51733381e-02,4.59672429e-02,2.12592693e-02,-1.42356848e-03,8.18695629e-03,-3.61671435e-02,-3.80392307e-02,1.24113182e-03,-2.32684804e-02
3.11337138e-02,3.29104854e-02,-3.32816231e-02,-1.37918728e-03,-5.04672175e-02,6.59731738e-02,4.27771205e-02,-5.93411232e-03,-2.00418000e-02,1.35657483e-02,-5.40133703e-02,-3.57178840e-03,-2.50263013e-02
-5.73820331e-03,8.25783470e-02,-2.15521037e-02,1.73194325e-03,-2.07165044e-02,2.55258028e-02,1.85416350e-02,-2.51425580e-03,-2.95554650e-02,3.93627563e-02,-6.79041899e-02,-2.87067491e-02,-4.72877538e-02
-5.31920125e-02,7.92880909e-02,-3.53869565e-02,-2.65202587e-02,-1.13332910e-02,3.07092988e-02,8.13531943e-02,2.08094604e-02,-1.83342933e-02,5.27305915e-02,-7.08961509e-02,-3.30669111e-02,-4.86595670e-02
-3.91855864e-02,9.21485287e-02,-6.06454173e-02,-1.68097944e-02,1.27080156e-02,-9.11094240e-04,8.82669882e-02,-6.59447119e-03,-2.70431656e-02,7.28289366e-02,-7.55093209e-02,-3.06659971e-02,-1.62388078e-02
-6.65192638e-02,8.73197425e-02,-7.46031241e-02,-4.94224499e-02,2.31127664e-02,-1.01545542e-02,9.88353714e-02,2.17659115e-02,-2.77179863e-02,6.15807450e-02,-9.00595585e-02,-4.12589285e-02,-3.19871816e-03
-8.03772821e-02,3.63937661e-02,-9.74909715e-02,-5.45305904e-02,2.01873542e-02,-2.75365707e-02,8.94271831e-02,3.66468295e-02,-9.71723966e-04,7.85560273e-02,-5.81171434e-02,-4.62928785e-03,3.67661037e-02
-1.05061018e-01,1.01836515e-02,-1.02136665e-01,-6.55419939e-02,-1.14945068e-02,-2.35385394e-02,5.95594206e-02,4.77047941e-02,1.17132763e-02,4.46526903e-02,-5.59209523e-02,2.68139271e-02,3.81536787e-02
-7.11953722e-02,-1.85972561e-02,-7.76122659e-02,-4.78037655e-02,-4.17254070e-02,-4.35748446e-02,9.21226709e-03,2.47602601e-02,5.36680130e-03,2.76258463e-02,-4.09713365e-02,2.59576185e-02,6.51474266e-02
-5.44780548e-02,-3.31451840e-02,-4.75825257e-02,-4.13612362e-02,-3.45727537e-02,-2.35286460e-02,-1.49837902e-02,2.97440160e-02,6.49164159e-03,3.88299443e-03,-7.09784559e-04,3.92015861e-02,7.00584417e-02
-3.13696290e-02,-3.63499750e-02,-8.90550177e-03,-1.11567521e-02,-4.04714328e-02,-7.53893905e-03,-4.05305016e-02,2.96507060e-03,-1.64517681e-02,2.85467160e-02,1.10144757e-02,4.21113792e-02,7.85290055e-02
-2.10063013e-02,-2.94654006e-02,9.81522895e-03,6.56927379e-03,-2.51504672e-02,-7.12353416e-03,-3.90132291e-02,1.20212513e-02,-1.27273791e-02,3.42222585e-02,-2.24721709e-03,3.79975947e-03,4.85439364e-02
-1.18263590e-02,8.54761399e-04,6.74077167e-02,1.60627839e-02,-4.07562024e-02,-2.60098418e-02,-2.27129083e-02,3.55221111e-03,-1.32078561e-02,3.86846638e-02,1.57954307e-02,2.18880002e-02,3.93866965e-02
-7.12320676e-03,-9.30795072e-03,5.51090337e-02,2.26096092e-02,-1.22405571e-02,1.29383038e-03,1.54319918e-02,2.43311595e-03,3.91083825e-03,5.25127416e-02,1.38969330e-02,-3.71848271e-03,2.54958122e-03
-1.33715613e-02,-5.26673193e-03,6.19528872e-02,2.51326691e-02,-2.01306322e-03,-2.45492158e-03,-6.71710476e-03,-9.53583865e-03,9.48952646e-03,4.64152613e-02,2.43004381e-02,-1.17336795e-03,-1.40200291e-02
4.41785306e-03,-2.86001468e-02,3.22159957e-02,6.38903022e-03,8.86612173e-04,-1.26746842e-02,1.97147437e-02,-1.31855841e-02,1.72083043e-02,3.15615128e-02,2.25938609e-02,2.17467300e-03,-1.78420021e-02
-2.45341433e-02,-4.20391812e-02,3.56272481e-02,-5.96360348e-03,2.48501302e-03,3.30822414e-03,1.74364215e-02,-5.04322647e-03,4.44371129e-02,7.81920717e-03,2.95856613e-02,2.10648759e-02,-4.49495141e-02
-1.01616742e-02,-1.08464277e-02,9.06940848e-03,1.56877945e-03,-2.91133882e-02,-2.21633625e-02,-4.55313668e-03,-8.93125273e-03,3.39843449e-02,-1.29828413e-02,-4.81296208e-03,2.83615508e-03,-3.46879663e-02
2.14143021e-02,1.67577127e-03,-6.80251155e-03,2.19907029e-02,-1.76077398e-02,1.88004601e-02,-2.19245962e-02,-8.56134356e-03,-7.63349934e-03,-6.42686073e-02,-1.42431632e-02,-1.21156237e-02,-2.58625958e-02
6.23841791e-02,6.40772540e-03,1.80154216e-02,2.92574072e-02,-3.51616596e-02,2.41208059e-02,-6.53296958e-02,-2.66211882e-02,-3.24713246e-02,-7.51035283e-02,-1.95076165e-02,-1.80414368e-02,6.72440841e-03
9.86271847e-02,-2.66128820e-03,2.34498311e-02,1.38844834e-02,-2.89254963e-02,3.48344054e-02,-5.86374598e-02,1.28537585e-03,-1.16457233e-02,-8.47277729e-02,-4.40590162e-02,-3.47154150e-02,3.92553628e-02
1.44457049e-01,3.27783098e-02,6.02530707e-02,2.72736740e-02,-3.46565876e-02,-9.79608193e-03,-7.45008064e-02,-9.44953670e-03,-4.22972610e-02,-8.40380000e-02,-4.73570482e-02,-2.88156905e-02,7.84534606e-02
1.14458249e-01,1.57389343e-02,4.11041280e-02,4.15516293e-03,-1.00471040e-03,1.89271057e-02,-2.26197654e-02,6.22105720e-02,-1.06481266e-02,-6.14411960e-02,-2.77086655e-02,-7.12353454e-02,6.71619806e-02
1.10202924e-01,3.84006275e-02,5.34165224e-02,-1.67756935e-02,7.91209730e-03,1.65794977e-03,-6.03612490e-02,6.38774525e-02,2.71124491e-03,-4.80723124e-02,1.76761777e-03,-5.13103512e-02,7.22746326e-02
6.07643019e-02,1.73273841e-03,2.64854312e-02,-5.57565685e-02,-4.39959221e-03,1.94955402e-02,-1.87088510e-02,7.93249244e-02,2.78628534e-02,-1.92595650e-02,2.96587356e-02,-3.31036154e-02,7.25515647e-02
1.62667974e-02,-3.88422996e-02,-1.82310062e-02,-7.28749178e-02,1.72579662e-02,2.58638159e-02,-3.39619522e-03,7.66577193e-02,2.00114719e-02,-4.33749022e-03,8.02955621e-02,-6.00325351e-03,2.02612351e-02
-2.40932599e-02,-1.02046526e-02,-2.44820355e-02,-8.31036549e-02,3.02652496e-02,-3.48172468e-02,-4.17488080e-02,3.84846280e-02,4.86345086e-02,1.69343774e-02,8.25669577e-02,-4.01140365e-03,-2.12309860e-03
-6.15536303e-02,-2.64121348e-02,-4.87089655e-02,-5.94139883e-02,5.96514320e-02,-5.26688876e-03,-3.33644354e-02,1.03476649e-02,2.22172689e-02,-1.62385682e-03,7.94421370e-02,-7.32899930e-03,-3.57424533e-03
-5.75332265e-02,-4.16314107e-02,-6.18852109e-02,-4.11596429e-02,7.70097710e-02,-7.47900760e-03,-6.34434218e-02,-3.27554835e-02,2.32636013e-02,2.08683720e-02,8.39947320e-02,4.25648109e-02,1.85280786e-02
-5.09573606e-02,-4.47640649e-02,-3.34766508e-02,-2.24120671e-02,7.48005376e-02,-3.07648799e-03,-6.13333057e-02,-4.98865227e-02,3.63875040e-02,-1.08820049e-02,2.35368421e-02,3.18913669e-02,2.31048788e-02
-3.30623432e-02,-4.17801227e-02,5.43454045e-03,2.27106576e-02,9.17296646e-02,-4.02093957e-02,-1.05436302e-01,-1.03441075e-01,2.69710717e-02,-4.85632900e-03,2.51386640e-02,4.60782047e-02,2.58108468e-02
-2.21434964e-02,-2.85242919e-02,-2.53946803e-03,4.00484219e-02,1.06330258e-01,-3.29937655e-02,-5.83121761e-02,-7.48973184e-02,1.64911899e-02,-2.74707502e-02,-1.35194603e-02,2.47086713e-02,2.62261895e-02
-5.25347235e-03,7.99905844e-03,3.51165746e-02,4.19447635e-02,7.69931034e-02,-7.92363905e-02,-8.74167562e-02,-7.96778127e-02,1.91260182e-04,-3.25458998e-02,-1.89486905e-02,2.03167322e-02,3.27375666e-02
-2.64496128e-02,5.81959081e-03,3.22743879e-02,4.67178439e-02,4.20453705e-02,-3.32115514e-02,-3.60657435e-02,-4.26938066e-02,-1.87359199e-03,-3.27494688e-02,-2.55480028e-02,1.19445826e-02,2.09815592e-02
-1.39134115e-02,-1.35753013e-02,-3.25804218e-02,4.35282974e-02,7.15836107e-03,-3.39309598e-02,-7.45993447e-03,-3.15051846e-02,-4.97734177e-02,-2.28176059e-02,4.50771196e-03,7.28317434e-03,-9.41696485e-03
-1.65791957e-02,8.49997705e-03,-9.71114164e-03,5.44558004e-02,-6.70132330e-03,-5.80798431e-02,5.12821148e-03,-1.77046961e-02,-4.02499235e-02,-1.02480521e-02,7.49412237e-03,-3.00309789e-02,-3.09262817e-02
-1.60033582e-02,-3.93211472e-03,-2.04113577e-02,3.39002231e-02,-1.73577590e-02,-3.69596968e-02,3.28651391e-02,6.20298220e-03,-4.06247431e-02,-6.83089637e-03,2.77408244e-02,-2.82482021e-02,-3.28132531e-02
4.21884073e-03,-1.33926502e-04,-3.25978525e-02,2.76535433e-02,-1.24957490e-02,-9.41228815e-03,4.30784735e-02,1.31127924e-02,-2.47889347e-02,2.42717141e-02,4.42432705e-02,-7.59144753e-03,-2.65865354e-02
1.71710028e-02,1.35145060e-02,-2.69116956e-02,2.95149311e-02,-2.84962392e-02,3.39244059e-03,4.64774148e-02,1.51812958e-02,-3.30174120e-02,1.65131031e-02,3.38086550e-02,-1.04277913e-02,-2.85775296e-02
1.52943164e-02,-7.21605449e-04,-1.48851869e-02,2.16447347e-02,-1.63057476e-02,2.53028909e-02,3.19932663e-02,4.22260520e-04,-8.16094105e-03,1.76112367e-02,6.68075681e-02,-4.44209884e-03,-2.96274723e-02
3.35989007e-02,-1.03634375e-02,-2.51325499e-02,6.10793733e-03,-2.20171151e-02,2.70494655e-02,3.65887676e-02,-2.26542263e-02,-4.88055851e-03,-9.20833565e-04,2.61229054e-02,7.78791134e-03,-1.67121357e-02
-9.99448165e-04,-1.38470293e-02,-8.25388976e-04,-1.05546219e-02,-3.92740527e-02,7.20359615e-03,1.32509237e-02,-1.37935233e-02,2.25047857e-02,3.02708196e-03,1.97872510e-02,2.45569789e-02,1.26045818e-02
-1.15877573e-02,-1.35104304e-02,-8.88518696e-04,-1.43442081e-02,-4.28064476e-02,2.37976143e-02,-3.75838856e-04,-2.59166875e-02,1.59997723e-02,-2.22829097e-02,-1.25914994e-02,3.16599760e-02,1.50022826e-02
-1.72828235e-02,-4.80981862e-02,-5.42343772e-03,-2.50932236e-02,-4.83692719e-02,1.13816687e-02,-1.55379854e-02,-4.94814874e-02,2.56628563e-02,-2.75086540e-03,-1.88987232e-03,4.38228194e-02,2.71981163e-02
-2.83604170e-02,-4.49639288e-02,2.89817345e-02,-6.43237050e-03,-3.31615490e-02,-2.52105276e-03,-3.02012417e-02,-4.16065616e-02,3.85626230e-02,-1.29555359e-03,-3.71367943e-02,1.53426758e-02,1.63679460e-02
-3.66006866e-02,-5.66101190e-02,5.18273022e-02,-1.82257047e-02,-3.78710945e-02,7.87752536e-05,-3.81410231e-02,-4.22454989e-02,3.71852896e-02,7.64143904e-03,-2.84458139e-02,3.32855407e-02,3.24615373e-02
-2.53284816e-02,-4.52226148e-02,4.80362837e-02,9.82919084e-04,-6.24703932e-03,8.37442611e-03,-4.71233840e-02,-4.58077360e-02,2.80817642e-02,-4.53408148e-03,-4.46129509e-02,1.90861782e-02,2.12641904e-02
-8.44227127e-03,-1.39700462e-02,5.61761816e-02,1.02771481e-02,-1.05764024e-02,1.51754677e-02,-4.80063405e-02,-4.43682488e-02,1.65955595e-02,1.70517240e-02,-1.71356463e-02,1.58016536e-02,2.72531284e-02
2.54961732e-02,1.16161549e-02,5.49452909e-02,2.39252132e-02,1.97077529e-02,4.64264521e-02,-3.41108778e-02,-2.85254293e-02,1.87678068e-02,-4.85462342e-03,-1.30817370e-02,-2.13865389e-02,1.29206315e-02
6.02930539e-02,2.65560670e-02,4.71775712e-02,1.41615334e-02,-1.56852503e-03,4.14651367e-02,-3.10741907e-02,-3.05781301e-02,-9.29958700e-04,5.66254662e-03,-1.79481943e-03,-2.66675914e-02,7.73231110e-03
5.66806856e-02,3.21151860e-02,3.65457577e-02,7.22833460e-03,2.01185143e-03,6.88997892e-02,3.43045932e-03,2.79295485e-02,4.24285565e-03,2.03722667e-03,-2.04159097e-03,-3.96942712e-02,1.05499554e-02
6.96162860e-02,7.45953451e-02,3.09840591e-02,-2.04447644e-02,1.22563411e-02,6.93694412e-02,1.29531682e-02,2.01074370e-02,-1.46288019e-02,1.03370962e-02,-3.39472324e-03,-1.83116294e-02,6.44518919e-03
6.85390717e-02,6.87675160e-02,9.85503742e-03,8.22798780e-03,2.22605014e-02,1.06658224e-01,9.52911666e-02,6.06296226e-02,1.00634224e-03,1.16527950e-02,7.14579997e-03,-3.00700538e-02,-3.15971348e-02
1.02256051e-02,7.89480098e-02,1.89389086e-02,2.07144037e-02,3.37930327e-02,9.11135523e-02,7.73843693e-02,6.49082789e-02,2.68796494e-02,3.70804354e-02,6.79233074e-03,-2.75047155e-02,-4.78216049e-02
-4.43710392e-02,6.74758128e-02,3.34893044e-02,2.22800044e-02,6.45913361e-03,7.11629565e-02,6.38110519e-02,3.37523064e-02,-9.17758237e-03,3.93932707e-03,4.05721730e-03,-2.20845682e-02,-3.36000979e-02
-9.27080307e-02,3.44253565e-02,2.14580732e-02,9.37026893e-03,-2.00442408e-04,3.34766016e-02,2.75609784e-02,-3.56665923e-03,-3.64523781e-02,-2.23527419e-02,-1.87427015e-02,2.31804525e-02,-2.55773490e-02
-1.06891482e-01,1.39346953e-02,4.24511280e-02,1.39561414e-02,-2.44611100e-02,3.77024162e-03,7.77664766e-03,-2.14656957e-02,-4.22972796e-02,-1.06194198e-02,-2.81210707e-02,3.69168061e-02,-3.21192084e-02
-9.09488226e-02,1.81492975e-02,5.81665379e-02,4.35794002e-02,-2.41078403e-02,-3.05086499e-02,3.88379098e-03,-3.54448423e-02,-2.26768389e-02,1.66696552e-03,-3.09754160e-02,4.22491403e-02,-4.11627992e-02
-6.81300616e-02,6.49936904e-03,6.00871202e-02,4.11459750e-02,-3.24624582e-02,-3.48534486e-02,-1.44417723e-02,-4.29684385e-02,-2.14976792e-02,-9.43371815e-03,-2.96059142e-02,4.56795435e-02,-2.95818843e-02
-5.10649847e-02,-6.91702793e-03,4.37983099e-02,3.72758270e-02,-3.48588768e-02,-1.78801445e-02,-1.69747434e-02,-4.27598448e-02,-2.59720186e-02,-3.53453028e-02,-2.50962566e-02,3.71608397e-02,-4.08629593e-02
-3.36519254e-02,-1.56752841e-02,5.08386352e-03,-2.35859048e-02,-4.54910415e-02,-3.53793412e-02,-6.06753838e-02,-6.64144840e-02,-2.81779630e-02,-1.93798158e-02,-1.36830197e-02,5.08793340e-02,-3.66127247e-02
8.13633631e-03,6.26557882e-03,-8.00096304e-03,-1.46704092e-02,-1.32575674e-02,2.39289081e-02,2.03837322e-02,-5.08838695e-03,-1.43288686e-02,-4.36578025e-02,-3.02763371e-03,2.97865160e-02,-6.14329923e-02
1.31597528e-02,5.03237264e-02,3.38495101e-02,2.22103999e-02,1.55996330e-02,2.90710933e-03,6.65290024e-03,1.61925064e-02,4.41320985e-02,-8.97205962e-03,3.52964041e-02,9.88710225e-03,-6.24750980e-02
7.68188605e-03,4.33645244e-02,4.39313170e-02,3.44241560e-02,2.41662167e-02,2.33972506e-03,-5.70447067e-03,1.62588525e-02,4.00232334e-02,-5.68737750e-03,7.04226172e-02,7.47971931e-03,-3.88450640e-02
-1.01107335e-02,2.84784679e-02,4.35168664e-02,-8.71957142e-03,1.21921788e-02,-6.21766782e-03,-2.28449519e-02,1.57889182e-02,2.73260270e-02,-1.79933112e-02,4.89255406e-02,2.08829717e-02,-3.21538038e-02
-1.59548352e-02,3.96699833e-03,4.09919635e-02,1.96562821e-03,4.21943232e-02,-1.28949766e-02,-3.93434027e-02,6.17516686e-03,-6.84258837e-03,-3.35523568e-02,1.96375322e-02,8.01339402e-03,-1.74660645e-02
-3.39154101e-02,1.67085634e-02,2.16223726e-02,-1.56689367e-02,5.01504157e-02,-3.62086922e-02,-3.78209452e-02,-1.75024818e-02,-1.93524777e-02,1.18141128e-02,4.34570276e-02,-1.56426845e-03,-8.00154514e-03
-1.96352689e-02,3.28851761e-03,6.22663437e-03,-2.75058440e-02,5.54951108e-02,-2.16085684e-02,-2.58574826e-02,-2.32038979e-02,-3.12283343e-02,-3.02656514e-03,2.55653300e-02,-2.40862489e-02,1.34430793e-02
-9.29273020e-03,5.45820715e-03,-2.36615318e-02,-4.10441354e-02,3.60308123e-02,2.28711465e-02,1.59668292e-02,-4.56064447e-02,-7.51962386e-02,-5.48745774e-03,2.87687274e-02,-3.11241764e-02,-1.91274216e-02
-3.15638304e-02,-3.00928531e-02,-6.78582799e-02,-6.17241566e-02,2.34454233e-02,1.73035222e-02,-1.04951189e-04,-8.70368764e-02,-9.31615409e-02,5.78355866e-03,3.82064410e-02,-4.45469342e-02,-3.30847045e-02
-1.05289300e-04,-1.15012437e-02,-7.33481804e-02,-8.36060194e-02,-2.38092903e-03,2.78037056e-02,4.34401662e-02,-9.28444430e-02,-1.16117363e-01,-1.46685115e-02,3.16257191e-02,-5.26163872e-02,-3.20397467e-02
-4.70939864e-03,-2.06621198e-02,-8.57072836e-02,-4.12724325e-02,-7.75554438e-03,2.15954212e-02,8.86343134e-02,-4.77949084e-02,-4.79738529e-02,1.47156225e-02,3.01760494e-02,-4.20946759e-02,-1.63455072e-02
3.60608722e-03,-2.10740405e-02,-6.42903869e-02,1.75960848e-03,-1.11677091e-02,3.81893505e-02,9.39174520e-02,-4.08606138e-02,-1.71309106e-02,4.66876581e-02,1.41615021e-02,-1.12727428e-02,-8.72351495e-03
-1.63124153e-03,-3.27606842e-02,-7.76331346e-02,-3.37988773e-02,-6.64826254e-02,2.58323968e-03,6.15754565e-02,-2.11450105e-02,-1.48710420e-03,5.16301805e-02,-9.91122001e-05,1.55530670e-02,-1.52065936e-03
-1.78249845e-02,-6.21858320e-02,-5.16083086e-02,2.72214982e-02,-2.94133867e-02,5.10860950e-03,5.83787308e-02,1.60753355e-02,2.10795903e-02,3.04568160e-02,-5.29240899e-03,2.98432993e-02,1.86117039e-02
-2.48508194e-02,-6.81472806e-02,-5.14927025e-02,8.08389436e-03,-1.00892219e-02,-1.00942627e-03,5.00895710e-02,3.74076226e-02,4.48093190e-02,3.76224614e-02,-1.63786368e-02,1.05724493e-02,1.26930283e-02
-1.66583447e-02,-9.66680925e-02,-4.55323871e-02,1.27515232e-02,-6.67642654e-03,-9.42336200e-03,9.12230940e-03,4.54716461e-02,4.05601067e-02,7.77388922e-03,-3.29001876e-02,1.71021952e-03,3.25270763e-02
-2.24258076e-02,-1.07490667e-01,-3.82085124e-02,-1.97238016e-02,-3.71032720e-02,1.37357763e-02,-1.47340558e-03,4.01302575e-02,8.39587505e-03,-2.05298871e-02,-3.45676827e-02,5.05866920e-03,1.10378405e-02
-3.29300693e-02,-8.60937539e-02,-8.71365153e-04,-5.98404888e-04,1.78478109e-02,2.54559677e-02,-3.32969488e-02,1.28319693e-02,-3.06293932e-02,-3.86282963e-02,-4.40574453e-02,-1.48062921e-02,-6.42142988e-03
1.86617720e-02,-6.53905032e-02,1.47025314e-02,-2.32316590e-02,1.75528946e-02,4.49113467e-03,-4.00880777e-02,2.75631727e-03,-3.60158947e-02,-4.46391351e-02,-5.82608132e-02,-2.78055815e-02,-2.28171935e-02
1.83119326e-02,-3.73156130e-02,-1.53672062e-03,-7.78986890e-04,3.26580029e-03,2.31270237e-02,3.86153751e-02,4.03161660e-02,-3.25630064e-03,-2.50028887e-02,-4.68906020e-02,1.35858599e-02,1.25544527e-02
3.72946490e-02,3.63948878e-02,6.43776514e-03,3.77193803e-02,2.94115410e-02,2.67648265e-02,3.72437900e-02,2.40505941e-02,5.00286176e-03,-9.30309110e-05,-8.14578765e-02,-1.02411168e-03,6.10364770e-03
1.73611356e-02,7.79045296e-02,-1.72749434e-02,9.30400765e-03,8.62804289e-03,8.29759059e-05,2.46217428e-02,5.49002054e-02,1.21128501e-02,2.88524003e-02,-8.37147888e-02,-1.95206896e-02,8.59964588e-04
1.31731871e-02,9.65172863e-02,-5.48707578e-03,4.95508774e-02,3.40086636e-02,7.64009660e-03,5.87127837e-02,7.31580521e-02,9.63214908e-03,2.18693611e-02,-6.56889162e-02,-2.28359942e-02,-3.08201356e-03
2.24791082e-02,1.11148572e-01,5.46873233e-04,2.13815247e-02,2.89355674e-02,-3.36880365e-04,1.03903944e-01,1.05686826e-01,2.11395835e-02,2.85290332e-02,-6.56568431e-02,-4.94132271e-02,-2.21894139e-02
-8.14712225e-03,5.79066707e-02,-2.29713070e-02,-3.08894900e-03,5.42131176e-03,-1.80134407e-02,8.57976256e-02,1.17071126e-01,4.23989762e-02,4.27941021e-02,-3.82812174e-02,-4.71672866e-02,-8.92372981e-03
-1.26268879e-02,3.03770001e-02,-2.37681826e-02,-5.22768981e-02,-4.36383094e-02,-3.08999765e-02,6.61331597e-02,6.58775892e-02,2.35455701e-02,1.97069136e-02,-1.49279108e-02,-2.96984864e-02,-9.39527246e-03
-5.77981249e-02,1.24521040e-02,-4.82646153e-02,-3.96253585e-02,7.83656297e-03,-5.91208456e-03,4.42158048e-02,4.96503050e-02,-1.91948350e-02,6.45663711e-03,-1.57487186e-02,-3.59585856e-02,6.88220055e-03
-9.60142967e-02,-3.08610178e-02,-6.16114271e-02,-5.55340296e-02,1.66912766e-02,9.62636163e-03,3.31700177e-02,6.56275707e-02,-3.26964322e-03,3.62526308e-03,-3.30991720e-02,-2.05856944e-02,-1.18752216e-03
-9.90209027e-02,-4.10930562e-02,-3.75610915e-02,-2.01436439e-02,-1.93549080e-02,2.30397995e-02,2.14678737e-02,3.55238875e-02,-2.16164500e-02,-3.94775009e-03,-1.97448092e-02,1.70413337e-02,1.62164748e-02
-6.79613773e-02,-1.80310544e-02,-2.94824174e-02,-9.62059424e-03,-2.03006001e-02,8.19201476e-03,1.13081537e-02,-1.00764067e-02,-2.73198456e-02,-2.79187129e-03,-7.24915826e-03,6.87886091e-03,4.80132485e-02
-8.30111976e-02,-2.90525072e-02,-2.30510266e-02,3.14443382e-02,5.96331202e-03,-2.43818083e-02,-2.06250502e-02,-1.00402673e-02,-2.94576562e-02,2.29685962e-02,3.30100983e-03,1.70578257e-02,5.58740808e-02
-6.39302371e-02,-2.77379493e-02,-2.39970114e-02,3.29727977e-02,1.59868634e-04,-3.11088110e-02,-1.19091184e-02,-2.72471895e-02,-4.26876817e-02,1.37579833e-02,2.33409909e-02,2.20524697e-02,4.31882773e-02
-4.27770674e-02,-9.23350036e-03,4.69008633e-03,5.11055929e-02,3.09403153e-02,-3.53986619e-02,-9.79837786e-04,-1.37222959e-02,-4.46600617e-02,1.84149300e-02,2.12809170e-02,-7.41478109e-04,3.10039241e-02
-6.34000321e-03,-8.59085811e-03,-1.36796219e-02,1.40838884e-02,5.79419043e-03,-3.90305588e-02,-4.11990633e-03,-5.23625551e-03,-1.99495831e-02,2.30170643e-02,1.76952532e-02,-9.29426815e-03,3.12355800e-02
4.65202465e-02,-2.61724192e-02,5.35647892e-03,-8.93018187e-03,-1.26005847e-02,-2.47124822e-02,-2.20004130e-03,-2.71850431e-02,1.19679027e-03,2.67807103e-02,1.40787087e-02,-3.43815980e-03,5.61936795e-03
6.93929833e-02,-1.01381292e-02,1.63317804e-03,-1.15050208e-02,9.33467763e-03,-4.02460258e-03,1.63362338e-03,-2.96741226e-02,6.61999622e-03,2.43769485e-02,1.24511026e-02,-6.20238252e-03,2.18848674e-03
8.46668772e-02,2.38022238e-02,2.58224808e-02,2.08900416e-03,1.60710649e-02,-2.37055566e-02,3.18747006e-03,-1.69785026e-02,1.30389910e-02,1.42433475e-02,-2.20568982e-02,1.01400037e-02,1.13089224e-02
1.06957602e-01,1.83851007e-02,3.33790556e-02,-2.70014936e-03,-1.57951474e-02,-8.72922487e-03,-7.80756948e-03,-1.58984294e-03,9.79219960e-04,-1.28224444e-02,-3.33625782e-02,2.17110572e-03,-3.68246841e-02
1.11777446e-01,2.43910201e-02,3.95456970e-02,-2.02371668e-02,-1.55096473e-02,1.50667947e-02,2.20633544e-02,-1.09807204e-02,1.41833935e-02,-2.78070230e-02,-6.09079496e-02,-2.37480475e-02,-2.15426605e-02
6.58546149e-02,-4.03971532e-05,3.90706267e-02,-1.20406977e-02,-6.02743267e-03,-1.33942503e-03,2.63100981e-02,1.65329771e-02,1.16220426e-02,-2.93376409e-02,-6.54111179e-02,2.06174651e-03,-7.03934844e-03
4.45346006e-02,-1.98509117e-02,2.57493906e-02,-3.64455300e-02,-3.08668209e-02,-3.42151893e-02,2.33992494e-03,-3.83696022e-03,-1.18183961e-02,-2.57047863e-02,-2.01565488e-02,3.52663373e-02,1.45001451e-02
1.47518711e-02,-1.58944538e-02,2.70572135e-02,-1.52587638e-02,3.98648795e-03,-5.21574740e-03,6.35726853e-03,3.34741993e-02,4.86172882e-03,-1.73481498e-02,-3.14170671e-02,4.61704364e-03,-4.51399135e-03
6.75112640e-03,3.36759081e-02,2.09153278e-02,-2.25695849e-03,-5.09596043e-03,-1.55832070e-02,-2.03943092e-02,5.31076768e-02,6.45054815e-03,-5.07156040e-03,-6.22858078e-03,-5.20362565e-03,8.43153977e-04
2.07584039e-02,3.38765940e-02,3.35585878e-02,2.50056120e-02,-4.16987829e-04,-2.01676203e-02,-2.95336155e-02,9.27625626e-02,5.82226494e-02,2.06122306e-02,1.38949775e-02,-1.56122519e-02,5.28908349e-04
3.81649871e-02,7.67152477e-02,3.89663923e-02,2.89698189e-02,3.15697823e-02,1.25220227e-02,-1.52993717e-02,6.47311651e-02,5.63316238e-02,7.90596462e-03,5.51370452e-02,-1.89299576e-02,-1.43981793e-02
7.91305289e-02,7.84673450e-02,3.17109199e-02,6.00208774e-02,3.90765903e-02,1.02349580e-02,-4.61066748e-02,3.71167094e-02,5.31372766e-02,1.21184385e-02,4.41095252e-02,-1.00235552e-02,-3.47270865e-03
7.81131096e-02,7.19259650e-02,2.36782677e-02,4.80900062e-02,-2.24192006e-03,1.47644956e-02,-4.85846575e-02,3.59554583e-03,1.75421922e-02,-1.78364408e-02,5.24407004e-02,2.34887168e-02,-1.06088658e-02
6.63602256e-02,2.65972478e-02,-2.52495373e-03,5.33685934e-02,1.90420509e-02,4.93731477e-02,-4.56942179e-02,-6.85193172e-02,-8.14535058e-03,3.27748695e-03,3.92487947e-02,1.86531971e-02,2.41647154e-02
5.27352249e-02,3.03806484e-02,2.30497585e-02,2.21047614e-02,-6.35369221e-03,5.77912081e-02,-1.32048679e-02,-5.86641508e-02,-1.11399192e-02,4.30215412e-03,1.92778689e-02,2.89689674e-02,1.40252347e-02
6.58405979e-02,-1.39997131e-02,1.27317322e-02,2.50729776e-02,-1.04628810e-02,4.43279350e-02,-2.40690113e-02,-1.02356812e-01,-3.95194814e-02,-1.17290144e-02,1.01836277e-02,3.27027594e-02,2.75217013e-02
4.78696327e-02,-4.41736422e-03,1.42863801e-02,1.09703728e-02,5.52613077e-04,7.66612007e-02,-1.26252676e-03,-1.10619973e-01,-6.31553627e-02,-2.22153386e-02,-6.14541087e-03,1.18871822e-02,-1.65639656e-02
5.29844128e-03,-1.47148487e-02,1.56534137e-02,3.43279938e-02,-3.30294411e-03,4.82553149e-02,-4.22798985e-02,-1.00162690e-01,-5.89219996e-02,-3.68645483e-02,-1.82141750e-02,9.13629370e-03,-2.48499202e-02
-1.86144586e-03,-8.14518845e-03,4.60553931e-02,7.38682262e-02,-9.91969036e-03,3.90508357e-03,-4.96546725e-02,-7.40148582e-02,-5.27531059e-02,-3.48151781e-02,-7.53233978e-03,-1.47849899e-02,-4.21735842e-02
3.26842867e-02,1.88425899e-02,4.29073675e-02,6.41002319e-02,-4.09798158e-03,-1.99274521e-02,-2.22012306e-02,-5.80448234e-02,-4.82546711e-02,-3.94841741e-02,1.05264756e-02,-4.25583467e-02,-5.24268532e-02
6.82033096e-02,6.73105376e-03,-5.91832868e-03,4.09622504e-02,-1.46319594e-02,-2.42479894e-02,-1.65042392e-02,-3.71042933e-02,-3.15508393e-02,-4.05970050e-02,3.96630755e-03,-4.13701253e-02,-7.66545445e-02
2.88321399e-02,1.03612090e-02,-2.43809233e-02,2.36802541e-02,-2.18455442e-02,-2.56067121e-02,6.63246389e-03,-1.42303454e-02,-2.96294067e-02,-1.50565251e-02,9.69174832e-04,-2.29112639e-02,-6.00288294e-02
1.71173907e-02,-2.37849498e-02,-6.35863073e-02,2.22598968e-02,1.18079102e-02,-3.81143021e-03,1.57679861e-02,-9.38239749e-03,-4.87335241e-02,4.14181012e-02,-4.79238048e-03,-2.36456300e-02,-1.19943499e-02
5.42636203e-02,2.35163861e-02,-8.36421582e-02,-2.34817007e-02,-2.81312015e-02,-1.45849260e-02,1.95991244e-02,9.82417479e-03,-4.35316310e-02,7.78461209e-02,1.62953917e-02,4.12650487e-04,1.73971873e-02
9.31728772e-02,5.63176301e-04,-9.89622090e-02,-9.08475017e-03,-1.14982798e-02,-2.62846633e-02,3.84578143e-02,4.55883438e-02,-1.08968751e-02,9.40954263e-02,-2.25872132e-02,-1.74476560e-02,2.78978947e-02
8.40846783e-02,4.57427600e-02,-5.33142098e-02,-6.25460849e-03,-7.66589170e-03,-2.33865294e-02,7.24554474e-02,4.09236304e-02,-1.78656173e-02,9.39409620e-02,-9.79549061e-03,-1.58916821e-02,1.69522006e-02
8.76472374e-02,2.31833578e-02,-4.66341191e-02,4.21420632e-03,9.57306243e-03,-3.99505749e-02,3.65436763e-02,1.60713978e-02,-1.00799837e-02,4.73264231e-02,-2.85447474e-02,1.15281935e-02,2.75721444e-02
4.47180334e-02,-1.01864163e-02,-3.60026333e-02,-5.82049275e-04,3.74679840e-02,-3.83402062e-02,5.05826304e-02,7.63583583e-03,-2.63050996e-02,1.14996500e-02,-2.04415061e-02,1.05817826e-02,-2.21081268e-02
6.79531520e-03,-1.34362880e-02,2.75236191e-02,-3.03717722e-03,9.48156710e-03,-6.24594689e-02,3.83578321e-02,2.72511934e-02,1.18636181e-02,4.81807830e-03,-2.43365164e-02,-8.85060194e-03,-4.59366207e-02
-1.15574368e-02,-3.52864109e-02,2.02872096e-02,-3.17297035e-02,-1.05562039e-02,-5.89480036e-02,2.23479995e-02,-1.99821103e-02,-7.66996649e-03,-2.61781728e-02,5.15417423e-04,3.10898909e-02,-6.57738602e-02
-6.70174551e-02,-4.56074652e-02,2.18939641e-02,-3.26136372e-02,2.43807709e-02,-2.16625266e-02,4.12794378e-02,-1.08886453e-02,-1.19988965e-02,-3.81303706e-02,-8.26896173e-03,2.84165797e-02,-7.66313724e-02
-1.06503249e-01,-6.06554387e-02,3.06055786e-02,-2.70996782e-02,4.30006277e-02,-1.84849990e-03,9.27132366e-03,7.37231021e-03,-9.35132632e-03,-1.73111560e-02,-9.39023773e-03,1.16936975e-02,-7.00013772e-02
-9.71027737e-02,-4.61099459e-02,-1.40958372e-02,-5.76787162e-02,7.51161052e-03,1.17911840e-02,-4.18293656e-04,9.49509737e-03,-5.24468523e-03,-5.62271580e-03,3.32536353e-02,2.67781258e-02,-3.70056356e-02
-8.71014824e-02,-4.18505887e-02,-3.26559442e-02,-3.95044657e-02,2.10835600e-02,4.33615338e-02,2.05453669e-02,3.75733014e-02,2.18496915e-02,1.54871241e-02,3.25893040e-02,5.73493627e-03,-1.03328446e-02
-8.34557181e-02,1.97571311e-02,2.00385137e-02,-2.42673207e-02,2.79400774e-03,6.10977394e-02,2.37820486e-02,2.11871487e-02,6.67801974e-03,2.25600363e-02,4.82969663e-02,9.16281194e-04,2.72211400e-03
-6.02011254e-02,4.06800091e-02,3.04341917e-02,9.02039068e-03,1.84085545e-02,8.15615229e-02,4.12129128e-02,-3.19098278e-03,4.82070180e-02,6.15049792e-03,2.26676654e-02,-2.81194716e-02,2.69135986e-02
-4.32419850e-02,1.55850170e-02,-3.36256499e-03,-2.22856742e-02,1.71622444e-02,9.73447481e-02,9.83891562e-02,-6.03926873e-03,1.95396169e-02,-9.16537387e-03,1.88742112e-02,-4.11594248e-02,1.47614082e-02
-6.34878882e-02,1.75388794e-02,7.90104093e-03,-3.67763475e-02,-2.48682146e-02,3.67937707e-02,7.08167544e-02,1.03920548e-02,4.09210688e-02,5.83226208e-03,2.04089273e-02,-4.98586009e-02,2.41052574e-02
-6.08877605e-02,-8.59800297e-03,-2.08020184e-03,-4.59157557e-02,-1.55770013e-02,1.03777750e-02,5.80765972e-02,-1.86183479e-02,1.79759541e-02,6.15806369e-03,5.35972018e-02,-1.72957793e-02,2.68767823e-02
-5.38959420e-02,-2.37163151e-02,-1.23437358e-02,-3.06746752e-02,2.83433740e-02,-1.99186492e-02,3.14312793e-02,-1.59766870e-02,-2.79909030e-02,-1.41215655e-02,5.52825391e-02,9.60690954e-03,1.86361618e-02
-7.35917613e-02,-6.30997051e-02,-1.93327733e-02,-2.73749603e-02,4.10848048e-02,-6.94666877e-02,-1.75878795e-02,2.90637951e-03,-3.71685604e-02,2.11362848e-03,6.88843752e-02,1.54741645e-02,-2.70121027e-03
-5.92551384e-02,-9.07340876e-02,-3.43047687e-02,-4.67180660e-03,2.48810200e-02,-1.17445466e-01,-3.98459762e-02,2.17472663e-02,-6.03859424e-02,1.76789144e-02,5.75811841e-02,2.79165487e-02,9.58125946e-05
-2.42928313e-02,-7.79728971e-02,-2.16317283e-02,1.35585804e-02,6.30306702e-02,-7.47246512e-02,-2.17580555e-02,4.34680903e-02,-6.17658766e-02,1.36703208e-02,4.19370449e-02,3.30614882e-02,1.08559873e-02
1.98925275e-02,-2.70937182e-02,3.35851279e-02,2.67327418e-02,3.69532037e-02,-7.33539267e-02,-5.79664284e-02,2.59630062e-02,-9.78117126e-02,1.84952435e-02,4.39928942e-02,5.28967706e-02,-5.72592645e-03
5.88980698e-02,2.12712220e-02,4.64813408e-02,3.06553641e-02,3.64480035e-02,-5.27681812e-02,-3.35821263e-02,2.44258258e-02,-2.98587591e-02,2.58902210e-02,-5.50603900e-03,1.53097428e-02,-1.89957337e-02
8.78719812e-02,6.19140037e-02,5.96826061e-02,4.18397460e-02,2.48464105e-02,-1.03102790e-02,1.22063903e-02,-9.37146574e-04,-6.56078568e-02,-1.00873035e-02,-3.37050753e-02,-2.57073581e-04,-2.62574399e-02
5.73447287e-02,5.44420212e-02,3.33560818e-02,7.01768815e-02,1.97668741e-02,-7.23048985e-03,4.97258344e-03,1.10150181e-03,-4.41887458e-02,1.81962556e-02,-2.65164131e-02,-8.37244954e-03,-1.85078865e-02
5.29319621e-02,4.67161614e-02,5.89250077e-03,5.73221488e-02,2.87582736e-03,6.94596496e-03,1.80256173e-02,-6.46615725e-03,-1.24361420e-02,3.82987352e-02,-2.20725589e-02,1.23820627e-02,-2.81606448e-02
3.37932172e-02,2.42341402e-02,-2.32012355e-02,4.04374518e-02,-1.81896634e-02,1.47847289e-02,-1.53941178e-02,-1.40023119e-02,-1.54952146e-02,2.59586416e-02,-2.44255007e-02,1.46481215e-02,-2.42106663e-02
6.51665732e-03,-1.01719171e-02,-3.55100330e-02,1.14159014e-02,-1.86666771e-02,1.05452395e-02,-2.69556189e-02,-3.33060525e-02,2.50807055e-03,1.65779706e-02,1.30545874e-02,1.16333205e-02,-3.09300660e-02
-1.68339314e-02,-8.08424760e-03,-1.00015740e-02,1.54569847e-02,-3.98588890e-02,2.79959928e-03,-4.34213551e-02,-3.59152183e-02,8.23851417e-03,1.59749387e-02,-7.89747792e-03,-2.14875289e-02,-4.48332604e-02
-3.43448518e-02,-3.26773080e-02,-1.11142882e-03,6.92752217e-03,-2.20788880e-03,2.75087790e-02,-5.24021587e-02,-3.08368373e-02,3.73239873e-02,5.62248290e-03,-6.68209449e-03,-2.98922854e-02,-4.27147729e-02
-5.90694341e-02,-3.84310191e-02,1.88946053e-02,1.20217433e-02,3.14482188e-03,5.11381386e-02,-4.88092859e-02,-9.39278509e-03,3.59702484e-02,3.28850431e-03,-3.56561359e-03,-2.51710121e-02,-2.67557983e-02
-1.63824096e-02,-6.73982015e-03,2.99886482e-02,-2.07908120e-02,4.19224958e-03,4.12755465e-02,-6.07592197e-02,-1.44215035e-02,6.26339701e-02,1.02870148e-02,-3.29904962e-03,-4.18612377e-02,-2.34093654e-02
3.70182751e-03,2.20267974e-02,5.26260662e-02,-1.89939352e-02,1.06094946e-02,4.82019379e-02,-3.06433484e-02,-1.71629457e-02,3.23733819e-02,-3.42030791e-02,-3.18476052e-02,-5.71570288e-02,-2.03674988e-02
1.02241068e-03,1.20307600e-02,6.61591575e-02,3.43243645e-02,6.05061426e-02,2.97950765e-02,-3.98512342e-02,-1.47036756e-02,1.27119298e-02,-1.80074591e-02,-6.66676617e-03,-4.44401094e-02,1.39373970e-02
2.47819524e-02,2.49151292e-02,2.62168595e-02,1.42756205e-02,5.29208721e-02,2.12106171e-02,-3.22561535e-02,2.17113398e-02,1.78661622e-02,1.28408191e-02,2.35893248e-02,1.15257850e-02,1.37543339e-02
2.85057821e-02,4.26561326e-03,8.47860523e-03,1.01845803e-02,1.62859377e-02,1.57855715e-02,-3.65976614e-02,2.92550789e-02,2.82107195e-03,2.60528279e-02,2.37200619e-02,2.73911918e-02,8.42740326e-03
4.28760498e-02,1.64101239e-04,3.17309643e-04,1.16382934e-02,-1.30858205e-02,-1.98239690e-02,-3.23534103e-02,-2.84723858e-03,-2.89088613e-02,1.11156582e-02,1.10631221e-02,1.75067412e-02,-5.55092405e-03
6.37514018e-02,8.04656725e-03,8.57992881e-03,-3.45952173e-03,-3.11982484e-02,-6.09341708e-03,-3.12594260e-02,-3.32577792e-03,-1.57687709e-02,2.39071522e-02,-9.35241998e-05,5.31199609e-03,-5.92621454e-03
3.25903321e-02,-3.69760861e-02,-4.76129678e-02,-4.24851490e-02,-5.71091161e-02,-1.42343225e-02,-3.77998311e-02,8.61795494e-03,1.79994649e-02,3.31755751e-02,2.72557281e-02,3.03291674e-02,1.40864164e-03
5.75489614e-03,-4.40771684e-02,-6.65991130e-02,-3.08459623e-02,-3.29916907e-02,1.87372686e-02,-2.25229676e-02,1.16957265e-02,2.21232293e-02,3.58603079e-02,-7.03642167e-03,1.15296330e-02,2.08215720e-02
1.02862999e-02,1.72216653e-02,-6.58827811e-02,-3.27760206e-02,-3.85238701e-02,2.89838807e-02,-1.08276648e-02,-1.69264250e-02,-7.83001136e-03,3.36685560e-02,5.11412223e-03,-9.61519421e-03,2.20868903e-02
-2.44576779e-02,3.20006720e-03,-1.23849861e-01,-3.53084400e-02,-5.63695920e-02,4.44514116e-02,5.56771026e-02,1.77096738e-02,1.93340506e-03,3.02847330e-02,-1.70911212e-02,-2.37005864e-02,4.90556131e-02
-6.62171753e-02,-2.00420405e-04,-7.56590203e-02,-3.94954326e-02,-3.39203192e-02,6.46146983e-02,5.82381229e-02,-1.59274872e-02,-4.25954948e-02,1.64377545e-02,-9.92481513e-03,-1.63411318e-02,9.06375821e-02
-4.80962652e-02,3.88142252e-02,-3.99197652e-02,-3.74354360e-02,9.44018341e-04,4.70670092e-02,1.35116736e-02,2.60914734e-02,-3.24081364e-02,-3.56519569e-02,7.72673546e-03,3.00124368e-02,1.19100192e-01
-3.76168976e-02,4.42175453e-02,4.49329904e-02,1.42056420e-02,1.89311190e-02,1.70689316e-02,-2.65392282e-02,3.39713920e-02,-2.89875823e-02,-7.37500151e-02,2.03505129e-02,4.16465453e-02,1.04612383e-01
-2.63787758e-02,3.82869825e-02,8.20001121e-02,4.92704769e-02,-9.28629172e-03,-4.77530293e-02,-4.50358008e-02,3.18369614e-02,-4.70922934e-02,-1.20303699e-01,-2.72802014e-02,3.27897190e-02,7.04791004e-02
-4.79983530e-03,2.17865951e-02,1.04459993e-01,6.90008438e-02,-1.87050513e-02,-8.46828102e-02,-5.21733854e-02,4.37243923e-02,-4.00502942e-02,-1.40280083e-01,-3.64368698e-02,2.63751523e-02,5.73311374e-02
-1.77599489e-02,3.33646007e-03,9.76152839e-02,6.47243230e-02,-2.04225587e-02,-1.14721260e-01,-5.40513101e-02,7.69075076e-02,-2.65316561e-02,-1.39126952e-01,4.14007630e-03,5.82052524e-02,4.46952435e-02
1.14894935e-02,-2.16905322e-03,8.93819291e-02,9.20817528e-02,1.99229787e-02,-1.24696241e-01,-6.64898061e-02,6.75465691e-02,-2.32357626e-02,-1.55239902e-01,-1.51651801e-02,2.69181816e-02,1.77610599e-02
2.04636920e-02,2.40220331e-02,8.53972377e-02,9.36937853e-02,3.30575638e-02,-1.05552326e-01,-4.12598479e-02,3.26622803e-02,-4.82025734e-02,-1.34545427e-01,-6.71416580e-03,1.64296096e-02,-2.32338298e-02
1.18312592e-02,-8.04359885e-03,1.46415587e-02,9.01739685e-02,2.40883210e-02,-8.45675998e-02,-5.68512162e-04,4.89465256e-02,6.82801889e-03,-6.95825681e-02,-7.14855066e-03,2.70412843e-02,-1.39895084e-02
-1.96591241e-02,-2.98439957e-02,3.79948761e-03,5.53282527e-02,2.41461993e-02,-1.31260376e-02,5.86255676e-02,-1.07212635e-03,-1.36885728e-02,-9.35271007e-03,-2.72493425e-03,2.57492912e-02,-1.82226466e-02
1.02256195e-02,-7.28155069e-04,2.30747943e-02,5.91598988e-02,4.74407233e-02,2.08334678e-02,5.57757340e-02,-3.16109430e-02,-4.95254440e-03,2.56395741e-03,-6.60531337e-04,3.16063151e-02,3.91219940e-03
1.36577795e-02,9.43851747e-03,5.70319912e-02,9.27222990e-02,7.03575794e-02,4.10960557e-02,5.37429970e-02,-6.03422185e-02,6.83847744e-03,1.04972739e-02,-2.53146932e-03,1.62738523e-02,5.80874492e-03
3.46450242e-02,-3.83251756e-04,2.96788435e-02,8.89633194e-02,4.69129875e-02,5.47203880e-02,5.78573339e-02,-7.66645201e-02,4.08572224e-02,3.48483224e-02,-2.58752481e-03,1.01635407e-02,1.75622348e-04
3.93166166e-02,-2.86393590e-02,2.03814351e-02,7.68680358e-02,1.08529623e-02,3.92375456e-02,7.33526586e-02,-7.73863900e-02,5.50617654e-02,6.51699383e-02,-8.24141064e-03,1.01892809e-02,5.55069539e-03
2.10646823e-02,-1.12015160e-02,2.94470689e-02,8.57000151e-02,-2.05637270e-02,2.40805550e-02,6.60635491e-02,-6.85016518e-02,4.74208543e-02,7.98250033e-02,-1.09249125e-02,1.19563184e-02,1.85679584e-02
4.31709906e-02,-1.99120158e-03,6.54555449e-03,6.64604089e-02,-1.36360626e-02,2.24192551e-02,5.08411494e-02,-6.31303854e-02,2.99749185e-02,4.11077593e-02,-1.84192895e-02,-3.31429665e-03,2.33177209e-02
3.51691358e-02,2.25348222e-02,1.48776730e-02,3.20084614e-02,-3.44960791e-03,1.89535511e-02,2.82416027e-02,-4.82294104e-02,2.67561621e-02,2.30566792e-02,-2.74570900e-02,1.92780642e-04,-3.12103399e-03
1.56658490e-02,2.18662428e-02,3.72587649e-02,2.17123293e-03,1.73276181e-03,-7.73108405e-03,-2.13911682e-03,-1.11484686e-02,6.66257437e-02,2.48091503e-02,-2.19415869e-02,-3.09769459e-03,-1.31350427e-02
6.72472960e-03,2.61854243e-03,9.13104393e-03,-3.18121294e-02,2.46409211e-03,-1.75581498e-02,1.48947209e-03,1.07768019e-02,6.58054102e-02,6.36224784e-03,-4.08465587e-03,9.14724794e-03,-3.86633105e-03
-2.93832575e-03,1.23070221e-02,2.38079660e-02,-3.44353297e-02,2.52035947e-02,-4.23504789e-02,-3.29561066e-02,4.12934259e-03,6.72261888e-02,-6.17059156e-03,1.01235557e-02,1.31950570e-02,-1.62587548e-02
-1.91337304e-03,3.63606005e-02,3.72688988e-02,-2.82896954e-02,4.32750007e-02,-4.56137080e-02,-4.40784144e-02,1.80293785e-02,5.02584052e-02,-4.17127322e-02,-5.42548415e-03,3.52426754e-03,-3.91980534e-02
1.64218124e-02,3.66999239e-02,3.46116296e-04,-2.11960630e-02,2.82672974e-02,-2.21957755e-02,-2.02648006e-02,1.68484327e-02,4.49648048e-02,-7.40613911e-02,6.70821840e-03,-1.54594753e-02,-6.20333406e-02
-6.03699005e-03,1.59635718e-02,9.30188270e-03,-9.43943362e-03,2.71207138e-02,-1.05939128e-02,2.36866574e-03,2.25344232e-02,2.97460832e-02,-5.66040470e-02,3.04908259e-03,-1.85694999e-02,-4.22324588e-02
-4.72974515e-02,2.80571262e-02,2.43783169e-02,5.88362232e-03,1.02034740e-02,-2.34538124e-02,-1.92632305e-02,1.40316481e-02,3.47868319e-02,-2.16302938e-02,1.19310359e-02,-3.45765528e-03,-8.57008427e-03
-1.96461316e-02,1.61766374e-02,5.18068421e-04,-4.89182143e-03,2.25495176e-03,1.81584617e-03,1.14353961e-03,-1.05702336e-02,1.45456470e-02,-1.07880217e-02,1.18720762e-02,-1.74210737e-02,2.83514833e-02
-2.66481245e-02,2.98504357e-02,4.33004481e-03,-4.32836969e-02,-2.54894172e-02,2.76813829e-02,-6.98422129e-03,-1.23850441e-02,-3.43823796e-05,-8.91909476e-03,-9.59869366e-03,-1.41974157e-02,3.99587635e-02
-5.28347629e-02,2.61275384e-02,2.08060533e-03,-6.86882442e-02,-2.48981850e-02,3.34499181e-02,-2.17354564e-02,-1.72340686e-02,-1.99000350e-02,1.18409074e-02,-8.18100488e-03,-6.84176562e-03,5.73678770e-02
-5.61684683e-02,-3.31406935e-02,-4.19020703e-02,-1.19273277e-01,-5.44187526e-02,2.44579992e-02,1.88069145e-02,-6.49880955e-04,-4.42029709e-02,2.83976267e-03,-1.56610216e-02,-3.02961145e-02,6.18671855e-02
-6.71395558e-02,-5.74955777e-02,-4.85714921e-02,-1.33532941e-01,-1.87748996e-02,1.76553393e-02,2.70034087e-02,9.45841232e-03,-2.87771188e-02,4.61788416e-02,1.16341542e-02,-3.03743316e-03,6.20870007e-02
-5.96094136e-02,-6.61858483e-02,-6.75477218e-02,-1.68268583e-01,-1.08536864e-02,-9.90386012e-03,5.65762453e-04,-5.37572533e-04,-5.44589663e-02,6.24288065e-02,2.78803524e-02,4.40195550e-03,1.77538374e-02
-2.95021985e-02,-6.96978625e-02,-8.00762978e-02,-1.55294589e-01,-2.49256885e-02,-1.14741257e-02,1.42425959e-02,3.66467831e-03,-5.81805937e-02,5.30369559e-02,6.27013464e-02,5.62231257e-03,-1.90737159e-02
-5.00776747e-02,-1.01932953e-01,-8.49702544e-02,-1.06289663e-01,-1.61705244e-02,-9.67988873e-03,3.99387135e-02,1.97937339e-02,-8.37080607e-02,3.17006153e-02,3.43698613e-02,-8.03840054e-03,-4.02862942e-02
-3.87648316e-02,-7.02351316e-02,-5.05817464e-02,-5.80459125e-02,1.36414604e-02,-6.67030108e-03,3.55732946e-02,5.41676550e-02,-6.62718284e-02,3.39089863e-02,2.89513804e-02,-2.98404212e-04,-5.80725265e-02
-2.08584660e-02,-6.89453503e-02,-5.41479391e-02,-2.02367503e-02,2.03435636e-02,1.37325507e-02,5.80331232e-02,5.36176345e-02,-7.12251250e-02,1.09469501e-02,1.93615970e-02,-1.47323027e-02,-8.09775636e-02
2.20586649e-02,-3.83182402e-02,-4.83593617e-02,4.72964996e-03,1.92623699e-02,1.60502621e-02,4.16987842e-02,5.44151583e-02,-3.86286694e-02,-9.04696777e-03,1.40173254e-03,5.39908574e-04,-7.26032076e-02
-6.31096034e-03,-3.33246795e-02,-7.75467294e-02,-2.27330295e-03,8.51639744e-03,9.36573628e-03,1.21978626e-02,6.23899681e-02,-3.26675668e-02,-5.92303559e-03,1.32106728e-02,3.58151404e-02,-4.05855468e-02
9.53950618e-03,-8.54845102e-03,-2.49246973e-02,3.18857044e-02,-1.03802730e-02,-9.47849048e-03,6.01417355e-03,5.37469544e-02,-2.66209934e-02,-2.38657819e-02,-2.63584959e-02,-6.58992442e-03,-5.37774321e-02
3.57119621e-02,7.48814168e-03,-7.52217387e-03,6.10781211e-02,1.47155753e-02,2.85574124e-02,2.52944635e-02,7.67571354e-02,-4.47366318e-03,7.53653949e-03,-4.15791453e-02,-2.14034895e-03,-3.27961072e-02
2.88209896e-02,1.04633131e-02,-1.51404074e-02,2.63868132e-02,2.61248140e-04,2.95359367e-02,2.40745722e-02,5.73030731e-02,-1.94278470e-02,3.96951656e-02,-4.72516872e-02,-8.24649330e-03,-4.76370035e-02
4.22990163e-02,1.44437187e-02,2.53905606e-02,6.63876589e-04,-2.34583793e-02,2.94842802e-02,-1.41782507e-02,2.71107223e-02,5.50004556e-04,6.06639802e-02,-4.26457240e-02,-1.59126828e-02,-1.14441290e-02
5.46627804e-02,2.37087664e-02,2.92065964e-02,1.66246784e-03,-3.93327751e-02,-1.78654965e-02,-9.32228296e-03,-6.46089407e-03,-3.12474166e-03,6.65121369e-02,-3.44160584e-02,-2.47075373e-02,-1.06509250e-02
8.10208409e-02,4.51147577e-02,7.65994512e-02,4.41612381e-02,-3.24871609e-02,-1.39328724e-03,1.14357656e-02,-3.15479140e-03,2.77498298e-03,7.30612115e-02,-2.98900789e-02,-2.92219218e-02,-8.26110997e-03
6.24631694e-02,4.93438198e-02,7.55601130e-02,2.24470965e-02,-1.88721529e-02,3.40417311e-02,3.11899731e-02,-1.36052566e-02,9.56765526e-03,4.16727127e-02,-4.59011351e-02,-4.32494215e-02,-2.16089385e-02
9.04135909e-02,5.83246887e-02,4.99275425e-02,4.55000043e-02,1.35213619e-02,2.52957984e-02,3.48426017e-02,-2.61659164e-02,1.87185792e-02,2.72604582e-02,-1.79565671e-02,-3.46306344e-02,-2.46618798e-02
4.17876433e-02,2.09032354e-02,-2.17457135e-02,-1.43390349e-02,-1.63988722e-02,1.62325579e-03,1.93140315e-02,-2.15010359e-02,3.87627323e-02,6.15908153e-03,-1.00421687e-02,-3.08807368e-02,-1.56995942e-02
2.99886985e-02,3.11655326e-02,-1.37804035e-02,-1.14650829e-03,-1.94933857e-02,-3.37227039e-02,1.03644958e-02,-3.77458107e-02,7.42401803e-02,5.63499353e-03,1.84246757e-03,-2.84411453e-02,-1.76738745e-02
3.06485032e-02,3.85905311e-02,-1.19398996e-02,2.41918247e-02,1.01978158e-03,-5.44182884e-03,2.05874353e-02,-3.38174667e-02,6.66861460e-02,7.61073565e-03,-5.20756948e-03,-5.12691410e-02,-1.34710903e-02
3.35523352e-02,3.00359785e-02,-2.42408612e-02,2.50474204e-02,9.20904680e-04,-4.00047844e-04,2.48057804e-02,-1.83935046e-02,4.47547970e-02,-3.14492838e-04,6.38923483e-03,-3.74301717e-02,-2.42402616e-02
1.80795815e-02,-1.23527466e-02,-4.74887383e-02,-2.53854053e-03,-4.31639269e-03,1.69533809e-02,-1.39204681e-02,-1.26577608e-03,5.15651480e-02,-2.48621998e-03,-1.99232432e-02,-4.32647118e-02,-1.25130969e-02
3.67528682e-02,-1.87193514e-02,-8.93802250e-02,-4.88501806e-02,-3.53912475e-02,-2.69535421e-02,-4.38303924e-02,-1.29435658e-02,1.32305345e-02,-1.56850064e-02,7.91149469e-04,-1.10283162e-02,1.22787271e-02
2.69295342e-02,-3.33499389e-02,-7.17167022e-02,-2.16349530e-02,-4.69132089e-02,-4.23959486e-02,-8.38188505e-02,7.07616431e-03,2.69922373e-02,-2.05816093e-03,7.16288195e-03,2.37468101e-02,1.80394890e-02
5.49308713e-02,-1.04656196e-02,-6.55726315e-02,-2.71404469e-02,-1.32661862e-02,-1.41878286e-02,-7.78546403e-02,2.94572834e-02,1.83648991e-02,-8.95169417e-03,1.00328411e-03,3.75639545e-02,2.48221468e-02
7.66657770e-02,2.33255427e-02,-3.64676299e-02,1.00645954e-02,1.84193139e-02,-1.16893711e-02,-8.30952743e-02,3.61443916e-02,-2.56590820e-02,-9.71485745e-03,1.64319578e-02,4.25862532e-02,4.45258261e-02
6.29979740e-03,2.74312951e-02,-5.21030199e-02,-3.26103476e-02,2.94608748e-02,3.31586718e-03,-9.03880084e-02,2.77045678e-02,-1.82392012e-02,-2.55855263e-02,2.83976884e-02,5.84291513e-02,2.49682165e-02
-6.12482077e-02,1.07719606e-02,-4.23314182e-02,-3.21324822e-02,5.49741208e-03,3.97272303e-03,-5.95456293e-02,-2.12630269e-02,-2.16848957e-02,-3.71033041e-02,2.86083885e-02,8.26441394e-02,9.62522611e-03
-1.16608111e-01,4.86529960e-03,-2.34187688e-02,-4.63937474e-02,-1.35947962e-02,5.20151700e-02,-9.67990675e-03,-3.54756761e-02,-1.70454995e-02,-1.58296467e-02,1.60459070e-02,6.51068888e-02,-7.25215332e-03
-9.69971222e-02,1.52574147e-02,2.28853052e-02,-2.27319688e-02,7.86580393e-03,7.92920190e-02,2.91931664e-02,-2.94732034e-02,-6.02899932e-03,-2.13878858e-02,1.31579133e-02,5.73860516e-02,-2.21365655e-02
-8.66176713e-02,4.23237257e-02,4.89319809e-02,2.79491016e-03,1.82922117e-02,1.10215389e-01,2.93490005e-02,-6.01755939e-02,1.97665628e-03,-2.05986221e-02,-2.89873835e-02,2.35882888e-02,-3.11673921e-02
-9.91690265e-02,-6.09504195e-03,7.38476632e-03,-4.04446474e-02,1.70677959e-03,8.31111776e-02,1.47028712e-02,-8.50367294e-02,-1.13775095e-03,-3.67870963e-02,-3.88448554e-02,1.62027041e-02,9.12417729e-03
-1.20389738e-01,-4.63305610e-02,-1.75299497e-02,-6.56100228e-02,-3.68536717e-02,4.08779025e-02,-2.53842629e-02,-7.35838748e-02,2.31951708e-02,-2.04729062e-02,-3.48970363e-02,2.10237105e-03,-8.70169274e-04
-4.79242677e-02,-6.60359476e-02,-1.17434328e-02,-2.35477339e-02,-1.63847012e-02,6.34840032e-03,-3.89398723e-03,-4.47745895e-02,2.38650302e-02,-1.49368575e-02,-2.79459088e-02,-3.45614343e-02,-1.16989062e-02
9.00469995e-03,-4.94085613e-02,2.61579572e-02,3.37667746e-02,1.04045474e-02,2.00942696e-02,2.63138956e-02,-3.05449540e-02,-1.48880819e-02,-2.76355545e-03,-4.06027169e-02,-6.27389813e-02,3.63643895e-03
8.61971754e-03,-4.63867869e-02,-2.08949309e-03,3.32414464e-02,3.04545693e-02,4.89614378e-03,9.80631487e-03,-1.88906517e-02,-2.20840909e-02,-3.16082824e-02,-4.07577060e-02,-8.37527291e-02,5.17646766e-03
-9.84428672e-03,-3.39874999e-02,-8.75998491e-03,5.76664435e-02,-2.20665017e-02,-3.24076621e-02,2.86191792e-02,-2.18064788e-02,-1.97119427e-02,-3.76527526e-02,-2.90049304e-02,-7.95533963e-02,-5.56719763e-03
-3.62035100e-02,-5.12564439e-02,-8.47637014e-02,4.79949334e-03,-7.26122780e-02,-3.98436807e-02,4.46440202e-02,1.74284358e-02,-8.92277016e-04,-4.08000266e-03,6.48084492e-03,-5.89476192e-02,6.88448033e-03
4.59917351e-03,-1.59706197e-02,-4.69180154e-02,4.23701380e-02,-3.05510567e-02,-1.96761146e-02,7.34050268e-02,5.13378370e-02,-3.71540381e-02,-8.19026722e-03,2.19813104e-02,-3.72686403e-02,-9.54275799e-03
6.29699352e-02,5.45408041e-02,1.17543200e-02,7.96543233e-02,-2.19478377e-02,6.73141548e-03,5.89195445e-02,3.51563930e-02,-4.77640384e-02,-7.30076964e-03,-1.77056103e-03,-1.93858082e-02,1.66564336e-04
4.59129435e-02,3.99710641e-02,-5.09010182e-03,6.66419679e-02,-2.47236194e-02,-1.93397084e-03,4.63787236e-02,3.12832163e-02,-3.71749391e-02,-1.83186149e-02,-2.19075008e-02,-1.10064696e-02,3.65239221e-02
4.20817266e-02,2.75005651e-02,-5.10319759e-02,3.66848387e-03,-4.32957706e-02,-7.94254153e-03,2.40044315e-02,3.29324924e-02,-4.80295814e-02,-1.98828715e-02,-2.45605306e-02,-6.29728795e-03,1.18938669e-02
6.67398467e-02,1.45556406e-02,-2.32799483e-02,-1.33020968e-03,-1.87933877e-02,-4.27169701e-02,-1.01513749e-04,4.72287300e-02,-1.09722038e-02,-7.92456460e-03,-8.87499658e-04,9.27449786e-03,-5.54114086e-03
9.47979689e-02,3.41749499e-02,1.96869559e-02,6.36065131e-03,2.99211399e-02,-2.53697150e-02,1.66946951e-02,1.05631218e-02,-7.64308281e-03,2.54475236e-02,1.70086389e-02,1.74550739e-02,-2.98889172e-02
1.04517349e-01,3.94464174e-02,2.01194660e-02,5.08454144e-04,6.21533323e-02,-1.71583821e-02,4.77298612e-03,-1.31499735e-02,-2.95748322e-02,8.65158613e-03,-9.17463837e-03,-9.67399451e-03,-1.65610668e-02
6.55543626e-02,1.56684732e-02,-3.96582681e-04,9.43618889e-03,3.83357275e-02,-3.16238290e-02,1.98704976e-02,-3.61756772e-03,2.32921069e-03,3.76019744e-02,-1.58778665e-02,-3.26389331e-02,-4.42033653e-02
7.17130278e-03,-1.81060127e-02,-5.58838757e-02,-5.01501197e-02,5.52714368e-03,-4.32419418e-02,-2.32149105e-03,1.60403217e-02,4.46719869e-02,6.21180516e-02,4.69781597e-03,-1.18335876e-02,-2.69018553e-02
-1.07476248e-02,-1.04824060e-02,-2.87544163e-02,-4.94327248e-02,3.74959827e-02,-2.17129224e-02,-1.59446750e-02,9.24971649e-03,1.02754053e-02,3.46256451e-02,2.62594871e-02,1.63612956e-02,-3.94545182e-02
1.69737955e-02,3.37820612e-02,4.99702955e-03,-4.98845447e-02,3.18842653e-02,1.49782182e-02,-3.01429366e-02,-7.00532811e-03,3.45859975e-02,3.09696864e-02,1.06693090e-03,3.04565226e-02,-2.15800385e-02
-2.96349410e-02,9.30245898e-03,2.26785585e-03,-5.54139472e-02,-5.44498870e-03,1.23437490e-02,-1.48235281e-02,-1.88078551e-02,2.30232775e-02,2.88225916e-02,1.49447330e-03,2.25681839e-02,1.82779884e-02
-3.21725248e-02,-1.49618782e-02,-3.37456813e-02,-5.11342567e-02,-1.00827898e-02,2.38958250e-02,1.03226307e-02,-5.39893821e-05,7.68830684e-03,1.94540047e-02,-7.42870238e-03,1.24616174e-02,2.07729462e-02
-6.46408839e-02,-3.13919477e-02,-2.27463234e-02,-6.31663643e-02,-3.62801917e-02,1.83175664e-02,7.63091490e-04,4.77228876e-03,6.71225303e-03,-2.36591474e-03,1.98182329e-02,2.33079308e-02,8.03825065e-03
-3.95696988e-02,-1.93316661e-03,3.23099695e-02,-3.74950173e-02,-2.49329382e-02,1.06568269e-02,-1.10556899e-02,-2.73450433e-02,2.90355104e-02,-1.01922368e-02,5.06271939e-02,2.96040466e-02,-2.04734212e-03
-2.19136041e-02,2.60059626e-02,5.24183068e-02,-2.72896192e-02,-2.74473858e-02,1.36474874e-02,4.77333344e-05,-4.05924525e-02,2.51756575e-02,-3.17963398e-02,4.26498371e-02,4.96027526e-03,1.18427261e-02
-8.00616370e-02,-6.13510599e-03,1.56468649e-02,-3.11265080e-03,-3.97233625e-02,-5.72378009e-03,-2.50627696e-03,-5.15756187e-02,3.47650204e-02,-1.38809223e-03,4.67202878e-02,2.20785939e-02,3.15048332e-02
-8.55833433e-02,-6.58108169e-03,2.91986331e-02,2.53979197e-02,-5.20499023e-02,-5.38450599e-03,-1.97731165e-03,-4.97565795e-02,4.29655092e-02,1.36005827e-02,1.48995589e-02,1.92850320e-02,3.98344100e-02
-8.81310370e-02,2.91862641e-03,3.67713064e-02,1.78419015e-02,-3.84183596e-02,-1.17751056e-02,-1.18157203e-02,-5.37161309e-02,3.40059408e-02,-1.71504906e-02,1.42026102e-02,3.83431103e-02,-3.69525556e-03
-7.61985528e-02,5.44312729e-02,7.05839968e-02,9.32425945e-03,-4.32889420e-02,2.02602094e-02,-1.91723806e-03,-4.23813892e-02,5.16530442e-02,-3.92843602e-02,-4.03128164e-02,3.01528604e-02,-2.49032929e-02
-1.07330092e-01,5.62531894e-02,5.47061257e-02,-3.69520515e-02,-7.67707530e-02,-7.48247466e-03,6.53675422e-03,-3.50207018e-02,5.49167505e-02,-4.48675613e-02,-5.88207741e-02,2.27828887e-02,-8.10285990e-03
-5.94373766e-02,5.93949052e-02,2.36007577e-02,-1.06998896e-02,-2.33933218e-02,1.38854550e-02,2.01741875e-02,-1.15390442e-02,4.98270180e-02,-2.56708178e-02,-7.82476449e-02,1.43111248e-02,9.16321585e-03
-4.69668637e-02,5.56463259e-02,-1.41747209e-02,-4.98140764e-02,-4.56999070e-02,1.89681283e-02,2.91861053e-02,-1.15231261e-02,2.34014283e-02,-1.41325526e-02,-6.27501254e-02,-2.41072056e-02,-1.00831240e-02
-1.29118792e-02,8.75852650e-02,-6.09777285e-03,-6.19213513e-02,-3.11674190e-02,2.79271405e-02,4.19217550e-05,-1.03765799e-02,1.68433039e-02,2.15079432e-03,-4.94922350e-02,-4.00178294e-02,-1.60761651e-02
1.37846068e-02,6.88552502e-02,3.77575314e-03,-4.13843575e-02,-2.80722909e-03,5.05611007e-02,7.63293075e-03,-9.86828802e-03,-1.35253376e-03,-1.40470568e-02,-4.48090793e-02,-5.95084105e-02,-1.20229083e-02
-2.24718944e-02,2.27711555e-02,-3.12680731e-02,-3.71783686e-02,-4.56022279e-03,5.05543488e-02,3.21467792e-03,9.61088123e-04,1.39242714e-02,2.18348729e-02,-4.80398916e-04,-8.65802183e-03,4.31428665e-02
6.11662020e-03,1.44040181e-03,-3.62145395e-02,-8.96617469e-03,-4.99473764e-03,4.99603661e-02,3.01077210e-02,4.86236542e-03,2.47241605e-02,4.40020488e-02,2.47994527e-02,-7.99938739e-03,4.99506126e-02
-1.48338614e-03,-5.33033583e-02,-7.81828757e-02,7.01442161e-04,1.43931262e-02,3.15293969e-02,2.69824624e-02,4.38720759e-03,3.15481723e-02,7.10510483e-02,5.53439699e-02,3.28889156e-02,3.36695950e-02
1.09437394e-02,-1.53467353e-02,-3.49396720e-02,4.55714461e-03,2.13316116e-02,2.71729792e-02,3.77924228e-02,3.33909163e-03,1.58532154e-02,6.99890376e-02,4.32058593e-02,1.82092404e-02,9.16569491e-03
-1.32460048e-02,-3.82341734e-02,-8.19880014e-03,2.02651934e-02,-4.80502643e-03,-3.21838429e-02,2.06225883e-02,5.65624858e-03,5.96545378e-03,2.28777881e-02,2.85765178e-02,2.15610101e-02,8.80166397e-03
-1.07218198e-02,-4.93485943e-02,1.89807662e-02,5.75015489e-02,2.83289799e-02,-6.51467567e-03,5.97211010e-02,2.12479731e-02,2.71828754e-03,9.32716691e-03,4.47025901e-02,3.31405371e-02,-2.37439909e-03
-4.56990363e-03,-8.11141645e-02,-1.81464576e-02,2.95037520e-02,7.26156833e-04,-5.53180803e-02,1.87578990e-02,1.25036924e-02,1.04778054e-02,-3.82408424e-03,3.10610897e-02,4.18082117e-03,-1.22477412e-02
5.20973630e-02,-1.18854515e-02,3.40726976e-03,6.36568888e-03,-9.54602890e-04,-5.58742797e-02,-2.80571363e-02,-1.07782429e-02,3.79417237e-03,-1.57364240e-02,8.77105530e-04,-1.35981257e-02,-4.13432282e-02
6.45604343e-02,-3.68405086e-02,1.09006563e-02,5.03152178e-02,4.47674615e-02,-1.21921836e-02,-4.15772430e-02,-1.66402343e-02,4.86447428e-03,-2.96766605e-02,-2.15043939e-02,-1.49647656e-02,-4.95513027e-02
1.67095724e-02,-7.44981732e-02,-4.27034245e-03,2.70462455e-02,1.68881270e-02,-1.30804104e-02,-3.72221320e-02,-4.33853875e-03,2.26747788e-02,-3.13157067e-02,-2.50320938e-02,2.62706170e-03,-2.54682132e-02
3.62948933e-02,-8.10763850e-02,-2.08319111e-02,-3.02779797e-03,1.49220612e-03,-4.67588896e-02,-3.93851278e-02,-9.73105883e-03,2.26657250e-02,-4.01330216e-02,-4.77576137e-02,-8.37434272e-03,-4.17718220e-02
9.33338641e-03,-1.07807023e-01,-4.96321833e-02,-5.69540406e-04,2.75836757e-02,-1.33231739e-02,2.15045921e-03,3.33824339e-02,3.78738242e-02,-1.17215967e-02,-2.14374149e-02,2.60002850e-02,-5.55520117e-02
3.12080124e-02,-6.14149366e-02,-2.66127365e-02,2.10173133e-02,3.54324733e-02,1.60529056e-03,1.12018142e-02,4.10106822e-02,4.24056619e-02,2.98577752e-02,-3.99685868e-02,1.08397567e-03,-6.12525980e-02
6.45714842e-02,-8.73353951e-03,9.89270387e-03,5.13224916e-02,-3.42336499e-03,-3.75347322e-03,1.19839204e-03,1.30547426e-02,2.24616718e-02,2.70464885e-02,-5.54961909e-02,1.33499898e-02,-4.75585963e-02
3.78320087e-02,2.44652359e-02,8.97396425e-03,3.29640221e-02,-1.55784052e-02,2.62123533e-02,3.74886704e-02,3.12902839e-02,2.44349362e-02,3.85241365e-02,-3.60979793e-02,1.69570395e-02,-1.02214605e-02
-3.11619251e-02,7.09306050e-03,-2.28104057e-04,1.81294286e-02,-2.06527081e-02,-3.58789972e-02,-4.58938720e-02,7.07498648e-02,2.58724926e-02,1.93397577e-02,-1.81804808e-02,-9.34146815e-03,5.31122865e-02
2.28167813e-02,1.37092933e-01,8.33648098e-02,-4.08228450e-03,-3.93814361e-02,-7.93167501e-03,-4.84421167e-02,8.32248993e-02,4.21702985e-02,-1.10588593e-03,1.72818018e-02,-2.40675016e-05,7.11949510e-02
7.13418376e-03,1.12980902e-01,7.50447817e-02,1.38092540e-02,-2.58685939e-02,2.90068394e-02,-9.55415997e-02,4.38932744e-02,6.60058999e-02,2.40557163e-02,7.38069859e-02,-8.60374019e-03,1.03669999e-01
-4.53251989e-03,9.07188643e-02,6.00227378e-02,-1.12659522e-02,-4.10714540e-02,2.59991776e-02,-1.24006162e-01,-2.05745526e-02,3.70987213e-02,-2.01231966e-02,7.25285892e-02,1.31018512e-02,1.20764652e-01
-2.25634487e-03,5.58134924e-02,5.58684897e-02,-1.49044569e-02,-1.10328374e-02,-2.76740166e-02,-2.03947252e-01,-9.33905409e-02,2.07364329e-04,-4.12115288e-02,4.17173087e-02,2.23936868e-02,1.48115276e-01
-1.94312477e-03,2.91261023e-02,6.89134048e-02,-5.88001076e-04,4.31660339e-02,-1.02442252e-02,-1.66346592e-01,-8.96696779e-02,-1.19807057e-02,-6.53037396e-02,5.89429837e-02,3.74181407e-02,1.19268696e-01
-4.12926356e-03,-8.58007302e-03,6.41837223e-02,2.02687574e-02,8.88881364e-02,8.63267092e-03,-1.49084026e-01,-7.89659133e-02,-1.53172830e-03,-6.03389207e-02,2.72518209e-02,3.17520155e-02,1.06502525e-01
-9.89801810e-04,2.08565069e-02,9.72169493e-02,5.10004547e-02,8.69734587e-02,2.07902703e-02,-1.00970525e-01,-7.35201173e-02,-3.80873311e-03,-5.17293440e-02,1.61398447e-02,5.19652214e-02,5.89776658e-02
1.60086005e-02,1.08013990e-02,7.66362424e-02,3.98869745e-02,8.05547679e-02,3.38054537e-02,-7.27592234e-02,-7.56401922e-02,-5.73296981e-03,-4.61707336e-02,-2.76270253e-02,3.67370319e-02,2.44860970e-02
-3.26203309e-02,-3.12308908e-02,8.01455176e-02,4.85213805e-02,7.04736253e-02,6.14859396e-03,-5.37032855e-02,-2.22242970e-02,-3.39306356e-02,-6.39660309e-02,-5.39969291e-03,1.26096912e-02,1.55513217e-02
-2.13593723e-02,3.20127160e-02,1.12558418e-01,2.64472398e-02,3.80484954e-02,1.33380257e-02,4.26561927e-03,4.94254222e-02,-2.78857918e-03,-7.25153211e-02,2.12530580e-02,5.46235201e-03,-1.42430459e-02
-6.67019119e-02,-5.52440426e-03,6.37210084e-02,1.05440513e-03,-8.78035336e-03,-1.69081343e-03,-3.30766729e-03,4.06771896e-02,-2.24112657e-02,-5.19730639e-02,6.62222535e-02,-2.45971794e-02,-3.79051057e-02
-1.84238626e-02,-1.73431449e-02,1.91322815e-02,-3.43354500e-02,-1.83868165e-02,1.60536862e-03,2.41951899e-02,3.67600589e-02,-4.97999433e-02,-4.66662852e-02,4.85991411e-02,-4.22579094e-02,-8.04498066e-02
-3.37591466e-03,-3.55549326e-02,5.32469509e-03,-5.30659227e-02,-1.11171888e-02,-2.55259359e-03,-3.17443521e-04,-4.86370928e-03,-5.76296430e-02,-3.38409117e-02,3.43994624e-02,-4.01895870e-02,-7.03018756e-02
4.28139458e-02,-3.38697429e-02,6.08599149e-03,-3.23088830e-02,3.03834422e-03,5.38071950e-03,1.59181638e-02,-3.45566437e-02,-5.85697303e-02,-2.21192364e-02,4.59632851e-02,-4.47754815e-02,-8.15691509e-02
2.60529064e-02,-5.02208721e-02,-5.30294819e-02,-6.73474791e-02,2.01124619e-02,3.13674822e-02,1.77779791e-02,-4.65195148e-02,-2.51659171e-02,-3.44686349e-03,4.95651157e-02,-2.45726990e-02,-3.70058330e-02
1.77603609e-02,-2.46609203e-02,-6.56590838e-02,-5.73482248e-02,3.98534733e-02,3.16517527e-02,1.89287082e-02,-6.56853678e-03,-1.43906090e-03,1.04649978e-03,4.86572301e-02,-1.35383792e-02,-4.89475932e-02
3.38537780e-02,-3.02765220e-03,-6.01612487e-02,-6.11417475e-02,4.27297964e-02,5.80351011e-02,2.99665862e-02,-1.13732442e-02,3.23646195e-03,1.00565341e-02,1.97044034e-02,-4.41200088e-02,-6.91719841e-02
1.92569241e-02,-1.68073881e-02,-4.49903489e-02,-5.87681600e-02,8.76001233e-04,4.74802970e-02,6.28508979e-02,-1.81641741e-02,-1.06991171e-02,1.29241455e-02,1.69640032e-02,-4.00895932e-02,-4.12689418e-02
1.65661914e-02,4.21404149e-02,-1.15189701e-02,-6.46757745e-02,-1.22306347e-02,3.60805914e-02,6.75447727e-02,-1.88896053e-02,-3.84999740e-04,1.56156207e-02,1.88771931e-03,-2.74220260e-02,-3.16317092e-02
-2.39020524e-03,3.31733224e-02,-1.79700326e-02,-4.48609173e-02,-2.26259814e-02,2.04399061e-02,4.03391114e-02,-3.08832155e-02,-2.93289659e-02,1.18108636e-02,-2.59967079e-03,1.29760443e-02,-1.86147579e-02
3.00845007e-02,3.25577533e-02,-3.42374935e-02,-5.73210602e-03,-1.29719735e-02,-1.79834226e-02,3.57733908e-02,6.55677634e-04,-4.06948156e-02,2.23099612e-02,-7.05300382e-03,1.28540554e-02,-3.20487478e-02
5.93453659e-03,1.11804878e-02,-3.41005393e-02,-8.24822525e-03,-1.45384709e-02,6.26139558e-03,6.94171208e-02,6.58206695e-03,-5.45466162e-02,1.54502985e-02,-3.40986099e-02,-3.73112701e-03,-4.22610149e-02
1.15776659e-02,-3.28879012e-03,2.54339402e-02,4.81306688e-02,-8.13044034e-03,1.62398740e-03,7.59659494e-02,-2.14700159e-03,-7.15168557e-02,1.68695369e-02,-1.84999154e-02,2.85279674e-02,3.82585796e-03
-5.04861181e-03,-4.25550966e-02,2.95623024e-02,7.56066032e-02,1.33011893e-03,-1.17729306e-03,6.18321149e-02,1.32971441e-02,-6.13827515e-02,2.66028764e-02,4.86328529e-03,4.99426868e-02,5.07244526e-02
2.58229329e-02,-7.97195008e-02,1.35444473e-02,1.05511347e-01,2.27882379e-02,-9.37909583e-03,3.88304006e-02,7.15137476e-02,-3.37576940e-02,3.05360251e-03,6.96940422e-03,3.84103142e-02,4.43515910e-02
4.33773328e-02,-6.43504644e-02,3.93111702e-03,8.76474302e-02,1.02846372e-02,5.25554330e-03,2.20929719e-02,9.56981151e-02,-1.11426913e-02,-1.46225820e-02,3.27407817e-03,-1.09886738e-02,2.80487398e-02
-3.46794639e-03,-1.24240163e-01,-1.18872980e-02,6.58796908e-02,-2.85364498e-02,-4.77255021e-03,-7.70351392e-03,8.54606510e-02,-4.33681879e-03,-3.71185900e-02,-2.06131222e-02,-4.99538489e-02,5.51431386e-02
-2.16687785e-02,-5.94513879e-02,3.12309427e-02,2.75385537e-02,-4.73665547e-02,-2.06056279e-03,3.23125323e-03,6.74459567e-02,-1.21356740e-02,-6.33973072e-02,-3.78113614e-02,-6.05799255e-02,4.47976602e-02
-2.52753915e-02,-2.54796291e-02,2.70266297e-02,-8.18418583e-03,-4.97170253e-02,-2.49794264e-03,-1.84285279e-02,4.71674120e-02,2.94330146e-02,-3.79121012e-02,-4.56916642e-02,-2.64167741e-02,3.72586581e-02
1.04339494e-02,2.81294702e-02,1.69931258e-03,1.13790940e-02,-7.15074134e-02,-1.89059312e-02,-3.20956142e-02,5.19434967e-02,5.81211086e-02,-1.71157334e-02,-3.09832857e-02,-4.30527952e-02,5.34659007e-03
-3.22341399e-02,4.01972218e-02,-3.03850373e-02,8.53029779e-03,-5.98960367e-02,9.79661079e-04,2.49078155e-03,3.41999871e-02,5.65089914e-02,1.41245329e-02,-4.05584658e-02,-6.46158368e-02,-3.04333853e-02
-4.87059436e-02,4.38560319e-02,-3.92942463e-03,2.64734759e-02,-4.42423906e-02,2.42974712e-02,2.20776342e-02,1.14484965e-02,5.54294322e-02,2.51545741e-02,-3.41606601e-02,-9.21738917e-03,-3.36332658e-03
-2.61311007e-02,5.27746289e-02,1.45772766e-02,3.71426136e-02,-1.81146855e-02,5.74318892e-03,8.29817231e-03,-9.82065006e-03,3.68308053e-02,3.17170065e-02,-3.08892150e-02,1.09228150e-02,1.72499965e-02
2.19980592e-03,2.82207000e-02,5.71025150e-03,4.31862446e-02,1.90994720e-02,-8.17346494e-03,1.67764716e-02,1.06041781e-02,4.28648924e-02,3.87180587e-02,-3.80304604e-02,3.15612310e-03,1.79689952e-02
2.28827617e-02,6.19787494e-02,2.00535484e-02,5.32246632e-02,1.89053650e-02,-2.96123067e-02,-6.36909212e-03,1.68676427e-03,5.96604384e-02,6.25835666e-02,-1.57841157e-02,-1.13150337e-02,4.81929939e-04
1.06826927e-02,1.02186023e-02,3.30326807e-03,3.82026319e-02,1.79223434e-02,-2.87877737e-02,-2.47517468e-02,1.64121773e-02,5.26935322e-02,3.54983448e-02,-2.56407046e-02,-4.26818350e-02,1.70579744e-02
-8.69420563e-03,-2.40712225e-03,2.61487731e-02,2.71680522e-02,3.63393354e-02,-4.84284043e-03,8.71679828e-03,2.01350784e-02,6.64685802e-03,-1.14887956e-02,-2.83337563e-02,-5.09178088e-02,1.74779552e-02
-5.62788507e-03,-6.72301112e-04,2.29118041e-02,2.42545834e-03,2.61404077e-02,-2.17299413e-02,-4.89178099e-03,1.57386465e-03,-2.49234707e-02,-3.92307925e-02,-5.21894865e-02,-5.56309608e-02,-6.36826412e-04
4.77614898e-03,6.63201127e-03,2.95428274e-02,3.80452664e-03,6.86443775e-03,-1.02585424e-02,-8.12213352e-03,1.56521575e-02,-3.96676803e-02,-2.36382247e-02,-2.91223869e-02,-5.15540779e-02,-2.79000249e-02
-1.47317257e-02,-1.98787703e-02,1.00247391e-02,3.72683222e-03,-1.76356678e-02,-1.28453759e-02,-9.70623428e-03,2.48117098e-02,-5.21583104e-02,6.99392298e-03,-2.04805514e-02,-5.99875526e-02,-2.41041019e-02
1.02897099e-02,-2.42204923e-02,-2.00532773e-02,7.33654183e-03,-3.60432413e-02,1.63536180e-02,3.41135628e-03,3.69857734e-02,-6.69091232e-02,2.23225507e-02,-1.15262991e-02,-4.11761154e-02,-9.50141043e-04
4.29150988e-02,-2.30216169e-02,-2.17319748e-02,9.87831358e-03,-2.61003145e-02,2.96779609e-02,-1.53430540e-02,3.65000668e-02,-8.44885929e-02,1.86499550e-02,1.52645216e-03,-2.09307980e-02,1.02650874e-02
5.29094018e-02,-3.95057915e-02,-3.91853355e-02,-2.04710753e-03,-2.85617468e-02,1.40102328e-02,-1.37793053e-02,4.96345622e-02,-8.04231843e-02,3.06009509e-02,1.31813054e-02,-2.14097274e-02,1.32119547e-02
5.93248343e-02,-1.03061632e-02,-1.68062427e-02,6.91647025e-03,-3.37864487e-02,-1.95469157e-02,-1.23335566e-02,3.49080841e-02,-3.92782226e-02,7.58545290e-02,3.49006999e-02,-9.87826592e-03,1.12961191e-02
6.36092784e-02,-8.52989029e-03,-2.05050372e-02,-1.54553839e-02,-3.03737243e-02,-4.01193156e-02,3.01765572e-02,4.47254080e-02,-1.55039159e-03,6.42628009e-02,3.37984455e-02,-7.64223009e-03,2.05171573e-02
4.71347544e-02,-1.39103545e-02,-1.16693344e-02,-3.14479974e-02,7.95170447e-03,-4.15661766e-02,5.97132414e-02,1.10791285e-02,-5.12721295e-03,2.77315324e-02,2.39682559e-02,-5.60534849e-04,3.61404821e-02
3.11808488e-02,2.32875760e-05,1.28159292e-03,-3.27106606e-02,3.47616190e-02,-8.13357636e-02,6.27703841e-02,-1.79442269e-02,8.43171113e-03,5.01213982e-03,1.14397380e-02,-6.14416939e-03,1.07877548e-02
-2.88977933e-03,-1.33769920e-02,-1.87555938e-02,-6.50773931e-02,5.00447263e-02,-8.76298375e-02,5.94244158e-02,-3.91821213e-02,1.22776326e-02,2.22237382e-03,8.35378835e-04,2.97134745e-02,-1.11337923e-02
-2.91670742e-02,-1.91219551e-02,-2.85532748e-02,-8.42169109e-02,3.48041049e-02,-7.59191387e-02,5.71434529e-02,-3.07393896e-02,2.93325751e-02,-5.37773942e-03,-2.56490940e-02,3.68030223e-02,-1.50335549e-02
-4.51935197e-02,-9.44043852e-03,-4.46359017e-02,-8.12538295e-02,7.52748364e-03,-6.66154895e-02,5.97340660e-02,-1.54509401e-02,2.39547861e-02,7.74027148e-04,-2.55156491e-02,5.55781767e-02,7.16014263e-03
-3.88651352e-02,6.35263360e-03,-3.06102371e-02,-4.56616138e-02,2.67557418e-02,-2.81468585e-02,3.04551955e-02,-2.45963342e-02,-9.46724431e-03,-8.27275018e-03,-1.46298629e-02,7.45159406e-02,-1.20964891e-05
-3.24512635e-02,1.52539071e-02,-3.64882588e-02,-3.57002680e-02,1.54192045e-03,-2.51367203e-02,-1.00206213e-03,-8.88516967e-03,-3.10391794e-02,-1.15358178e-02,1.18173570e-02,7.92493607e-02,-1.10052151e-02
-1.78036973e-02,1.79851066e-02,-3.35201924e-02,-1.49671043e-02,-1.98336768e-03,-3.79881921e-03,1.56596847e-02,3.04434866e-02,-1.28618813e-02,8.09172631e-03,2.54014026e-02,6.60450344e-02,-5.91912752e-03
-3.10522108e-03,1.61735800e-02,-1.41072833e-02,-4.61361137e-04,-5.52622882e-03,1.87475213e-02,3.05991217e-02,3.55757641e-02,2.39531686e-03,1.75246627e-02,5.42554628e-02,5.03447600e-02,6.69958820e-04
-2.16960942e-02,7.53513249e-03,8.15126464e-03,5.76521228e-03,-1.44545777e-02,9.08815350e-03,-1.22964833e-03,3.84814832e-03,3.71332320e-04,-1.67131155e-02,6.16966023e-02,3.15096285e-02,3.09871542e-02
-4.40554364e-03,2.18942685e-02,4.64057332e-02,2.69061922e-02,2.94265091e-02,1.66248841e-02,1.69014488e-03,-1.47895198e-03,1.88426372e-02,-1.40252589e-04,6.17463870e-02,1.24235027e-02,2.73380607e-02
-5.40988934e-03,-1.99597542e-02,1.48675718e-02,2.05149329e-02,5.12656633e-02,2.57983489e-02,1.62170568e-02,-1.90060827e-02,5.36061841e-03,1.42104727e-03,5.77124496e-02,-9.00626067e-03,1.90692325e-02
-4.34374361e-02,-6.03800835e-02,-2.26981482e-02,-2.38608302e-02,4.80748125e-02,2.69162119e-02,-8.14220622e-03,-7.20285709e-03,2.17136432e-02,1.62791253e-02,4.85012998e-02,-9.56263892e-03,-2.60413057e-03
-8.19009685e-02,-7.91856260e-02,-1.49607456e-02,-2.06678030e-02,2.93696418e-02,1.61605560e-02,-1.12134926e-02,-9.57290459e-03,1.59039740e-02,3.75391849e-02,6.08798640e-02,-2.13821992e-03,-1.50728545e-02
-6.73348118e-02,-4.92965495e-02,-1.06307535e-02,-1.33967047e-02,4.22585848e-02,2.10261101e-02,-1.52252118e-02,-3.58019809e-02,-2.74995027e-02,2.91067558e-02,5.41802312e-02,1.06875293e-02,-2.41410761e-02
-6.24536593e-02,-1.85470963e-02,6.95479069e-03,3.37822629e-03,2.12048955e-02,-1.84270200e-02,-1.92006931e-02,-4.55156157e-03,-2.77728794e-02,4.36417778e-02,4.70260971e-02,9.77013556e-03,-4.19834634e-02
-3.96814540e-02,1.46038659e-02,2.63366624e-03,2.58700380e-02,3.84445895e-02,-3.13215292e-02,-2.45386723e-02,1.19632252e-02,-5.39108428e-02,4.55289736e-02,3.56375849e-02,1.31041330e-02,-4.33541836e-02
-2.70261390e-03,1.80561911e-03,6.30605856e-03,2.82537766e-02,5.28911005e-02,-2.27107001e-02,8.04950416e-03,2.96621305e-02,-3.08702599e-02,4.55144027e-02,3.02102530e-02,1.04625853e-02,-5.95061877e-02
-3.27225344e-02,8.71640434e-04,5.13776304e-02,6.91913930e-02,5.78006771e-02,-2.31404588e-02,-3.36893933e-02,1.62150792e-02,-2.06233323e-02,1.69694816e-02,2.50816258e-02,7.68466685e-03,-3.85479949e-02
8.55407058e-03,1.76226287e-02,3.23536748e-02,4.80026562e-02,6.72178907e-02,-2.22621143e-02,-3.80152758e-02,2.68218151e-02,9.31068212e-03,1.70807948e-02,6.05253387e-03,1.91522943e-02,-1.35411520e-03
5.74031582e-02,-4.78796707e-04,3.12830135e-02,7.58668668e-02,7.23141897e-02,-4.85328449e-03,-1.50206947e-02,1.40533986e-02,-1.39745117e-02,-1.46332668e-02,-1.83144981e-02,3.80875226e-03,2.49368078e-02
4.30851748e-02,-2.14133086e-02,-2.16488011e-02,3.52435015e-02,6.99583280e-02,-8.54890679e-03,-4.66839127e-02,1.58053422e-02,7.87008991e-03,-1.32157455e-03,-2.51321867e-02,1.68453307e-03,1.69355055e-02
3.19895081e-02,-6.64296661e-02,-5.01389276e-02,1.44340552e-02,4.64211603e-02,1.52544874e-02,-2.65306485e-02,1.51886589e-02,3.00221800e-03,1.80486728e-02,-2.13941623e-03,6.99968190e-04,1.63263589e-02
3.39048073e-02,-5.71384455e-02,-6.93243519e-02,-1.35966273e-02,2.42076820e-02,4.16486263e-02,4.55938556e-03,-2.07856462e-02,1.74002567e-03,1.39862469e-03,-8.32639442e-03,6.78912725e-03,1.88353037e-02
2.73166278e-02,-2.86914035e-02,-5.54425582e-02,-7.27526647e-03,-2.76101808e-02,1.89630474e-02,1.24831040e-02,-2.66651886e-02,2.66690854e-02,3.47720730e-02,9.70525151e-03,1.05663166e-03,1.16848532e-02
1.48424390e-02,2.10437861e-02,-2.80034714e-02,1.07476587e-02,-1.74245797e-02,2.71238251e-02,-3.11975765e-03,-5.52613055e-02,-7.79412015e-03,3.81540456e-02,-8.02229722e-03,-1.74836101e-02,1.42079051e-02
1.32458337e-02,-1.74248405e-02,-5.31963644e-02,-2.38067410e-02,-4.21251911e-02,5.58510949e-03,8.59124982e-03,-4.16114822e-02,9.13890801e-03,2.68529530e-02,-2.48632847e-02,-2.07760002e-02,1.37766532e-03
-3.15292819e-02,-2.89472800e-02,1.67533547e-03,2.55597866e-02,-5.39315408e-04,5.08739380e-02,-7.62867730e-03,-6.34068560e-02,-9.99632160e-03,1.75904203e-02,-4.95321388e-02,-3.10553175e-02,-1.53900026e-02
-1.92635128e-02,-1.59069488e-02,-3.20609362e-03,6.97167049e-03,1.45985525e-02,3.47701968e-02,-3.03330652e-02,-4.22391055e-02,2.34915823e-02,3.72124201e-02,-4.02632413e-02,-3.03816624e-02,-6.70445134e-03
6.89620904e-03,4.60906442e-03,4.72709345e-02,4.20347120e-02,1.19070533e-02,2.09616080e-02,-4.75068911e-02,-4.37644273e-02,4.78021687e-03,2.82143163e-02,-4.23896413e-02,-2.28051965e-02,3.04294500e-03
1.59111995e-02,2.43779222e-02,2.87820407e-02,2.63425117e-02,2.58204833e-02,1.69838109e-02,-4.89234135e-02,-1.99481716e-02,2.16290300e-02,2.43542603e-02,-2.94425136e-02,-1.17937296e-02,3.48816063e-03
1.28320084e-02,2.10569536e-02,3.53108187e-02,-6.60435811e-03,1.04350561e-02,2.34380726e-02,-4.25163045e-02,1.28494180e-03,-1.29458018e-03,3.54248657e-02,-7.12437743e-03,2.72789788e-03,-1.68610132e-03
1.23128223e-02,7.55945723e-03,5.64974651e-02,-9.44642155e-03,5.92172964e-03,1.90454951e-02,-1.06380334e-02,1.09965331e-02,1.18042810e-02,1.35960991e-02,-1.41059226e-02,1.55904691e-02,3.35520289e-04
9.50879393e-03,4.27176124e-02,3.18725959e-02,-6.22635106e-03,-3.59964915e-02,2.65848649e-02,2.34831922e-02,3.60327663e-02,4.02659812e-02,3.94223520e-02,1.05848916e-03,2.67291465e-02,-1.15905433e-02
-2.53328682e-02,4.90972044e-02,3.14453413e-02,3.97754376e-03,-1.05864330e-02,2.62930829e-02,5.90939467e-02,6.35125534e-02,7.10313230e-02,5.42452434e-02,1.59088827e-02,1.06540135e-02,-1.59816119e-02
-3.17096512e-02,4.76097504e-03,-2.15451783e-02,-6.62979739e-02,-5.12268428e-02,-5.67363698e-03,1.96869043e-02,8.19354784e-02,5.68964360e-02,4.06001549e-02,2.74606259e-02,1.84148243e-02,1.17926342e-02
-4.07047983e-02,-3.93651016e-02,-3.13361969e-02,-5.78489678e-02,-4.05440042e-02,2.36172542e-02,4.02000870e-02,3.60316619e-02,1.31831181e-02,-8.80820705e-04,7.68547851e-03,2.46248889e-02,2.36398405e-02
2.67636224e-02,-2.99061857e-02,-1.81861625e-02,-6.36502371e-02,-3.81237884e-02,2.43350124e-02,2.63789783e-02,2.90840435e-02,-2.56411967e-02,-4.51568266e-02,1.78109849e-02,1.65477783e-02,2.41193281e-02
2.49178902e-02,-2.39618828e-02,3.71672825e-02,1.57637304e-02,-3.56775721e-02,2.47553527e-02,2.42785407e-03,1.61622444e-02,-6.91638172e-02,-3.98273655e-02,4.35729095e-02,4.47572643e-03,5.31696069e-02
4.14166104e-02,-1.36282517e-02,2.95459441e-03,2.35638525e-02,-2.00664039e-02,4.94772394e-02,4.05937903e-02,3.06755382e-02,-6.24549252e-02,-9.35344920e-02,3.52154297e-02,-4.98210836e-03,4.51558940e-02
3.87840734e-02,2.74766045e-03,9.26738831e-03,8.13382782e-03,-1.03480877e-02,3.37441807e-02,1.95582030e-02,2.29511385e-02,-6.46663106e-02,-8.80073430e-02,5.96204266e-02,-3.52739901e-03,2.07565759e-02
7.52358733e-02,1.80458550e-02,6.89830537e-02,5.15080272e-02,1.44284531e-02,1.61882204e-02,1.01826142e-02,-2.50182926e-02,-8.90274602e-02,-1.22559221e-01,3.10089929e-02,-6.56802600e-04,2.03063991e-02
8.73393422e-02,5.17205567e-02,6.18726642e-02,7.12439223e-02,-3.86496449e-03,3.20388368e-02,3.18996229e-02,-2.60090285e-02,-8.45864204e-02,-1.01310805e-01,4.79516851e-04,-1.19060369e-02,3.12877965e-03
6.46838415e-02,7.30421695e-02,5.87553331e-02,9.44524057e-02,3.30690709e-02,8.96644477e-03,4.93034130e-02,7.78903763e-03,-1.91673891e-02,-6.51423844e-02,-1.54442530e-03,-6.78981008e-03,-8.79769928e-03
6.98719427e-02,6.93037919e-02,1.81947019e-02,5.93328722e-02,1.72299449e-02,-7.91856356e-03,1.50578560e-02,1.59457166e-02,1.71190423e-02,-2.86307029e-02,-4.22581593e-02,-2.58864779e-02,-1.14421532e-02
2.86712037e-02,1.70460817e-02,-9.95213596e-03,5.96628328e-02,4.57964711e-02,1.85976536e-02,2.96318747e-02,7.01792895e-03,2.76747450e-02,2.08069676e-02,-4.75933518e-02,-3.84340091e-02,-1.55383345e-02
8.68938384e-02,2.52122820e-02,-1.32070270e-03,4.37254604e-02,5.71397011e-02,2.45888539e-02,6.29168781e-03,-1.75944439e-02,3.43958845e-02,6.24469547e-03,-6.72033989e-02,-3.00306430e-02,-1.15768734e-02
5.30068735e-02,-2.36447566e-03,2.64871963e-02,7.63154017e-02,4.18103629e-02,2.85308307e-02,-1.25969295e-02,-3.30444905e-02,8.57272313e-03,4.06939071e-02,-4.82824114e-02,-2.14510969e-02,2.07528648e-02
5.41879650e-02,1.37614937e-02,2.85650826e-02,5.77640098e-02,2.11156476e-02,3.98471296e-02,-4.84092534e-03,-1.66853646e-02,1.16319238e-02,-3.07409649e-04,-4.65499023e-02,-1.45230335e-02,1.65640940e-02
1.35831883e-02,1.31904962e-02,2.08520470e-04,2.73934709e-02,5.47560833e-03,-2.76566860e-04,-6.27966447e-03,1.30180079e-02,3.91952185e-02,-1.48821250e-02,-4.38609314e-02,-6.44280408e-03,-1.52909195e-02
1.34910287e-02,1.34147585e-02,3.36404899e-02,4.36593510e-02,3.01516758e-02,3.92951744e-03,3.05991878e-03,-9.89895726e-03,1.41450940e-02,-4.01058792e-02,-2.18223270e-02,9.95723328e-04,-1.03590766e-02
1.21905538e-02,8.60848565e-03,4.81682064e-02,2.04879838e-02,1.40043993e-02,2.14850326e-03,1.65613853e-02,-1.81626375e-02,-4.28904068e-02,-5.24017068e-02,-1.28209967e-02,6.01041041e-03,-7.05657488e-03
-7.43228723e-03,1.98532864e-02,7.17290568e-02,-2.87499604e-03,-1.12334424e-02,-2.27916756e-02,2.46181571e-02,1.56428346e-02,-7.73756833e-03,-4.95136319e-02,-4.62211074e-03,1.73642430e-02,7.89329438e-03
1.98623639e-02,4.89632946e-02,6.07563226e-02,-3.29153150e-02,-4.21287856e-02,-3.70213143e-02,1.18208355e-02,1.42270590e-02,8.84968578e-03,-5.84845224e-02,-1.42118960e-02,1.11613350e-02,2.41172999e-02
-2.59500857e-02,-1.87056689e-03,4.33472025e-02,-6.53654045e-02,-6.01466581e-02,-2.51902550e-02,-7.89008977e-03,2.44119442e-02,2.83767968e-04,-1.73772747e-03,1.56780394e-02,3.47178136e-03,2.52144122e-02
1.77954108e-02,-1.23517581e-02,4.66567141e-02,-7.91034460e-02,-4.65931187e-02,-2.29536242e-02,-3.95626353e-03,2.38884491e-02,9.96189923e-03,2.95696940e-02,1.08034784e-02,1.75743194e-03,3.64506093e-02
4.61747606e-04,-1.10528356e-02,4.18366758e-02,-6.45315998e-02,-4.71842570e-02,-3.95421422e-02,-3.01259860e-02,-7.13402183e-03,-1.93592886e-02,4.33855038e-02,2.38489999e-02,2.54349785e-02,6.03825848e-02
1.16678842e-02,1.37092297e-02,4.64055591e-02,-7.93329221e-02,-6.18284135e-02,-4.38987867e-02,-4.64002463e-02,1.49565281e-03,-1.40861046e-02,3.75924782e-02,4.00714355e-02,4.27401475e-02,7.32411712e-02
2.18045269e-02,2.16362847e-02,8.14041218e-03,-8.39650611e-02,-5.25602067e-02,-4.60577639e-02,-4.05264574e-02,1.95194677e-02,-2.33229283e-02,2.32055197e-02,1.03867777e-02,3.69475992e-02,2.77995089e-02
1.67420854e-02,-3.15814194e-03,-8.45340874e-03,-5.64634739e-02,6.93378312e-03,-1.10838118e-02,-3.77108425e-02,-5.56396155e-04,-1.65444845e-02,3.51938915e-02,1.99914273e-02,3.18903612e-02,7.46354321e-03
1.71315313e-02,-1.67184856e-02,-7.78993529e-03,-2.55321750e-02,6.64927954e-02,3.52628752e-02,-2.06303454e-02,-2.15917088e-02,-5.67331883e-02,9.41670129e-03,-4.08098291e-03,4.17063883e-03,-1.71252422e-02
-6.63470780e-03,-4.96591985e-02,-4.07330296e-02,-2.03559975e-02,7.30795145e-02,3.96072672e-02,-2.22368503e-02,-2.37382709e-02,-4.63764494e-02,4.29399701e-03,-2.49570968e-02,-1.27405478e-02,-2.76319904e-02
-3.36749910e-03,-2.20293690e-02,-2.21542930e-02,4.79634692e-03,8.29986764e-02,1.94828663e-02,-5.71824274e-02,-3.65126863e-02,-2.17058752e-02,-5.56410144e-03,-5.24571084e-03,-1.16471232e-02,-4.03351788e-02
-8.77406011e-02,-4.45041616e-02,-7.05436062e-02,-3.32918263e-02,5.83716561e-02,-1.14298539e-02,-8.13616697e-02,1.72892161e-02,3.15943836e-02,2.57083298e-02,1.40091488e-02,-2.20037472e-02,-5.80293052e-02
-9.84292747e-02,-7.40780321e-03,-1.09692716e-01,-5.44144856e-02,4.04406198e-02,-1.91845256e-02,-6.63324824e-02,1.67388843e-02,5.73253406e-02,4.37652168e-02,2.69628343e-02,-8.96051627e-03,-5.46123048e-02
-1.53529673e-01,3.56385506e-02,-1.24530611e-01,-5.25714137e-02,-1.29108302e-02,-6.05168042e-02,-1.01746905e-01,-3.15618609e-02,7.08545923e-02,4.81212493e-02,5.29104675e-02,9.00884829e-03,-3.03085540e-02
-1.25299801e-01,8.82985243e-02,-9.86673712e-02,-4.12056042e-02,-5.58363070e-02,-6.52574682e-02,-5.79712610e-02,-3.28836032e-02,1.17302412e-01,3.58974022e-02,2.43809863e-02,1.23857896e-03,-1.36338995e-02
-7.82792471e-02,1.25131501e-01,-1.07616559e-01,-3.63263790e-02,-5.94270195e-02,-6.14426988e-02,-2.94680367e-02,5.29561671e-03,1.18044188e-01,3.27151362e-02,2.83970531e-02,3.88572594e-03,-2.50150932e-02
-5.10895787e-02,1.28252807e-01,-1.04318991e-01,-3.45381339e-02,-6.10700682e-02,-6.14853324e-02,-2.66181623e-03,2.36459010e-02,1.48774943e-01,6.48373092e-02,1.35775666e-02,4.54298513e-03,-3.08905251e-02
-5.40360900e-02,1.13073563e-01,-6.47881755e-02,-5.55995892e-03,-3.67925745e-02,-1.13408096e-02,4.53062918e-02,1.96030254e-02,1.62123713e-01,6.74236262e-02,-2.98077113e-02,-2.76977993e-02,-3.16552823e-02
2.29826403e-02,7.88790635e-02,-5.02892897e-02,-1.31600670e-02,-1.88682255e-02,1.18326615e-02,4.45177177e-02,1.29902475e-02,1.02177074e-01,4.44850438e-02,-5.81193453e-02,-2.86856443e-02,-1.31966826e-02
7.36812774e-02,6.21219986e-02,4.03681343e-02,1.97842242e-02,-2.58305252e-02,1.75134153e-02,3.02664023e-02,-1.67657280e-02,5.19493915e-02,2.95405189e-02,-7.09264760e-02,-2.20627200e-02,-2.14496149e-02
4.23691285e-02,1.33792244e-02,5.99138520e-02,2.01979220e-02,-6.17523069e-04,1.62011389e-02,3.18456892e-02,4.29279998e-02,4.88745680e-02,4.38305232e-02,-5.43147641e-02,-4.56066910e-02,-3.88905156e-02
3.51937413e-02,4.87798149e-02,4.79514557e-02,1.57282636e-02,4.12570516e-02,6.64821143e-03,-1.55027945e-03,4.49662326e-02,3.26990558e-03,2.72969954e-03,-1.33228694e-02,-8.06399916e-03,-3.22308310e-02
6.58518351e-03,3.59182116e-02,3.81458382e-02,-8.59602829e-03,-1.79094082e-02,-1.89268070e-02,-2.53919959e-02,4.99367837e-03,-1.98067428e-02,1.63363851e-02,2.44664402e-02,-1.38154001e-02,-2.03980495e-02
5.90088609e-03,1.88653811e-02,7.00593159e-02,3.71568930e-02,-2.67218669e-02,8.97924073e-03,1.53440002e-02,-4.88128509e-03,-2.03810427e-02,-6.47316551e-04,7.90715511e-03,-4.52233629e-02,-3.36681188e-02
3.33350939e-02,7.16833368e-03,4.40474312e-02,5.33077793e-02,-6.70115864e-03,1.92798994e-02,1.10084362e-02,3.27171976e-03,-3.41690559e-02,-2.84709390e-03,5.32047356e-02,-6.63409138e-03,-1.41834681e-02
5.03179810e-02,6.52999817e-04,1.71750185e-02,4.54050252e-02,9.34050036e-03,-1.58984056e-02,2.35804534e-02,1.75815881e-02,1.48626740e-03,1.18893814e-02,5.97178971e-02,1.60830574e-02,-7.33657728e-03
-2.29957823e-02,-2.59145128e-02,8.72900625e-03,3.99794019e-02,1.22494455e-02,-1.01759480e-02,4.34801040e-02,7.79326830e-03,3.52959051e-02,3.61445982e-02,3.16150302e-02,1.97077450e-02,-1.18586894e-03
-2.86531614e-03,-4.60107046e-02,-2.70957735e-02,9.23664656e-03,2.70703585e-03,-2.36616111e-02,3.38471433e-02,1.00796378e-02,4.18765227e-02,4.90397058e-02,5.28119374e-02,4.99412852e-02,1.63415165e-02
3.13233359e-02,-2.87483394e-02,-1.26378916e-02,-8.57906607e-03,-1.90002629e-02,-1.34987970e-02,3.79511976e-02,2.31465704e-04,2.08478821e-02,1.11381081e-02,2.31759882e-02,3.68795794e-02,-7.85393352e-03
3.46169822e-02,-5.33742804e-02,-3.60288463e-03,1.18215045e-03,-2.43607970e-02,4.39824976e-03,1.45794250e-02,-4.68480423e-03,4.70094171e-02,1.94666180e-02,-6.84761870e-03,7.24137382e-03,-1.78999207e-02
2.73743975e-02,-2.80278515e-02,3.10323632e-03,-1.13418921e-02,-1.03042887e-02,2.39232846e-02,-3.08944655e-02,-2.59940596e-02,1.91844720e-02,-3.36223614e-02,-2.86158138e-04,3.00667863e-02,-1.86404442e-02
5.18949904e-02,-6.31537558e-03,2.02444760e-02,-4.12450071e-02,-4.56789992e-02,8.57040527e-03,-4.92741693e-02,-4.14601251e-02,-7.06530192e-03,-2.30663708e-02,4.68670660e-05,-3.10891542e-03,-2.50734681e-02
1.75400980e-02,-3.25555341e-02,3.18447340e-02,-2.52035190e-02,-4.31836682e-02,4.38206420e-03,-1.80342071e-02,-2.10841420e-02,8.48309547e-03,-2.60635814e-02,-1.46456599e-03,-3.85307784e-02,-6.18297965e-02
2.98230417e-02,-2.22576664e-02,2.09941482e-02,-9.41212526e-03,-9.04868598e-04,3.07220145e-02,-3.20398737e-02,-6.93446462e-03,-1.57623967e-02,-1.96492370e-02,1.50772794e-02,-1.61388888e-02,-3.55437813e-02
5.14428954e-02,3.85529766e-03,1.96651126e-02,1.37341674e-02,3.34131255e-02,-5.98414747e-03,-5.40724155e-03,3.17883224e-02,-3.50016739e-03,-8.58595210e-04,5.41504779e-03,-1.69831126e-02,-3.12110737e-02
1.94858757e-02,-1.10744621e-02,3.62344545e-02,3.32817989e-02,5.48209873e-02,-2.01409662e-02,1.44566591e-02,5.06112183e-02,-2.01066101e-04,2.44898275e-02,-7.19073166e-03,-2.38837869e-02,-2.03714834e-02
-8.09679615e-03,-1.96928712e-02,7.24577921e-03,3.48939118e-02,4.66310867e-02,-2.18565169e-02,2.64770998e-02,4.19971727e-02,7.91319998e-03,5.74322604e-02,1.28231931e-02,4.54573865e-03,1.50512419e-02
1.95995331e-04,2.18617476e-02,-2.32779065e-02,1.74138984e-02,4.24701208e-02,8.90706897e-03,5.51451104e-02,2.63144556e-02,-8.65476917e-03,2.31460821e-02,1.58525199e-02,-1.87777149e-03,-1.33409473e-03
9.11884947e-03,3.11384828e-02,-2.73695022e-02,2.61242343e-02,6.44188469e-03,-7.04707571e-03,4.42867914e-02,2.53483458e-02,1.56355531e-02,2.35998892e-02,-3.34364087e-02,-2.14953318e-02,-2.10309808e-03
-6.54591452e-02,-2.43100533e-02,-6.10925916e-02,2.41560819e-02,-3.00181225e-02,4.71895650e-02,4.08888626e-02,-2.37797369e-02,4.24020055e-03,-5.40673960e-04,-3.57019860e-02,2.06203649e-02,3.36733195e-02
-6.82224242e-02,-2.81666746e-02,-2.36204040e-02,2.34252127e-02,-7.12901958e-02,5.75841579e-02,4.45695025e-03,-6.47198273e-02,-3.63618691e-02,-3.33696638e-02,-5.50634218e-02,1.81467479e-02,5.33110371e-02
-9.72023862e-02,-7.27766439e-02,-1.22378281e-02,6.76203586e-03,-8.18559182e-02,5.69303247e-02,1.07945339e-03,-5.31846659e-02,6.45566706e-03,-4.52420651e-02,-4.00971063e-02,2.26459149e-03,3.14623206e-02
-5.54774387e-02,-6.24835917e-02,4.06651607e-03,-1.10514345e-02,-4.34748108e-02,5.76555383e-02,-2.85057988e-02,-7.74117858e-02,-7.46525906e-03,-7.63899616e-02,-4.89023501e-02,2.77425057e-03,4.48212731e-02
-3.77370434e-02,-5.81413336e-02,1.23737980e-02,2.43395029e-02,-1.79802606e-02,2.74700710e-02,-3.85176787e-02,-6.48216729e-02,-4.09599063e-02,-6.61268680e-02,-3.38625937e-02,1.41395659e-02,4.58074943e-02
-5.00893665e-03,-5.10809798e-02,2.32169279e-02,4.91321458e-02,1.59803163e-02,-1.96902614e-02,-3.72084750e-02,-2.95556552e-02,-3.21460221e-02,-5.45039967e-02,-1.88925482e-02,7.46768832e-03,2.94358766e-02
2.96568816e-02,-3.36960895e-02,5.45881388e-02,6.21732158e-02,1.78098977e-02,-4.88037704e-02,-2.12848227e-02,9.03342346e-03,4.81585457e-04,-4.34081255e-02,-4.71681567e-03,-1.51856036e-02,2.14016695e-02
4.63831394e-02,1.28095271e-02,5.00482930e-02,6.53480911e-02,2.91038663e-02,-1.04089436e-02,-1.69222022e-02,5.63111655e-03,-5.21196258e-03,-3.95949952e-02,1.63513104e-02,-3.48036988e-02,8.80599531e-03
9.13771082e-02,7.84179571e-02,5.30387291e-02,4.52558295e-02,1.73505145e-02,-3.95516080e-02,-1.21429232e-02,2.55377001e-02,-1.24797274e-02,-1.17382364e-02,6.41656502e-03,-5.76705156e-02,-3.21813769e-02
3.75344852e-03,9.26323413e-03,-1.77293987e-02,-6.83869367e-03,8.15881551e-03,-3.05770071e-02,2.39252404e-02,3.51356891e-02,-8.20245126e-04,4.45566267e-02,2.29675832e-02,-2.56288777e-02,-9.34176514e-03
5.13269976e-03,-2.81814294e-03,-3.08827390e-02,-2.72125728e-02,-2.03071390e-02,-4.72181451e-03,2.60195537e-02,2.29878604e-02,-3.71434147e-02,4.53162940e-02,3.76166239e-03,-3.69567870e-03,-1.02297421e-02
-3.66083414e-02,-6.82033945e-03,-3.44362259e-02,-2.40819898e-02,-2.22962651e-02,7.41877136e-03,1.65453674e-02,3.17834649e-02,-2.22412513e-02,4.41011709e-02,5.34237099e-03,-7.44233793e-03,-2.63755056e-02
-2.35955712e-03,7.29977429e-04,-1.51969552e-02,-6.67384501e-02,-3.98446616e-02,-9.66627352e-03,1.20485000e-03,1.87871665e-02,-1.36769999e-02,8.03711982e-03,-2.83791861e-02,-1.93509252e-02,-1.21154740e-02
-3.22103171e-02,-4.65699330e-02,-3.93516769e-02,-5.17878364e-02,-2.90446720e-02,2.78197105e-03,3.01545972e-03,-1.26077273e-02,-4.93774111e-02,1.25231498e-02,-4.91982409e-03,9.25565436e-03,1.59161279e-02
-2.04315833e-03,-3.29951004e-02,-5.99858958e-02,-2.75599092e-02,3.50614150e-03,2.91543968e-03,1.75356850e-02,-1.27606017e-02,-4.91701155e-02,6.47498925e-03,-3.90857125e-04,1.89888920e-03,1.47924292e-02
3.65721938e-02,-1.23794953e-02,-1.34326303e-02,-6.53871557e-03,1.37815262e-02,-2.87412992e-02,2.27215839e-02,1.96438653e-02,-4.45543186e-03,-7.25527676e-03,-4.06528084e-03,-3.25290969e-02,-1.69201379e-02
5.07023157e-02,4.03761637e-03,1.59266687e-02,1.35484280e-02,2.87954140e-02,5.28977850e-03,1.37087245e-02,-1.66987203e-02,-1.45739487e-02,-4.47944938e-03,2.61927966e-03,-3.49265598e-02,-5.22435636e-03
5.76321859e-02,2.65922022e-02,3.45658375e-02,2.32769959e-02,6.62998063e-02,2.67100827e-02,2.11799623e-02,-1.84091179e-02,-3.82805626e-02,-1.02780268e-02,1.23691147e-02,-2.69591111e-02,-3.26284859e-02
1.73223507e-02,-2.37833238e-02,1.15857618e-02,-3.21988775e-02,5.90515697e-02,1.82789685e-02,4.40582660e-02,2.96879917e-02,9.35472846e-04,4.82709597e-02,3.68629902e-02,3.70051579e-04,-4.70976014e-03
3.72312088e-02,-2.76015651e-02,-1.71099895e-02,-6.70359283e-02,5.09314681e-02,4.59850313e-02,5.07112662e-02,2.81387241e-02,-3.00257701e-03,6.31082869e-02,1.77276183e-02,3.09253148e-02,-2.71812327e-02
1.38567079e-02,-1.57211357e-02,3.69344033e-03,-1.69223161e-02,6.36314403e-02,5.19079849e-02,2.65448706e-02,-7.55625467e-03,-5.14414896e-02,3.91693410e-02,2.60311414e-03,6.12804308e-02,-2.52391704e-02
1.26493431e-03,1.18670289e-02,2.29899969e-02,-4.19300436e-02,2.56599444e-02,-5.18834956e-03,-6.28861794e-03,-7.46707699e-03,-1.32996477e-02,-6.90941544e-03,-1.50201673e-02,7.47747217e-02,-1.40348338e-02
-4.90809862e-02,-4.22003410e-02,-2.49356044e-03,-3.55171369e-02,-1.38995966e-02,7.01660625e-03,9.86189309e-03,-9.86915536e-03,3.18695169e-03,-1.32568018e-02,-1.18935411e-02,9.90688248e-02,6.85262158e-03
-3.99278472e-02,-2.26047330e-02,-2.25543569e-02,-1.45833384e-02,-2.97913603e-02,1.51502948e-02,2.15999617e-02,-4.15355613e-03,1.12235395e-02,-4.57150161e-02,-3.48482443e-02,7.07629580e-02,2.73615275e-02
-1.40600226e-02,4.36881706e-03,1.45149675e-02,2.93090680e-02,-2.59975998e-02,-1.96573858e-02,1.92030393e-02,1.09030893e-02,3.96488724e-02,-7.46041191e-02,-5.02009385e-02,5.16365296e-03,1.69808103e-02
-4.50353655e-03,1.32366545e-02,5.93294790e-02,5.12010597e-02,-5.38575331e-03,1.87459683e-02,1.56288078e-02,-4.42912133e-02,2.72713701e-02,-7.50829062e-02,-4.42603809e-02,-2.40682991e-02,1.93952700e-02
-4.59262738e-02,1.15701342e-02,5.56952298e-02,7.91575453e-02,9.30690438e-03,4.60137773e-02,3.72661944e-02,-4.56959201e-02,4.81606707e-02,-7.24748895e-02,-2.42433062e-03,-3.17365114e-02,1.70954275e-03
-6.08155174e-02,-1.47786804e-02,9.75668582e-03,1.34626771e-02,-1.79310533e-02,1.68086873e-02,4.83453255e-02,-1.52792056e-02,4.43189332e-02,-2.13612534e-02,3.46245564e-02,-3.41275457e-02,2.21943679e-02
-3.89313358e-02,-1.43834001e-02,-5.23536291e-02,-3.68659427e-02,-2.20423373e-02,3.29828971e-02,6.37156589e-02,1.92984857e-02,4.99710270e-02,1.53483919e-02,3.41747060e-02,-2.96866392e-02,1.38401179e-02
-2.96293886e-02,-6.70110522e-03,-3.41535670e-02,-2.01248916e-02,-6.90500900e-03,2.97638403e-02,4.92416091e-02,-1.87814939e-03,-4.22940250e-02,2.33000168e-02,5.27724179e-02,-4.36369158e-03,2.27466319e-02
-2.02919700e-02,3.82147737e-02,-2.78125166e-02,-4.26697783e-02,3.67678557e-03,-4.51735059e-02,8.51700869e-03,-5.46700870e-03,-4.94728923e-02,1.39233763e-02,7.27939094e-02,2.12672863e-04,8.04087310e-03
-5.74479664e-02,-2.49352508e-02,-5.30472656e-02,-5.31793493e-02,-9.22750320e-03,-5.10750756e-02,1.68918338e-02,2.77970107e-02,-1.95325071e-02,8.11789779e-02,1.22118358e-01,3.91221328e-02,2.56642577e-03
-3.86420662e-02,-2.45941763e-02,-7.24313468e-02,-5.36287288e-02,-2.28165686e-02,-6.63695889e-02,1.08495289e-02,4.38607354e-02,-2.64345068e-02,6.45872433e-02,8.49676914e-02,5.12774381e-02,8.54523528e-03
-1.09644889e-02,1.30722326e-02,-3.87900396e-02,-2.74132062e-02,-2.23884936e-02,-1.07355787e-01,-4.93621162e-02,5.57141976e-02,-2.49598577e-02,2.99814268e-02,5.27451574e-02,1.97449908e-02,-3.19967232e-03
-2.03576809e-02,-1.49271313e-02,2.02677931e-02,3.14585326e-02,4.39881477e-02,-3.02660223e-02,-1.49188668e-02,4.98861656e-02,-6.41463525e-03,1.51630863e-02,-2.53976730e-04,-1.22162505e-02,-3.41301045e-02
1.44342731e-02,2.46744261e-02,3.78461232e-02,5.25062854e-02,5.11232560e-02,-1.24159621e-02,-2.64310680e-02,3.52717666e-02,3.38164815e-02,2.29940953e-02,9.68153892e-03,3.44260856e-03,-4.74213941e-02
3.09621760e-02,2.19152915e-02,2.35565697e-02,3.47841938e-02,2.79082899e-02,-2.39480514e-02,-1.82389153e-02,1.62291293e-02,7.11544334e-03,8.68376809e-04,-6.91376676e-03,-7.56831595e-03,-2.87933150e-02
6.13041868e-02,4.88544485e-02,-1.82188007e-02,2.33578918e-02,3.34811395e-02,-2.89368643e-02,-2.29789455e-02,3.12171348e-02,5.53671973e-03,-3.44910286e-04,-2.94201463e-02,-2.79708245e-02,-1.75952295e-02
7.84068544e-02,3.92892758e-02,-6.30487735e-03,2.62326567e-02,2.51778009e-02,-7.23713560e-03,-3.86639129e-03,1.90175958e-02,-3.89490624e-02,-9.36884301e-03,-3.25883050e-02,-9.60144983e-03,5.40441788e-03
6.65072258e-02,5.69847861e-02,-6.86244893e-04,2.11909723e-02,2.08443615e-02,-9.96419383e-03,-1.09282116e-02,-3.29240838e-03,-6.14403424e-02,-3.34473206e-02,-4.43962486e-02,-1.77328475e-02,5.40830430e-03
7.92900097e-03,-1.81456898e-02,-4.13538834e-02,-1.27661582e-02,5.52579776e-03,5.69130847e-03,6.00583346e-04,-6.81481306e-04,-2.09521852e-02,2.81516890e-02,3.72020288e-03,-2.66676662e-03,8.37838598e-03
-1.63096540e-02,-6.12726362e-02,-6.99744568e-02,-1.85413918e-02,1.56551974e-02,2.60513347e-02,2.57019536e-02,-8.59738539e-03,2.74829486e-03,3.99107482e-02,2.11550659e-02,3.12198685e-02,1.80249851e-02
-3.69675861e-02,-5.92397040e-02,-6.96505847e-02,-3.94287675e-02,3.00810926e-03,-3.50440166e-03,-5.85239766e-02,-7.94692576e-03,5.46151769e-03,1.26077040e-02,1.85199203e-02,3.97029362e-02,2.07994367e-02
-8.78580640e-02,-9.39362841e-02,-3.62375039e-02,-8.05266768e-03,2.80898978e-02,2.66793750e-02,-2.70633586e-02,-9.90934326e-03,3.69737193e-02,7.58514351e-03,-8.90260478e-03,2.32730579e-02,7.72798530e-03
-5.42399501e-02,-5.08199112e-02,2.27936066e-03,-4.46601678e-03,1.94107069e-02,3.43294479e-02,-6.25919018e-02,-3.26018967e-02,3.93435605e-02,3.48859785e-02,-6.83665413e-03,3.10995954e-02,1.94707293e-02
-4.04099319e-02,-2.45265738e-02,4.69903976e-02,4.25751007e-03,5.58011362e-03,3.01777722e-02,-5.09667334e-02,-3.57159232e-02,2.27110614e-02,-1.14544694e-02,-2.50290566e-02,8.22226213e-03,3.03633783e-02
-1.08461529e-02,5.83845158e-03,2.64621195e-02,-7.06677710e-03,5.82985364e-03,3.07743559e-02,-4.31012314e-02,-6.09033922e-03,1.81405387e-02,4.99513962e-03,-2.90158012e-02,-1.20383349e-02,2.82069841e-02
3.44812300e-02,3.68388380e-02,6.63606989e-02,1.04541538e-02,-1.17433074e-03,1.96935272e-02,-4.66313997e-02,8.04644526e-03,1.09666893e-02,2.94683197e-03,-1.32566554e-02,-1.37379067e-02,4.89907927e-03
3.77335316e-02,6.07642119e-02,7.41049635e-02,6.58788060e-03,-5.09039449e-03,2.88490219e-02,-4.34607870e-02,1.33452575e-02,4.71659914e-03,-1.16579357e-02,-3.15964938e-02,-1.99166670e-02,-3.71125400e-03
3.18339279e-02,2.55822324e-02,4.16538309e-02,-7.13549301e-03,-3.02236268e-02,1.51711413e-02,-4.01037938e-02,-1.99076386e-02,-8.33517753e-03,-1.75923461e-03,-1.83006743e-02,-2.78173099e-02,-2.45039478e-02
1.30832563e-02,-2.88866791e-02,-1.50079295e-02,-3.25949142e-02,-2.64403155e-02,4.01907331e-02,-6.64907999e-03,-2.84372977e-02,4.84598548e-03,1.64376294e-02,-1.05884159e-03,-9.30875710e-03,-3.15776818e-02
-1.95056913e-02,-7.09927116e-02,-7.16859191e-02,-3.72702770e-02,-3.80730548e-02,2.23115869e-02,1.56573928e-03,-2.28805145e-02,-1.78859486e-02,-5.58544665e-03,-5.34484974e-03,5.19023956e-03,-2.14862695e-02
-1.15565010e-02,-6.62774415e-02,-8.85325221e-02,-3.16824050e-02,-2.92771790e-02,-4.46086102e-03,6.34315134e-03,-2.04290804e-02,-4.52078568e-02,-5.03900616e-02,-1.36586333e-03,1.95196616e-02,4.89164046e-04
1.85062467e-03,-5.55373587e-02,-4.85338653e-02,-6.03470642e-03,-2.47169496e-02,1.68032573e-02,2.36924804e-02,-3.09863070e-03,-4.35765286e-02,-5.48750806e-02,1.67568218e-02,9.99451687e-03,4.12625551e-02
6.62100943e-03,-1.65603651e-02,2.81966668e-02,2.33238379e-02,-3.61010388e-03,-2.29248090e-03,1.42743131e-02,-2.45345580e-02,-4.34149037e-02,-6.02490578e-02,3.50771414e-02,-1.23462911e-02,4.18737025e-02
-3.09467142e-03,-3.48270513e-02,6.69292482e-03,2.27103830e-02,8.18589645e-03,5.02284211e-02,7.64952261e-02,2.68909820e-02,-5.28898320e-02,-8.44072434e-02,2.53228280e-02,-4.19232062e-02,3.11421739e-02
2.93863312e-02,3.41506741e-02,4.71824482e-02,4.41512676e-02,1.78235955e-02,2.39378166e-02,6.12020013e-02,7.69545703e-02,-4.73610739e-02,-8.13485156e-02,5.18798963e-02,-4.59688722e-02,1.20935607e-02
4.32004498e-02,6.90078021e-02,7.07803904e-02,4.45896617e-02,4.90029317e-02,4.04071735e-02,5.92998316e-02,8.50059793e-02,-5.42901986e-02,-9.19654894e-02,5.37658194e-02,-1.97529003e-02,1.00528927e-02
1.69743071e-02,5.61404735e-02,5.83573857e-02,4.74928635e-02,4.67932257e-02,2.98472471e-02,4.08421420e-02,5.27215630e-02,-7.24870698e-02,-8.29501079e-02,4.37592578e-02,-1.54402462e-02,-2.78754111e-02
4.17353778e-02,3.88950309e-02,2.86094042e-02,2.71611403e-03,2.07430607e-02,2.34403509e-02,1.70901177e-02,2.92256748e-02,-4.59636115e-02,-3.26710958e-02,2.97343730e-02,-2.01440403e-02,-3.99293911e-02
1.20071310e-02,2.19115490e-02,1.85482095e-02,3.81019513e-02,3.48773192e-02,3.11325253e-02,8.75750436e-03,-2.27384215e-02,-4.85454112e-02,-1.10001555e-02,-1.51777126e-02,6.83014429e-03,-3.97038445e-02
3.67579714e-02,2.12688858e-02,-4.64594987e-03,3.32058489e-02,7.81703714e-03,-1.82081356e-02,-3.46008768e-02,-4.12147600e-02,-3.96295442e-02,-1.13354298e-02,-4.17534962e-02,1.92895152e-02,-2.78131109e-02
1.69532344e-02,5.73312589e-03,8.78181904e-05,6.00553024e-02,2.45583366e-02,1.55327843e-02,8.37735368e-03,-4.03707241e-02,-3.11444209e-02,-1.50037999e-02,-7.05533098e-02,8.84881862e-03,1.13588867e-02
3.18685316e-02,7.81253953e-03,3.52904797e-02,9.23099244e-02,3.25250345e-02,1.49801891e-02,-1.28310243e-02,-8.20090638e-02,-9.85577138e-03,4.26971184e-02,-4.13003187e-02,5.27456984e-03,2.25469690e-02
3.02545973e-02,-1.21127222e-02,3.91150914e-02,7.72035598e-02,2.56831159e-02,3.90582904e-02,1.87061046e-02,-7.25770157e-02,9.58840408e-03,1.44964406e-02,-6.32294595e-02,-3.19539129e-02,1.34530974e-02
4.85363746e-02,1.92694388e-02,6.43392678e-02,7.61554525e-02,5.36645407e-03,1.62170651e-02,1.64213744e-02,-5.04965698e-02,2.21442942e-02,3.22742648e-02,-6.43186009e-02,-3.09395800e-02,4.13031856e-02
5.10873738e-02,1.19395076e-02,7.44774124e-02,7.89008058e-02,9.52027589e-03,3.93590133e-02,1.75103417e-02,-5.09634408e-02,4.34956817e-03,2.33138102e-03,-3.04168607e-02,-1.93867628e-03,6.20390304e-02
1.02022882e-02,-1.14024110e-02,5.68775297e-02,4.22633617e-02,-1.76504900e-02,3.58133796e-02,1.86636856e-02,-4.54547414e-02,7.34170542e-04,-8.68521126e-03,-1.34868834e-02,6.74873616e-03,5.24690153e-02
2.70181383e-02,-5.24298151e-03,4.35483947e-02,-4.38124043e-03,-6.12605415e-02,2.55142820e-02,2.92795836e-02,-1.70834884e-02,1.25122749e-02,1.03053101e-02,-9.03109679e-03,-1.68479705e-02,3.82304771e-02
4.46274991e-02,9.74072932e-03,5.50952703e-02,-2.07440640e-04,-2.05514341e-02,4.01670184e-02,2.13104673e-02,-2.87265501e-02,-1.32581111e-02,-4.50585788e-03,-8.85243410e-03,1.45458445e-02,3.67768110e-02
5.24512294e-02,1.35191501e-02,5.97055113e-02,-3.79324944e-02,-6.05726935e-02,-2.04230630e-02,-2.98664187e-02,-1.43282116e-02,2.19099484e-02,9.29494385e-04,2.34386416e-03,1.38995816e-02,1.26906651e-02
2.36527184e-02,1.90161819e-02,4.47183001e-02,-3.02991489e-02,-2.59019196e-02,-9.42335422e-03,1.48583733e-03,-5.89384375e-03,4.00026291e-03,-2.79256803e-02,-2.76619638e-02,-4.22118315e-03,1.28931758e-02
5.37651550e-03,-2.04311887e-03,1.71700722e-02,-2.05141480e-02,-2.10742991e-02,-2.80880215e-02,1.85517722e-02,1.01328234e-02,8.92565392e-03,-1.43628946e-02,7.82232759e-03,4.28777307e-03,1.51694017e-02
6.63299561e-04,9.79082942e-03,2.68934802e-02,-2.55404711e-02,-2.30227927e-02,-3.29920828e-02,3.32271265e-03,3.16035604e-02,3.36984311e-02,-4.07382830e-02,1.00202278e-02,-2.24294691e-02,-1.26995078e-02
1.50747662e-02,9.89217336e-03,2.47865529e-02,-2.05619551e-02,-3.38655737e-03,-2.12895842e-02,-8.91983113e-03,1.87131036e-02,3.07404882e-02,-3.22079593e-02,-9.85940465e-04,-2.17520323e-02,-3.10560083e-03
1.32684738e-02,-5.09682559e-03,1.36803106e-02,2.94398216e-03,1.90486386e-02,7.88957425e-03,-2.17997234e-02,-6.70488853e-03,2.73254044e-02,-2.67553722e-02,2.50936088e-02,-2.36539813e-02,-9.06392358e-03
-2.78787752e-03,6.39087129e-03,2.53886491e-02,1.68265434e-02,1.12122410e-02,2.19708234e-02,-4.02868912e-02,-1.77476919e-02,9.37523435e-03,-3.82347985e-02,4.24405021e-02,-1.51162273e-02,-1.29823325e-02
-1.40105928e-02,-8.24638709e-03,4.44939086e-03,-2.97247673e-03,-1.45166323e-02,3.56512137e-02,3.94855405e-04,2.90375444e-03,2.98262670e-02,6.05074830e-04,3.93980457e-02,-3.22137831e-02,-3.73746081e-02
2.64372351e-02,1.19949061e-02,6.73613443e-03,-7.75728339e-03,-2.84201445e-02,4.32800990e-02,6.35034361e-03,-8.15662104e-03,-7.64768495e-03,3.30020531e-03,3.53282166e-02,-6.58483933e-03,-8.76085431e-03
-1.80896617e-02,1.52168867e-03,1.05489593e-02,-2.12066911e-02,-3.04327142e-02,4.75696915e-02,1.14663839e-02,-1.21568823e-02,-7.08922137e-03,2.02451960e-02,1.76227219e-02,-1.01368487e-02,-4.68791412e-02
-7.25650667e-02,1.76515193e-02,-3.57943893e-03,-1.79761891e-02,-2.98416624e-02,2.23474466e-02,2.23892117e-02,-6.96200305e-03,-4.13540625e-02,-1.19104441e-02,-2.88958125e-02,1.35691755e-02,-2.35095849e-02
-1.07354602e-01,-5.47382421e-03,-3.92231825e-02,-2.84451872e-02,-1.04999272e-01,-4.64088962e-02,2.58648028e-02,1.66939433e-02,-1.90229298e-02,-1.83230155e-02,-5.56005684e-02,4.63556517e-04,-1.98189517e-02
-1.86563769e-01,-1.90737649e-02,-6.89725172e-02,-5.64465226e-02,-1.30187635e-01,-9.54957389e-02,1.38068244e-02,2.25340592e-02,-2.65442399e-02,-4.53184390e-02,-7.89017400e-02,4.66744540e-04,-7.40337717e-03
-1.47734222e-01,-3.50053775e-03,-9.58744174e-02,-7.23578420e-02,-1.25303243e-01,-1.35697533e-01,-1.20400956e-02,2.31882785e-02,-4.15824991e-02,-1.08743046e-02,-7.54489299e-02,1.08716791e-02,2.63730615e-02
-1.42362241e-01,-2.04934980e-02,-1.21905242e-01,-1.07551392e-01,-1.32034590e-01,-1.70782837e-01,-3.61225460e-02,3.94185315e-02,-2.72753182e-02,2.34420311e-02,-5.66342429e-02,1.07389526e-02,3.79076906e-02
-1.16517351e-01,1.48086081e-03,-1.18188199e-01,-9.18591111e-02,-9.98799113e-02,-1.71811038e-01,-5.37376437e-02,3.52338893e-02,-2.22378776e-02,3.21768465e-02,-3.85422466e-02,2.24576376e-02,4.37461962e-02
-7.72397569e-02,1.06418080e-02,-1.09329641e-01,-8.77330517e-02,-7.57828372e-02,-1.53555607e-01,-2.51548989e-02,3.49306332e-02,1.78650386e-02,7.07913395e-02,-2.39685273e-03,5.30785111e-03,2.04229800e-02
-2.80028452e-03,2.33337785e-02,-6.81497737e-02,-7.41544429e-02,-6.14225796e-02,-1.09061007e-01,-3.49101721e-03,3.87845721e-02,4.09779261e-02,8.70417563e-02,3.20931106e-02,3.09525396e-02,3.91756501e-02
3.51365096e-02,1.81245427e-02,-1.53605231e-02,-3.77259621e-02,-4.71956218e-03,-7.08624447e-03,3.66839760e-02,2.34187581e-02,3.78043501e-02,7.56006952e-02,1.89236469e-02,1.32517044e-02,-9.66090656e-03
2.98758954e-02,3.79691957e-02,2.17663628e-02,-1.11784392e-02,1.13160186e-02,-3.34811766e-04,3.76762502e-02,1.21384976e-02,4.10737012e-02,5.21534880e-02,3.89718428e-03,4.02311048e-02,-3.73801343e-03
2.94060618e-02,5.27019822e-02,6.68595387e-02,1.05848171e-02,-1.52538380e-02,2.67515259e-04,1.33259186e-02,-5.01663730e-03,7.52459488e-02,3.97814209e-02,1.89277836e-02,2.93228596e-02,-2.45661765e-02
5.98440303e-03,4.02160051e-02,5.90351666e-02,5.12503964e-03,-2.30068677e-03,1.54842302e-02,2.21850001e-02,-3.57771863e-02,4.52696127e-02,-1.21600028e-02,1.02049965e-02,1.44306533e-02,-2.39271454e-02
2.70294316e-02,4.50784590e-02,6.69187165e-02,-1.13846183e-02,1.00493922e-02,1.06471569e-02,3.76194185e-02,-3.83205251e-02,4.15357856e-02,3.82213172e-02,2.78183184e-02,9.84073982e-03,-1.03257712e-02
-8.75102109e-03,3.61916009e-02,4.13962306e-02,-4.88062040e-02,1.38963249e-02,3.23922831e-02,3.81745554e-02,-1.45476621e-02,3.20058194e-02,2.37661524e-02,1.73724622e-02,-7.19230649e-03,-1.82326822e-02
-5.32103928e-02,3.67208888e-03,-2.00381186e-02,-6.37309818e-02,2.82564871e-02,-5.96270483e-03,1.06926980e-02,-2.82164315e-02,6.05373680e-02,7.42275656e-02,5.06823294e-02,9.01785528e-04,-9.87064133e-03
-9.69951511e-02,-1.88891362e-02,-4.79603488e-02,-6.34233272e-02,4.49623670e-02,-1.77578091e-02,-2.93846644e-03,-3.75826668e-02,5.81864258e-02,6.92320407e-02,6.99738725e-02,2.52784371e-02,-5.58434014e-03
-9.49347911e-02,-5.96040892e-02,-8.13696697e-02,-5.97445034e-02,3.85387062e-02,-3.06166660e-02,7.28753373e-03,-1.52983048e-02,4.22489188e-02,6.33458173e-02,5.96469587e-02,6.56267632e-03,-1.73973528e-03
-6.45792872e-02,-5.54084500e-02,-7.31461675e-02,-3.41930700e-02,4.35832252e-02,1.29766135e-02,2.96871753e-02,-4.49454952e-07,1.00559468e-02,1.47021858e-02,1.71791502e-02,-9.56179119e-03,-2.21531384e-02
-4.53994187e-02,-6.55712627e-02,-9.26533616e-02,-3.02485288e-02,1.12534043e-03,-1.73440899e-02,5.68555513e-03,-1.42289980e-02,-1.74436371e-02,-2.23870009e-02,-1.94415493e-02,-1.84953108e-02,-2.70283599e-03
-2.10078436e-02,-1.36838060e-02,-2.44636964e-02,6.01732698e-04,-1.06380813e-02,-2.18128800e-02,-2.06558024e-02,-4.44529145e-02,-3.88375416e-02,-2.69473365e-02,-1.59296645e-02,-2.03826915e-03,-1.05636050e-02
7.58903716e-02,3.32685075e-02,-1.46055054e-02,1.67173048e-02,-1.31420611e-02,-3.43825950e-03,-1.60979276e-02,-4.23802178e-02,-8.61854253e-02,-5.92231212e-02,-3.03484148e-02,-8.69984890e-03,-8.70917744e-03
1.34436312e-01,8.74352531e-02,1.21756756e-02,-1.18708699e-02,-1.47228771e-02,2.82011148e-02,-7.62019068e-03,-3.47194481e-02,-7.99925902e-02,-2.69061898e-02,-1.11202135e-02,-2.39080384e-02,-1.64238352e-02
1.75105429e-01,1.51275316e-01,2.71714419e-02,1.69012976e-02,1.81071237e-02,6.42801263e-02,3.64124388e-02,-2.56933157e-02,-6.92978240e-02,-2.90838708e-02,-3.88805175e-02,-3.89381065e-02,-4.22553650e-02
1.05691620e-01,1.11235568e-01,5.84332541e-03,1.67388260e-02,4.51009439e-02,7.58145493e-02,4.68409193e-02,-1.88786377e-02,-2.34479407e-02,2.79735913e-02,3.23199547e-02,-1.61637034e-02,-2.13181119e-02
6.05165124e-02,7.69945999e-02,2.20721812e-02,3.81606876e-03,5.27722261e-02,7.00857886e-02,5.11234123e-02,-4.62838857e-03,-2.77478587e-02,1.44031558e-02,4.51992992e-02,1.62496190e-02,-1.43888697e-02
3.40403151e-02,2.13878120e-02,1.53002344e-02,-8.64832980e-03,4.62365205e-02,3.95829606e-02,3.52570412e-02,1.96513734e-02,3.56668126e-03,2.01700341e-02,2.30376478e-02,-2.05571181e-02,-6.40174616e-03
8.91039339e-03,1.06561901e-02,2.23562044e-02,-3.80812717e-02,3.11900595e-02,3.53123632e-02,5.35284024e-02,3.41576650e-02,-1.49084889e-03,-7.55688454e-03,9.31826706e-03,-1.95824775e-02,3.48680306e-03
-3.94177232e-02,-4.04174662e-02,-6.57490047e-03,-5.81802474e-02,3.98732350e-03,5.54243081e-03,-1.36290294e-02,1.29085214e-02,6.52617695e-04,-1.18344724e-02,-2.23143566e-02,-2.28342623e-02,2.28304443e-02
-5.30747848e-02,-5.07313533e-02,1.93008855e-02,-4.18943265e-02,-1.15472910e-02,-4.57430444e-03,-5.52115219e-02,-4.99411245e-03,-1.63940739e-02,-2.98100817e-02,-4.35810425e-02,-2.21493809e-02,2.05423727e-02
-3.22866725e-02,-6.50204292e-02,-1.43895941e-02,-2.61078035e-02,1.81555888e-02,-1.98823833e-02,-7.71207104e-02,2.55419150e-02,3.98218387e-03,-5.70096516e-02,-5.49151664e-02,1.70743279e-02,4.40194041e-02
-1.83698945e-02,-4.50298109e-02,-1.34835668e-02,-1.54598116e-02,3.41733958e-02,-1.41597182e-02,-9.94309981e-02,3.42850963e-02,-1.14127704e-02,-8.76416573e-02,-3.62027542e-02,-2.87851631e-03,3.08146492e-02
1.16217999e-02,-3.99893947e-02,-2.31388340e-02,1.71210570e-02,1.39001105e-02,-6.29887839e-02,-9.63887746e-02,3.71160593e-02,-3.90650931e-03,-7.55130388e-02,-4.74372646e-02,-2.25579735e-02,2.77289345e-04
-1.30555369e-02,-6.31437321e-02,-3.66061251e-02,4.56891213e-02,3.28980061e-02,-5.49879164e-02,-9.07817536e-02,3.96796005e-02,1.20041368e-02,-4.81529203e-02,1.90340224e-02,2.27645290e-02,5.53563379e-03
5.00969938e-02,-4.33033442e-02,-3.86485988e-02,4.61833559e-02,1.74693698e-02,-5.51925498e-02,-8.26380505e-02,2.79257141e-02,-1.96176382e-02,-7.21745105e-02,1.76994329e-02,1.76879865e-02,-1.11588457e-02
5.63759062e-02,-4.40833077e-02,-6.66593807e-03,5.53304938e-02,-1.23835292e-03,-6.09107404e-02,-6.36684754e-02,1.43035648e-02,1.57506574e-02,-3.62835365e-02,6.11509701e-02,1.11248800e-02,-4.27790871e-04
6.95867773e-02,-4.22192367e-02,1.21640246e-02,5.30877935e-02,-1.50515580e-02,-3.35206008e-02,-2.21463758e-03,1.08185023e-02,-3.00929834e-02,-6.07095239e-02,7.09727894e-02,1.50444022e-02,1.40055894e-02
4.22468404e-02,-2.68438986e-02,1.45698485e-02,6.53866071e-02,-4.57388010e-03,-7.00213110e-03,1.90182501e-04,-4.32590965e-02,-3.81094503e-02,-2.53648771e-02,4.45644623e-02,1.35657587e-02,3.07820534e-02
1.94732815e-02,-2.95965268e-02,2.08834899e-03,3.97120573e-02,-2.33561457e-02,1.62595729e-02,1.95394978e-02,-6.04690055e-02,-5.35626336e-02,-1.19777647e-02,2.46009300e-02,1.51528480e-02,2.52521568e-02
1.44251393e-02,-1.82246597e-02,-3.69126160e-02,4.96808527e-02,2.76623311e-02,5.89188037e-02,3.73398509e-02,-5.23922827e-02,-1.58178903e-02,8.02316602e-04,4.82504725e-02,5.40927613e-02,3.18586367e-02
1.19506540e-03,1.61107031e-03,-1.20133551e-02,9.20347575e-02,5.92303394e-02,7.57787934e-02,7.54699079e-02,-1.87810424e-02,-1.10450115e-02,8.32391011e-03,3.87917649e-02,4.21944161e-02,1.13183070e-02
-1.42086765e-02,-1.22462899e-02,1.32990497e-02,6.94883721e-02,3.67867233e-02,6.19859250e-02,7.72984702e-02,2.23236998e-02,-5.84408984e-03,2.96170250e-02,4.21249136e-02,9.73401935e-04,1.20608299e-02
-1.00502648e-03,-5.67876852e-04,3.14276952e-02,7.22103126e-02,5.66466447e-02,5.64294164e-02,6.83153308e-02,4.33504103e-02,7.36737536e-03,2.74605923e-02,3.10326104e-02,-3.48355459e-03,-1.37377938e-02
4.19980860e-02,1.34136846e-02,3.05176877e-02,6.43365814e-02,2.88185679e-02,4.94714148e-02,2.06138937e-02,5.64927785e-02,2.23603155e-02,1.65068544e-02,4.39660821e-03,-2.92028406e-02,-3.78612832e-02
5.24695586e-02,2.49039669e-02,7.31379266e-02,6.10092014e-02,-7.56518589e-04,3.16678035e-02,-2.61033220e-03,4.22836385e-02,4.87012133e-02,3.75563313e-02,1.31883487e-02,-4.44843607e-02,-4.49451817e-02
8.05977097e-02,1.98705184e-02,1.00627101e-01,6.24921311e-02,7.30461646e-03,2.74120801e-02,-2.88116325e-02,4.80541210e-02,3.25678928e-02,1.27875068e-03,-1.97411576e-02,-4.68456791e-02,-4.05396133e-02
6.43553368e-02,5.16952209e-02,1.16704058e-01,4.71497402e-02,7.06473041e-03,7.57285099e-03,-5.19246156e-02,9.79602173e-03,3.50664044e-02,2.20035952e-04,-4.73435910e-02,-3.53378191e-02,-9.57451777e-03
2.72629882e-02,8.82914824e-03,8.10295061e-02,-5.17134037e-03,6.70119231e-03,-2.88266843e-03,-3.13876684e-02,3.77474891e-02,7.57010686e-02,-2.49758338e-02,-9.61510873e-02,-3.87134479e-02,-8.48848192e-03
2.96771148e-02,1.23162810e-02,3.69280401e-02,-2.08245139e-02,2.22403898e-02,4.14091300e-03,-3.54365244e-02,2.79272017e-02,7.39824338e-02,-1.36006714e-02,-6.88064971e-02,-8.01872986e-03,2.35734788e-03
2.64031182e-02,2.02162037e-02,4.46358462e-02,4.60917644e-03,1.57328352e-03,-7.48143367e-03,4.53583164e-03,2.24447661e-02,6.77193183e-02,-1.29696935e-02,-7.82641260e-02,-9.10058975e-03,-1.64986511e-02
-2.74526504e-03,2.34509308e-02,3.32480089e-02,-1.10708023e-02,1.02721506e-02,-1.77455221e-02,5.73142408e-03,1.73489355e-02,4.56318421e-02,7.45821852e-03,-6.91649631e-02,1.62296130e-03,1.69361034e-02
2.61632585e-02,1.65897625e-02,9.87493897e-03,-4.67116474e-02,3.60826912e-03,-2.70673902e-02,1.83256785e-02,1.23068256e-02,2.40951986e-02,1.11078311e-03,-5.34816217e-02,2.12648340e-02,8.10598725e-03
7.97154189e-03,-5.34390408e-03,-4.85845807e-02,-7.90244864e-02,-3.30851142e-02,-5.49738994e-02,5.75306285e-03,1.21042483e-02,-9.42473238e-03,1.48592890e-02,-2.49557165e-02,2.44185603e-02,1.86408512e-02
-4.90846119e-02,1.07349063e-03,-5.62153134e-02,-7.34179948e-02,-3.29509153e-02,-3.33664922e-02,2.21282632e-02,-8.76792940e-03,1.73178866e-03,1.56139692e-02,-1.80929418e-02,2.53283430e-02,-6.19196054e-03
-8.25254121e-02,-3.93949869e-02,-1.00473964e-01,-6.31354359e-02,-3.15008957e-02,-3.19889375e-02,1.99856494e-02,-4.51512459e-02,-4.91749808e-02,4.36697898e-03,-1.42453292e-02,3.83446647e-02,6.24223800e-04
-1.28882985e-01,-5.95927940e-02,-1.24046983e-01,-6.71838731e-02,-1.63201778e-02,-2.16380257e-02,3.94545832e-02,-4.43242044e-02,-4.02587173e-02,1.53630770e-02,1.46243111e-02,3.86515230e-02,-1.52777467e-02
-1.60044159e-01,-8.82845059e-02,-1.27340135e-01,-6.04319558e-02,6.73315306e-03,-1.14351820e-02,6.63088599e-02,-1.10884309e-02,-2.66917291e-02,1.45187170e-02,1.43407359e-02,3.67658979e-02,-4.51535572e-02
-1.24577506e-01,-7.91579401e-02,-1.38269315e-01,-4.21235095e-02,3.12656375e-02,-1.13784055e-02,5.84806246e-02,1.66411007e-02,-1.65006175e-02,5.06008934e-02,6.41256497e-02,4.62614639e-02,-4.65459357e-02
-8.96393091e-02,-7.03991029e-02,-9.85935928e-02,-1.40138862e-02,1.17574500e-02,-1.08205037e-03,5.23436074e-02,-4.90124097e-03,-3.96857922e-02,4.53824916e-02,7.43781729e-02,3.52950111e-02,-5.64523946e-02
-8.06093259e-02,-5.14343120e-02,-4.80479300e-02,1.54630812e-02,6.08035362e-02,4.12575473e-03,3.42863516e-02,1.76575966e-02,4.42552797e-03,6.04067987e-02,5.64959130e-02,2.55964192e-02,-5.08869096e-02
-3.20199948e-02,-4.03209449e-02,-1.91417523e-02,1.90589663e-02,4.68832142e-02,5.70756350e-05,9.18797302e-03,4.22634881e-03,9.06910720e-03,5.83035325e-02,5.51666348e-02,6.45420028e-02,-4.49987291e-02
3.58971966e-02,-2.95171835e-02,-2.50310535e-02,1.29414520e-02,2.38036560e-02,-1.66585077e-02,-1.59437883e-02,-1.92674883e-02,-1.08546339e-02,4.69440461e-02,3.15864234e-02,4.81013330e-02,-2.57340985e-02
3.23115054e-02,3.50764132e-02,1.63376082e-02,1.79464160e-02,4.10806036e-02,-2.09262250e-03,-2.53779238e-02,-4.06480745e-02,4.75273974e-03,3.27003781e-02,8.96864149e-03,3.08483407e-02,-2.42985562e-02
4.56460628e-02,6.89840267e-02,2.41806733e-02,1.72197082e-02,2.47362980e-02,-1.16637108e-02,-4.69999198e-02,-9.01472425e-02,-6.68155132e-02,9.80054256e-03,-1.52179109e-02,1.72650949e-02,9.07782770e-03
-4.21193551e-02,-1.24777475e-02,-5.05869194e-02,-3.66523801e-02,-2.07106861e-03,-1.72614399e-02,-3.99089513e-02,-4.87472025e-02,-1.93772305e-02,6.36260086e-03,-5.53805214e-03,2.65304331e-02,3.18240375e-02
-3.64650325e-02,2.57007651e-02,-8.79215681e-03,-2.10812705e-02,-3.18273421e-02,-4.45392021e-02,-5.70174948e-02,-4.66208246e-02,-2.76248115e-02,-7.57159722e-03,-1.41137792e-02,1.97680288e-02,1.50117413e-02
1.87999778e-02,5.74249836e-02,8.45276056e-03,1.45707551e-02,-1.98010819e-02,-2.64321066e-02,-2.71853273e-02,-1.88236606e-02,-3.35091059e-02,-6.15898263e-03,-1.22652473e-02,-9.34695131e-03,-1.06943683e-03
7.12344055e-02,7.21879210e-02,2.90305979e-02,1.19432110e-02,-1.76432183e-02,-1.46381201e-02,-3.25160270e-02,-4.49632392e-02,-4.64812945e-02,6.27559669e-03,-1.11773870e-02,-1.54340931e-02,-1.80118276e-02
4.19303915e-02,6.86779782e-02,6.88915572e-02,6.31066073e-02,1.42228108e-02,-2.84999919e-02,-4.59222585e-02,-1.03278310e-02,-2.20046880e-02,1.81234826e-02,6.25467265e-03,-3.27320951e-02,-3.26161471e-02
5.69332185e-03,3.48083852e-02,3.72580937e-02,5.49212246e-02,2.23763325e-02,-3.32642132e-02,-3.42035230e-02,6.63251816e-03,4.65244083e-03,4.85254108e-02,2.55146183e-02,-1.05463863e-02,-1.92001969e-02
2.55172996e-02,-5.41875843e-03,1.09897191e-02,6.12481114e-02,-6.41865219e-03,-2.28805207e-02,-8.59462969e-03,1.04246707e-02,3.24721661e-02,5.81003203e-02,2.17810113e-02,-1.12589419e-03,-1.52584616e-02
1.42781836e-02,-6.71039373e-03,2.39869547e-02,8.25567282e-02,2.02081979e-02,1.03335072e-03,-5.74914862e-03,8.76629293e-03,3.82384606e-02,3.78406387e-02,-7.58977480e-03,-2.94531471e-02,-3.76207512e-02
4.39287340e-02,3.03961085e-02,8.30157698e-02,1.04803202e-01,2.66160427e-02,2.57213777e-03,-2.50399065e-02,-2.87307222e-02,4.11756884e-03,4.66083374e-02,1.11830572e-02,-4.43133642e-02,-4.06056205e-02
-2.91272720e-02,-3.64924252e-02,3.14832156e-03,2.34665626e-02,-7.26834535e-03,1.04976160e-02,-8.03380007e-04,1.30672232e-02,2.45938364e-02,6.56785665e-02,2.33014540e-02,-3.27777067e-02,-1.33361692e-02
-6.11600223e-02,-6.68476412e-02,-1.64986903e-02,-1.98161197e-02,-3.77059628e-02,-3.18904431e-03,-4.06376444e-02,-7.38638097e-03,8.23542343e-03,5.00929099e-02,4.31293055e-02,-1.17854649e-02,2.49249185e-02
-2.37593755e-02,-1.61566011e-02,-3.29125886e-03,-2.76225074e-02,-4.33851944e-02,1.02713915e-02,-3.20073973e-02,5.60999615e-03,-4.95827847e-03,4.35440318e-02,2.61746241e-02,-3.15383828e-02,1.28053332e-02
5.45316770e-02,4.83115603e-02,3.38468002e-02,-3.93541898e-02,-2.39405059e-02,4.60348156e-02,-3.19143952e-02,-1.85600092e-02,-5.07108383e-03,3.30209137e-02,8.33541561e-03,-4.58119992e-02,4.83325465e-03
7.83647099e-02,7.60797734e-02,4.51502959e-02,-5.32315914e-03,-1.89794696e-02,3.41875777e-02,-2.68344562e-02,-2.22433897e-02,-1.39324926e-02,5.19429606e-04,8.04093313e-03,-3.39917805e-02,-1.26481979e-02
3.98848550e-02,9.27588739e-02,2.28210586e-02,-2.35281860e-02,-5.88987801e-03,5.71251637e-02,-1.57408824e-02,-5.54150011e-02,-1.72393430e-02,-3.58107324e-02,1.36221759e-02,-1.09448597e-02,-3.93695617e-03
3.57459212e-02,8.44484173e-02,-3.32200912e-02,-3.22714051e-02,-4.93144245e-02,3.36197465e-02,2.44196697e-02,-4.78245418e-02,-1.71705779e-02,-5.77148251e-02,1.77133678e-02,4.15422909e-02,-6.23381363e-03
-2.80490750e-02,4.92153293e-02,-3.32854481e-02,1.33755853e-02,-1.33285612e-02,4.39567634e-02,1.56417024e-02,-4.87315652e-02,-1.80304980e-02,-9.16393631e-02,-1.62226827e-02,4.34333212e-02,-2.91666127e-02
-9.69735956e-03,1.66613341e-04,-1.96425273e-02,3.31172283e-02,-3.46717360e-02,4.02724256e-02,3.68400473e-02,-4.96964524e-02,2.06757206e-04,-9.17868524e-02,-3.09377389e-02,6.55275780e-02,-1.80297474e-02
8.86012828e-03,-3.10684399e-02,-2.09685005e-02,1.96126593e-02,-2.46780344e-02,7.83341533e-02,7.17201852e-02,-1.72224525e-02,-1.05611544e-02,-8.68210986e-02,-8.50302160e-02,3.48327355e-02,-2.28065574e-02
-8.40016683e-03,-1.02300422e-01,-6.23523915e-02,-1.38318898e-02,-2.85920486e-02,4.47481744e-02,4.72336374e-02,-4.26273236e-02,-2.28066918e-02,-1.11978226e-01,-9.80105011e-02,3.28803064e-02,7.46250969e-03
-1.70408093e-02,-1.04983018e-01,-6.05791669e-02,-4.19639203e-03,8.85981976e-03,4.59216251e-02,4.54795809e-02,-5.69122291e-03,-2.62013442e-02,-1.10528078e-01,-1.19102946e-01,-1.52524159e-02,-8.76241237e-04
-8.95981340e-03,-6.94396687e-02,-2.34046715e-02,2.34901339e-02,3.89487946e-02,5.46757272e-02,2.24051481e-02,-1.69363432e-02,-3.26477299e-02,-8.30576680e-02,-1.00240068e-01,-4.20472628e-02,7.03969819e-03
4.53100334e-02,-4.94010117e-02,-2.72881356e-02,2.10552142e-02,1.02032018e-02,2.07666677e-02,1.26613006e-03,1.32677160e-02,2.45105150e-02,-3.76805656e-02,-8.80044847e-02,-6.39513426e-02,-5.31872602e-04
3.77788367e-02,3.08601954e-03,1.10366960e-02,1.74473754e-02,5.42569859e-03,1.95103046e-02,-2.29649459e-02,-2.39467284e-02,5.77933159e-03,-3.30938178e-02,-5.23409034e-02,-5.23908974e-02,1.47856958e-02
5.02544331e-02,4.37714030e-02,-4.30605073e-02,-1.64337408e-02,-3.79017689e-02,-3.79720038e-03,1.93586953e-03,1.97913465e-03,2.02425794e-02,-2.25970307e-02,-2.53211444e-02,-8.02690463e-03,8.43093409e-03
-1.29353959e-02,6.48903186e-02,1.52632899e-02,1.65660333e-02,-1.84581580e-02,-1.09873132e-02,-3.15622319e-02,-3.43588517e-03,9.44421992e-03,1.19454986e-02,1.98797477e-02,7.25026333e-03,-1.06863303e-02
-2.04870710e-02,2.34668164e-02,-3.57641143e-02,-1.01917476e-02,-4.82787562e-02,-1.79058656e-02,9.08951135e-03,2.68488037e-02,1.92288892e-02,4.97578944e-02,3.39671291e-02,5.70071186e-02,1.62128968e-02
1.48880713e-02,2.04611494e-03,-1.02033803e-02,-8.64899085e-03,-3.34734264e-02,1.39847645e-03,2.39637873e-02,4.46730572e-02,-2.45414687e-02,6.39469528e-02,2.63704891e-02,5.38947312e-02,1.93554618e-02
2.76347648e-02,-6.95966601e-03,-2.52843677e-02,-3.46963102e-02,-5.91840528e-02,-5.95301521e-02,5.58667420e-03,3.26469296e-02,-3.23386226e-02,5.41835559e-02,5.88361932e-03,2.10071941e-02,7.75758515e-03
4.55719229e-02,-1.65025258e-02,-2.23234608e-02,-2.94185473e-02,-8.88839089e-03,-5.43138038e-02,2.29420952e-02,5.31643188e-02,-4.45407509e-02,1.70756315e-02,-6.80547208e-03,-5.38938470e-03,-8.63397129e-03
2.33019558e-02,-1.51425168e-02,-8.33329236e-03,-3.22626056e-02,2.65817510e-02,-3.13874922e-02,2.87253178e-02,4.46690466e-02,-5.53395333e-02,3.80786375e-03,1.04000191e-02,-2.36539830e-02,-1.37088117e-02
5.11208039e-03,-3.83870368e-02,-2.14410710e-02,-2.13705288e-02,1.99882633e-04,-6.31501922e-02,-2.25221085e-03,1.15263445e-02,-1.95091569e-02,-7.29546704e-03,-4.10998123e-02,-5.19751940e-02,-2.49940389e-02
1.58533060e-02,-6.32177946e-03,1.19164822e-02,-1.24839690e-02,4.03576286e-03,-7.53482945e-02,-8.94662784e-03,1.66685156e-03,-2.84325685e-02,-5.70655195e-03,-3.30428214e-02,-5.78221670e-02,-4.46648239e-03
2.32842327e-02,-1.36245988e-02,-2.58472438e-02,-5.00604274e-02,-1.21206177e-02,-5.65579623e-02,-8.85777615e-03,-2.89208834e-03,7.76382801e-03,-1.23511673e-02,-2.71663195e-02,-1.44940918e-02,1.09606591e-02
1.80814073e-02,2.76012827e-03,3.63368380e-02,-3.78094709e-02,1.70645729e-03,-3.54178572e-02,-2.76179644e-02,-1.13393757e-03,2.93372246e-02,-1.43363281e-02,-2.36137477e-02,-9.91816003e-03,-2.77722026e-02
-2.77693106e-02,-9.32688644e-03,3.17457950e-02,-5.47856816e-02,1.96660502e-02,1.31842363e-02,-2.10431147e-02,3.34048331e-02,7.51659051e-02,3.31563228e-02,-7.76439704e-03,3.45031579e-02,-2.27592612e-02
-1.92159754e-02,-7.07052264e-03,3.32984169e-02,-3.58854473e-02,4.03068790e-02,6.01275295e-02,1.12303482e-02,3.78035748e-02,5.79997074e-02,4.32016543e-02,1.08267337e-03,5.16933702e-02,-6.68566042e-03
-1.37452455e-02,1.47383687e-02,2.22831364e-02,-3.04961728e-02,9.94165661e-04,5.39303938e-02,2.08381908e-02,9.17787682e-03,3.28276867e-02,5.61261668e-02,7.66948512e-03,1.41662750e-02,-2.17963787e-02
6.50662819e-03,4.45522641e-02,3.72773454e-02,-1.98392438e-02,-1.50207689e-03,2.30831016e-02,1.47139737e-02,1.70379190e-02,3.93909928e-02,4.79813072e-02,2.84382954e-02,1.38370051e-02,-2.53559523e-02
2.05347509e-03,5.34071580e-02,5.13511764e-02,-2.38061153e-02,3.32098240e-02,5.67699261e-02,3.77088353e-02,2.79618959e-02,2.46490966e-02,2.78873698e-02,4.98432726e-02,-1.86954137e-02,-3.35575132e-02
-4.56472421e-02,1.79505461e-02,2.71920946e-02,-8.49933120e-03,-5.69752110e-04,2.00196398e-02,2.84339603e-02,-3.16143143e-02,2.50786953e-03,-4.63534507e-03,1.26313757e-02,-4.12200555e-02,-9.74179055e-03
-1.97933846e-02,4.10366239e-02,4.10402536e-02,2.20377985e-02,-1.06999404e-02,-1.82747124e-02,4.78270458e-02,-2.99083118e-02,-8.51225306e-03,-2.04988761e-02,6.91539277e-03,-7.19158234e-02,1.88092542e-02
-8.01821787e-02,-1.39130963e-03,-2.19234026e-02,-1.94415885e-03,-1.06110894e-02,-6.99827302e-03,1.30412070e-03,-2.49781506e-02,1.69187214e-03,-2.60264463e-02,4.84303277e-02,-3.43046387e-02,8.70803569e-02
-5.14143692e-02,1.31917338e-02,-2.37355839e-03,1.74948426e-02,3.31346719e-03,-4.25004423e-02,-4.33174526e-02,-4.59897960e-03,1.86366458e-02,-4.89927736e-02,6.14795530e-02,-1.43799555e-02,9.31469884e-02
-1.00822770e-01,1.75313146e-02,4.61471167e-02,2.46300730e-02,2.22128297e-02,-4.99626377e-02,-8.09184612e-02,4.67241172e-02,6.53737273e-02,-1.42545104e-02,4.34416420e-02,-6.34014325e-03,8.33115856e-02
-8.91716546e-02,3.12192048e-02,4.78143520e-02,2.14028969e-02,2.43013415e-02,-3.42320995e-02,-1.01629517e-01,4.19185369e-02,7.34382268e-02,-2.69023559e-03,2.68607086e-02,3.33513740e-02,1.12446811e-01
-8.01172074e-02,1.09760367e-02,2.09626313e-02,-1.27920838e-02,4.75207663e-03,-1.13482201e-02,-5.79287741e-02,4.83896979e-02,7.63502177e-02,1.62724964e-02,4.70824840e-02,3.06243898e-02,7.94266435e-02
-3.52625437e-02,3.81141719e-02,2.12515966e-02,-2.63032087e-02,-1.00169713e-02,-4.06247902e-03,-5.84211119e-02,5.09214776e-02,9.81742000e-02,2.64652099e-02,2.85690526e-02,2.46836642e-02,6.63046925e-02
-2.47290671e-03,3.78599029e-02,3.74850745e-02,2.77591427e-03,1.45098060e-02,7.18648830e-03,-4.49256873e-02,6.67222530e-02,9.52559883e-02,7.35369232e-03,5.41526232e-03,2.92713691e-03,3.77080741e-03
-1.03530014e-02,2.35573725e-02,1.85857962e-02,-6.52649159e-03,-1.01782610e-03,3.87157326e-02,-4.04451707e-02,5.56443420e-02,6.95485489e-02,-2.61238824e-02,-2.15395772e-02,1.20211716e-02,7.43497693e-03
4.87957959e-02,1.85297184e-02,5.94747154e-02,3.34836154e-02,-1.70087873e-02,2.22462997e-03,2.71925844e-03,1.81287601e-02,5.11218931e-02,-2.04989939e-02,-3.71516949e-02,-2.80648755e-02,-2.56667252e-02
-3.12238622e-03,-2.11987740e-02,-6.97736255e-03,3.67580596e-03,1.82830446e-03,6.61513108e-02,1.59317796e-02,2.92810022e-02,4.75379446e-02,1.77622054e-02,-1.06233890e-02,-4.45390103e-02,-8.35527364e-03
2.21736240e-02,-8.77921992e-03,-2.93214783e-02,2.45987551e-02,4.51867309e-02,4.74223144e-02,1.57641261e-02,1.90254344e-02,8.55400974e-03,1.85025975e-02,2.75240030e-02,-5.75141630e-03,1.54227730e-02
1.13482946e-02,1.22259521e-02,9.68383795e-03,5.20956024e-02,6.56933496e-02,1.48194445e-02,1.06472076e-04,2.73323903e-02,1.19841098e-02,5.33897589e-02,9.80718724e-04,-2.77066572e-02,4.64131333e-04
3.08184734e-02,4.36372513e-02,3.85609587e-02,6.01838048e-02,4.99657721e-02,1.14009421e-03,-1.68766062e-02,-1.46953978e-02,1.73676012e-03,7.86652885e-02,6.10420905e-03,-3.14360046e-03,1.62414210e-02
2.76471730e-02,2.69418489e-02,3.04962336e-02,2.73305414e-02,3.45135622e-02,1.98985468e-03,9.19161331e-04,-6.95751621e-03,-8.03594300e-03,7.82824594e-02,2.02011600e-02,1.36706082e-02,3.63576029e-03
5.68644985e-02,2.35447352e-02,4.59421577e-03,-3.08085748e-03,-4.15902268e-03,1.00625826e-02,1.05927438e-02,-1.78959040e-02,7.12938774e-03,6.50826921e-02,2.38607525e-02,8.25352387e-03,-4.76920579e-03
7.14591708e-02,1.38897492e-03,-2.91695920e-03,-4.51138736e-03,-2.08006748e-02,-1.68604872e-02,-1.38246617e-02,-3.14670961e-02,2.59284679e-02,2.88975277e-02,1.43883707e-02,2.60500158e-02,-3.49923195e-02
3.21747211e-02,-4.10760060e-02,-1.94844426e-02,3.06104260e-03,-3.15326489e-02,7.66655827e-03,-4.21464617e-02,-2.37776626e-02,1.22731667e-02,-5.52104837e-02,2.11037433e-02,5.28234547e-02,-1.59015531e-02
2.98388746e-02,-5.53961609e-02,2.51646377e-02,1.92565897e-02,-6.09726026e-02,-4.35960766e-02,-3.92508627e-02,-2.62555834e-02,1.99280092e-02,-6.07620809e-02,6.26451931e-03,2.43075532e-02,-4.07535635e-02
1.32797628e-02,-7.74533420e-02,1.84568610e-02,-1.16774609e-02,-5.20858479e-02,-2.14690887e-03,-3.23652960e-02,-2.24953929e-04,3.08552599e-02,-6.22221207e-02,5.24575587e-04,-1.08861009e-02,-4.12421727e-02
-5.16415542e-04,-6.45984755e-02,-1.38731849e-02,-3.63616001e-02,8.28168810e-03,8.83770415e-03,-3.16383355e-02,5.20495546e-03,1.74983706e-02,-6.41396361e-02,-3.39876567e-03,1.19441754e-02,-3.00355862e-02
1.21655597e-02,-4.05928638e-02,1.63976750e-02,-1.29966797e-02,2.81550994e-02,3.74936610e-02,-4.00518317e-02,1.86144494e-02,1.04967665e-02,-3.15582994e-02,-1.55588464e-02,-3.02065800e-02,-1.63245922e-02
3.17236654e-02,-1.36245273e-02,3.03484152e-02,1.12599784e-02,4.86794604e-02,4.15128625e-02,-2.38918390e-02,8.79847571e-03,3.98962164e-03,5.07081064e-03,1.41083500e-02,-2.17510332e-02,6.40506499e-03
5.43408326e-02,2.16997098e-02,5.37674313e-02,3.27652034e-02,4.70198934e-02,3.87873773e-02,-2.88949276e-02,3.25970659e-03,-7.19775213e-03,2.27543527e-02,2.22845049e-03,-1.51169415e-03,3.45118853e-02
5.05901400e-02,2.55163062e-02,6.44790108e-02,6.97009536e-02,3.21250939e-02,1.66943776e-03,-3.91776601e-02,1.09599275e-03,-9.60814158e-03,5.50760887e-02,4.40093907e-02,7.88012441e-03,3.12178493e-02
7.85250898e-02,3.01219670e-02,5.74421134e-02,4.52913776e-02,2.73168043e-02,-1.34519296e-02,-3.92565392e-02,5.66322723e-04,-4.71838857e-03,5.34061464e-02,2.17660504e-02,2.66159311e-02,2.71148382e-02
6.56397589e-02,-3.06765212e-03,6.09102037e-02,6.06843314e-02,1.93648607e-02,-1.78759111e-02,-3.80979080e-02,-4.06932207e-03,-2.79882817e-02,2.64725522e-02,2.46864271e-02,4.05712436e-02,1.61192327e-02
3.41146661e-02,-4.02443051e-02,4.81418389e-02,4.37153107e-02,-4.00943114e-03,-3.52135135e-02,-2.22266934e-02,-3.22756661e-03,-5.57600704e-02,2.99603110e-02,-1.31449570e-03,3.38970133e-02,5.13942821e-03
2.27056613e-03,-7.41889167e-02,5.03662133e-02,3.86068192e-02,-5.96035505e-03,-4.95420425e-02,-2.45659936e-02,1.21022371e-02,-5.80612723e-02,2.32896571e-03,1.14035937e-02,3.22136231e-02,-1.38760078e-02
-7.32519786e-03,-6.95113846e-02,2.01252970e-02,-1.84692433e-02,1.87579335e-02,-3.32452888e-02,-2.02622020e-02,1.82461975e-02,-4.47598730e-02,-3.79251947e-02,-7.13024033e-03,4.41315225e-02,-1.46148220e-02
-3.48379027e-02,-6.95739025e-02,2.02479195e-02,-3.41226719e-02,7.38319945e-03,4.59574145e-04,-1.05754545e-03,2.53309806e-02,-4.96580153e-02,-6.57602922e-02,-1.17068585e-02,-7.35651749e-03,-1.65099582e-03
-3.81750648e-02,-2.03635620e-02,-1.28224434e-02,-5.45854703e-02,-6.61114350e-03,1.76732729e-02,1.29753593e-02,2.62010222e-02,-4.43867588e-02,-7.96671657e-02,1.42971499e-02,-9.95588802e-03,3.92166204e-02
-2.42571650e-02,2.03568881e-02,-2.31370529e-02,-6.97888823e-02,-4.05230204e-03,2.45042251e-02,7.27881834e-03,9.93378986e-03,-2.82214206e-02,-7.11288345e-02,1.75914233e-02,-1.54515403e-03,6.72069489e-02
-4.59138059e-02,4.86633419e-02,-1.15571439e-02,-5.92205436e-02,-7.09969644e-03,8.15147680e-04,3.69515609e-04,-3.05828423e-02,-2.33271036e-02,-4.11239977e-02,6.93718258e-02,1.87249410e-02,1.04390399e-01
-2.46830464e-02,9.13497607e-02,-3.25049225e-02,-7.79449313e-02,-2.10739263e-02,-1.33452638e-02,5.03783247e-03,-2.77502078e-02,6.13677038e-03,-2.87540090e-02,4.61857313e-02,6.06284418e-03,1.20779629e-01
7.64013666e-03,1.14682874e-01,-2.38658213e-02,-8.14652392e-02,-4.02159575e-02,-3.18642381e-02,1.97262926e-02,-1.67431082e-02,1.59016365e-02,-2.19644783e-02,2.91530213e-02,-1.73198837e-02,8.03781399e-02
1.68040120e-02,9.20795426e-02,-5.83528963e-02,-9.76862635e-02,-5.31145153e-02,-2.77119979e-02,1.81160206e-02,-3.96540095e-02,1.57166284e-02,2.63760429e-03,-1.21712805e-02,-2.06649158e-02,8.06514350e-02
1.10657931e-02,4.94696352e-02,-6.14522301e-02,-5.00036691e-02,-4.39603197e-02,-4.01372664e-02,-4.84592777e-03,-5.09567314e-02,-5.51656389e-03,3.76781502e-04,-6.48729873e-03,-8.31911205e-03,4.66048844e-02
3.66485495e-02,2.74105929e-02,-5.94530513e-02,-9.63558074e-03,-3.30364720e-02,-3.31234081e-02,-2.35593023e-02,-6.20699558e-02,-1.70571323e-02,-3.16708798e-02,-2.11634492e-02,9.75928271e-03,2.23754438e-02
6.06496956e-03,-3.43091975e-02,-4.31746917e-02,2.70265690e-02,-4.55077355e-02,-3.46407952e-02,-5.13507299e-04,-4.10953553e-02,-8.73959647e-03,-6.28730771e-02,-3.53340577e-02,-1.12613379e-02,-3.39833049e-03
-2.94263890e-02,-5.48492620e-02,-4.73005428e-02,4.86361184e-02,-4.93314820e-02,-2.28908991e-02,5.00977985e-03,-1.64904795e-02,-1.00675608e-02,-7.50058802e-02,-1.53609739e-02,-2.93546300e-03,3.58541011e-03
-4.56469947e-02,-6.30369848e-02,-3.26500910e-02,7.28407104e-02,-1.82093567e-02,-1.90248540e-02,-1.39624326e-02,2.48618221e-03,1.53843467e-03,-6.00782997e-02,1.14827649e-02,1.65095858e-02,-1.08021845e-02
-4.46977582e-02,-3.04608841e-02,2.28687064e-02,8.60070663e-02,-1.06081123e-02,-1.06955223e-02,-1.83912016e-02,-4.56350707e-03,1.29099761e-02,-2.58422989e-02,2.92947014e-02,1.63416384e-02,2.71486594e-03
-2.02449551e-02,7.43970047e-04,1.69073177e-02,6.36464527e-02,2.07620182e-02,1.31538322e-02,7.29166526e-04,-2.02252119e-03,2.36848928e-02,-5.09761311e-03,1.83752587e-02,1.83149539e-02,1.70607946e-02
9.63246389e-03,1.16679045e-02,1.65210157e-04,1.35642894e-02,1.70851079e-02,8.19216332e-03,1.43602090e-02,2.04297784e-02,3.98496439e-02,6.07695012e-03,2.77093261e-02,-1.05538013e-02,1.22507422e-03
1.63914157e-02,3.37974345e-02,3.53889705e-03,-3.11381898e-02,-2.33699661e-03,-3.03482127e-03,8.59373322e-03,1.86141187e-02,7.99380724e-02,3.64390554e-02,-8.84653272e-03,-4.08586517e-02,1.58544821e-03
2.53347352e-02,6.27165148e-03,-2.18849582e-02,-5.34316874e-02,-3.91822649e-03,2.27991082e-02,1.78725573e-03,2.52843878e-03,5.72879761e-02,5.04725875e-02,-9.06745905e-03,-4.40622218e-02,3.31180536e-03
4.65811875e-02,1.77000321e-02,-8.12701007e-04,-3.20422639e-02,2.63109167e-02,2.40355370e-02,-3.67680496e-02,-5.17360218e-02,1.00629436e-02,1.97272978e-02,-4.78141509e-03,-1.75343339e-02,4.05182315e-03
2.76405849e-02,-3.21935604e-02,-7.73567166e-03,-5.33881722e-02,-2.93075632e-02,1.12200909e-02,-3.52683134e-02,-4.47186431e-02,2.56110012e-02,1.49652293e-02,-1.95454746e-02,-3.44678011e-02,5.77878355e-04
-1.68172465e-02,-8.18582516e-02,-3.19611887e-02,-6.33681816e-02,-3.94044320e-02,7.28717030e-03,-3.12538504e-02,-5.05204659e-02,7.98938416e-03,-6.02957118e-04,-2.23790118e-02,-1.16681564e-02,4.12418887e-03
-5.20172772e-02,-8.57089661e-02,-9.40682274e-03,-2.77852279e-02,-3.85763057e-02,2.18837536e-02,-2.03405944e-02,-3.98701740e-02,-2.90154669e-03,-2.66865234e-02,-9.30803048e-03,1.14035567e-02,8.07664305e-03
-4.52819885e-02,-5.14814220e-02,5.68186642e-02,3.63290760e-02,-4.99136325e-02,3.16096973e-02,-2.56444473e-02,-3.67024345e-02,5.49781641e-03,-1.67814740e-02,-1.00943480e-02,-5.03689066e-05,6.21810957e-03
-7.66304666e-03,-1.81981265e-02,7.88753655e-02,7.73196614e-02,-1.92008596e-02,5.85208460e-02,1.58876038e-03,-2.43948397e-02,-5.64970584e-03,-1.82583188e-02,-1.75263508e-02,1.13906239e-02,1.32894940e-02
2.53992890e-02,-1.36027437e-02,4.75739799e-02,7.88611630e-02,-1.13002279e-02,5.13074797e-02,2.78037862e-02,9.94210775e-03,7.23071821e-03,-1.83270956e-02,-4.78764714e-03,2.33526913e-03,1.81755155e-02
3.51411293e-02,-1.48340768e-02,2.43977019e-02,6.12278816e-02,-1.02994178e-02,2.15406426e-02,5.77167459e-02,4.66640347e-02,4.68873513e-02,1.21138700e-02,-1.26628845e-02,3.40135001e-03,2.17574454e-02
6.24841106e-02,-1.34799038e-02,-1.41871687e-02,3.83003831e-02,-8.39695104e-03,3.33371210e-02,7.50378730e-02,6.98813955e-02,3.97219561e-02,4.26514065e-02,-1.34859516e-02,-1.04920673e-02,-1.03618689e-03
6.49606464e-02,2.33274674e-02,-2.65118936e-02,4.43917931e-02,3.93345113e-02,2.34363463e-02,4.98846717e-02,2.25322098e-02,5.97369592e-03,2.23693255e-02,-1.66559255e-02,3.39823217e-02,-2.57800797e-02
6.57856400e-02,2.51511013e-03,-3.60372829e-02,1.81619613e-02,1.04735556e-02,-2.31977196e-02,7.68661436e-03,2.91910524e-03,1.92289414e-02,-1.54065138e-03,-2.63848574e-02,3.36607469e-02,-3.40436279e-02
9.47948819e-03,-2.07298159e-02,-8.96210043e-02,-2.83195782e-02,2.87435278e-03,-6.21340659e-02,-3.99584211e-02,-2.88262412e-02,2.58807833e-02,-1.59466753e-02,-2.36724343e-02,6.17001966e-02,-2.98598215e-02
-6.66274603e-02,-2.68092369e-02,-7.47690256e-02,3.55457217e-03,-1.84378751e-03,-5.92121742e-02,-4.33571260e-02,-1.33497694e-02,5.12040287e-02,-3.96859245e-02,-3.88420525e-02,6.41738256e-02,-3.22335109e-02
-7.50141881e-02,9.75592941e-04,-3.68568754e-02,2.56592027e-02,7.38058521e-04,-3.02252622e-02,-5.50716305e-02,-4.51731780e-02,4.68285475e-02,-6.03678118e-02,-4.36029720e-02,5.67214722e-02,-5.01904640e-02
-5.84352940e-02,4.00203264e-02,-1.47849626e-03,5.71700680e-02,9.82221956e-03,9.35223813e-03,-5.40776852e-02,-5.07977932e-02,5.71512765e-02,-6.56584439e-02,-4.42345891e-02,4.62316773e-02,-4.03293293e-02
-4.35978516e-02,4.82422777e-02,3.03889911e-02,9.27213598e-02,2.11981137e-02,2.65334769e-02,-2.60671254e-02,-2.54279876e-02,5.31632047e-02,-8.87331690e-02,-5.17327691e-02,1.99593641e-02,-4.12023551e-02
-5.57767393e-02,4.80593922e-02,3.74329967e-02,5.72377622e-02,2.44718738e-02,2.79623452e-02,-1.56407218e-03,1.61238267e-02,8.35666049e-02,-7.01649813e-02,-2.29585873e-02,1.58229479e-02,-1.49808745e-02
-3.06846127e-02,5.04329108e-02,2.95925515e-02,4.96910322e-03,6.92437731e-03,5.19021780e-02,3.14444258e-02,5.24383852e-02,6.66651012e-02,-1.44564207e-02,1.12114159e-03,-2.05679249e-02,-1.85150250e-02
-1.45143603e-02,5.33829826e-02,2.57570168e-02,-1.43725511e-02,3.65770951e-02,6.60589801e-02,5.23413548e-02,4.01199072e-02,2.63026516e-02,2.42249194e-02,-1.36294898e-02,-2.40393080e-02,-3.39010839e-02
2.55909989e-02,2.72752934e-02,3.39047946e-02,-6.22474236e-02,3.68387543e-02,3.20354981e-02,4.81390152e-02,4.88756147e-02,5.58877005e-03,3.53254234e-02,2.37890216e-02,-1.20405376e-02,-2.72561064e-02
1.79660504e-02,6.70700550e-03,-3.63350970e-03,-1.01503101e-01,5.49063191e-02,2.00585510e-02,2.39727994e-02,1.18661771e-02,-4.18642720e-02,4.19004495e-02,2.90196589e-02,-3.48681255e-02,-3.20290792e-02
-6.22686472e-03,-8.52751889e-03,7.54609345e-04,-9.93691818e-02,3.73549967e-02,-1.13966427e-02,1.35225269e-02,1.13178999e-02,-2.22638747e-02,6.27882710e-02,3.84234154e-02,-4.22276393e-02,-2.51259358e-02
-2.90305149e-02,-2.09244194e-02,8.24456926e-03,-7.56961251e-02,4.78049864e-02,-7.16961047e-04,9.24137851e-03,-3.15463969e-03,-4.96442130e-02,6.76903983e-02,5.57469333e-02,-6.52335353e-02,-3.99251897e-02
-1.27560128e-02,5.15728451e-03,9.42515594e-03,-6.56762942e-02,1.43105815e-02,4.16593871e-02,2.54360498e-02,-3.61996621e-02,-6.57093761e-02,7.53177303e-02,6.93702111e-02,-7.88094009e-02,-5.27635363e-02
-1.19822865e-02,5.46996248e-04,2.52531364e-02,-2.25170661e-02,1.88775529e-02,4.92418986e-02,2.58063987e-02,-4.48110502e-02,-4.92411234e-02,5.41382753e-02,4.93337597e-02,-6.26792722e-02,-3.73304951e-02
-7.89089399e-03,1.27237359e-02,4.47238205e-02,-1.13950407e-03,1.03586854e-02,2.03548903e-02,3.24868637e-02,-3.08591806e-02,-4.46208819e-02,2.18647053e-02,5.13628158e-02,-4.87005703e-02,-2.20574453e-02
-6.46434605e-03,2.78897252e-02,4.97101122e-02,1.57658607e-03,-1.90468225e-02,2.34256175e-02,4.62722532e-02,-4.31728581e-02,-3.34739263e-02,3.28029685e-02,4.07038168e-02,-4.44172058e-02,-3.21258926e-02
-1.54640924e-02,1.77502356e-02,8.32978266e-02,4.27595657e-02,-2.32687783e-03,2.02309143e-02,3.19956006e-02,-5.27762764e-02,-4.06999465e-02,3.56073275e-02,2.19863921e-02,-2.46702753e-02,-3.39855441e-02
8.50307106e-03,2.44522978e-03,6.75915802e-02,2.66829044e-02,-1.92762876e-02,1.64122739e-03,2.98821772e-02,-1.16172404e-02,-2.70077594e-02,3.25965242e-02,4.69541536e-02,6.92821587e-03,-2.78430168e-02
1.20163293e-03,-1.57638162e-02,3.38427070e-03,2.44976821e-02,-1.51906277e-02,-8.47109163e-03,3.61994833e-02,-5.50947988e-04,-2.05922270e-02,2.44637777e-02,1.22326458e-02,2.46797755e-02,-2.82831156e-02
1.23004336e-02,-2.21560273e-02,-2.29683200e-02,1.01412853e-02,-3.91815892e-03,-3.84911148e-02,1.80655167e-02,1.02409136e-02,-6.96655342e-03,4.40901457e-03,7.57612658e-03,2.73262182e-02,-3.96232524e-02
-3.16449301e-03,-3.29847341e-02,-3.90674856e-02,2.36525071e-02,1.38800057e-02,-4.48659390e-02,-5.53174458e-03,2.79923037e-02,1.32302160e-04,-1.37644347e-02,2.14722786e-02,8.17912288e-03,-5.62273711e-02
2.58026380e-02,-2.43989062e-02,-6.71007979e-02,-9.67055378e-03,-2.92955877e-02,-1.28760904e-02,1.40722651e-02,2.34912260e-02,-2.79556456e-02,-1.41891594e-02,9.90411884e-03,-4.68936717e-03,-5.98858624e-02
4.70210494e-03,-2.63541108e-02,-4.06603170e-02,-3.25878078e-03,-2.16557918e-02,-2.03047903e-02,1.00236438e-03,9.47087476e-03,-3.21607403e-02,-2.53463179e-02,1.49669075e-02,1.69301567e-02,-9.47991939e-03
1.44736405e-02,-3.04084134e-02,-5.46465206e-02,2.66296273e-02,-9.45954390e-03,-1.31638772e-02,2.31161585e-02,2.64323653e-02,-4.55766673e-02,-4.41186066e-02,-3.90910426e-03,1.39426710e-02,2.41327608e-02
2.79810445e-02,1.67132712e-02,-3.98585763e-02,7.83268007e-03,-3.04968522e-02,-2.50063482e-02,6.30827693e-02,3.63000565e-02,-3.63021916e-02,-5.35640183e-02,-4.96849811e-02,1.11372378e-02,2.82844946e-02
-1.49405505e-02,1.17732300e-02,-1.89909848e-02,7.09680625e-03,-2.19187372e-02,-2.20123023e-02,7.22728385e-02,4.62533936e-02,-1.93790312e-02,-2.32695438e-02,-6.16402981e-02,2.52694297e-02,3.52922815e-02
1.95969896e-02,6.08242972e-02,2.97018252e-03,-1.99171397e-02,-6.35370572e-02,-2.31784474e-02,7.29249948e-02,5.43447361e-02,-3.90283406e-02,-2.87146595e-02,-7.75311868e-02,2.01433649e-02,3.16044975e-02
2.93989046e-03,6.42819708e-02,-2.18635393e-02,-4.75970228e-02,-5.81012397e-02,-1.57027314e-02,8.86663211e-02,6.23454402e-02,-8.07876777e-03,-3.59771320e-03,-8.20163698e-02,3.64310845e-02,4.18272973e-02
-3.75301713e-02,5.17438034e-02,-4.64234821e-02,-5.39474936e-02,-1.81040789e-02,6.27297345e-04,1.00270567e-01,8.54897449e-02,-6.81579991e-03,1.07286858e-02,-8.60062267e-02,3.43155076e-02,4.89123496e-02
-5.21258873e-02,4.64143861e-02,-5.15700923e-02,-7.13202674e-02,-1.94129317e-02,1.02997930e-03,6.91824245e-02,8.62932114e-02,1.36955850e-02,2.55385103e-02,-7.60591706e-02,5.07844356e-03,1.35134155e-02
-6.36384643e-02,2.73649073e-02,-9.85732192e-02,-9.70741445e-02,-4.18502235e-02,2.18948742e-02,7.44551349e-02,9.02283776e-02,3.41118636e-02,4.68036119e-02,-7.16498935e-02,1.11652455e-02,4.76644819e-03
-6.72674309e-02,-1.27935576e-02,-7.69360630e-02,-5.19337170e-02,-1.85478428e-02,4.29120585e-03,5.41056519e-02,3.94317264e-02,-1.34190508e-02,3.37914311e-02,-4.77798593e-02,8.63068250e-03,3.19629802e-02
-5.42450045e-02,-2.62520891e-02,-5.62554985e-02,9.71337623e-03,5.32141449e-03,1.95206094e-02,2.05758139e-04,3.13344710e-03,-2.55102249e-02,2.72279042e-02,-3.34297556e-02,2.52760137e-03,3.58655526e-02
-2.86450492e-02,7.92975864e-03,-3.60576734e-02,2.78672671e-02,1.67027487e-02,1.17705458e-02,-1.96605561e-02,-2.04453798e-02,-7.35690934e-03,2.67841383e-02,-2.51891696e-02,4.71029975e-03,3.42507010e-02
-2.39220409e-03,6.05217640e-03,-2.39857984e-02,4.08579462e-02,1.66982117e-02,7.60474960e-03,-6.31665580e-04,-2.92942387e-02,-1.72181472e-03,3.30857133e-02,-1.60454565e-02,-2.12122914e-02,2.30940765e-02
4.64398810e-02,4.26747633e-02,1.29798841e-02,5.86644672e-02,-2.38189872e-02,-1.13828424e-02,-7.52994750e-03,-4.06022340e-02,-1.30664357e-03,2.71122037e-02,-1.92391322e-02,-3.66749642e-02,-1.01828457e-02
4.85752016e-02,6.20148627e-02,1.90072762e-02,2.42526591e-02,1.60605030e-02,1.32812151e-02,-3.06443840e-02,-5.05360781e-02,2.08561650e-02,1.54298986e-02,2.45862356e-02,-9.46510630e-03,-2.67919744e-02
3.54915552e-02,4.80733572e-02,4.12231385e-02,2.91859295e-02,5.49647187e-02,1.55802618e-02,-4.78557698e-02,-7.12866401e-02,-3.04474513e-03,1.46285177e-02,5.79836473e-02,3.27016235e-02,5.99489616e-03
5.65076717e-02,3.82156031e-02,5.81065626e-02,-1.20846368e-02,2.21420033e-02,-1.35810047e-02,-2.68826624e-02,-3.36446047e-02,3.59332759e-03,1.64351347e-02,4.11119332e-02,1.18802278e-02,-1.85441273e-03
2.56607476e-02,2.10381111e-02,3.80383529e-02,-6.16576111e-02,8.42883801e-04,4.10994619e-03,-2.90850352e-02,-1.00243569e-02,1.97547918e-02,2.92514458e-02,6.75460431e-02,2.86639756e-02,-2.61346408e-02
-2.02929885e-03,-2.68488971e-02,-2.21889457e-02,-8.82275451e-02,-1.14902464e-04,7.93723414e-03,-6.86611587e-03,4.72517970e-03,-4.90444608e-03,-7.74902106e-03,5.98378879e-02,2.44288130e-02,-6.93748343e-03
-3.46081629e-03,-7.63129123e-02,-2.38925886e-02,-8.23442205e-02,-3.41474463e-02,-2.86795628e-02,-3.30360412e-02,-2.07188108e-02,-3.79562217e-02,-2.99056643e-02,3.44814773e-02,5.05830684e-02,3.93087601e-02
-5.92973361e-03,-7.48915621e-02,-2.23819237e-02,-8.98438262e-02,-3.88138540e-02,-2.61387006e-02,-4.09274513e-02,-1.33029008e-02,-2.48894096e-02,-3.06127351e-02,3.61043775e-02,5.40548263e-02,3.53505545e-02
3.80431244e-02,-4.30289795e-02,1.35072563e-02,-6.61651231e-02,-2.57635451e-02,-2.82189579e-02,-2.33654274e-02,-1.59183099e-02,-4.26509255e-02,-3.13010983e-02,9.35589185e-03,-5.52576093e-03,3.07956925e-02
7.27438785e-02,-1.35332469e-02,2.57663302e-02,-2.46794492e-02,-2.67027688e-02,-3.67903121e-02,1.76215405e-02,7.70886409e-03,-4.32092644e-02,-2.43763807e-02,-4.29241907e-02,-4.89879578e-02,-3.46518627e-04
6.41810250e-02,2.45059896e-02,8.96062621e-03,-2.44573824e-02,1.37611857e-02,3.72057517e-03,-1.45675375e-02,1.38980663e-02,-1.27344425e-02,-6.27761015e-03,-4.03714699e-02,-1.62049146e-02,9.17306900e-03
4.68361189e-02,3.88877041e-02,4.55228657e-02,1.68467586e-02,2.43791219e-02,1.01941105e-02,-2.12201014e-02,2.52110382e-02,-2.37315347e-02,4.21269169e-03,-3.13377018e-02,8.33641653e-03,1.85050665e-02
5.09789655e-02,4.06837983e-02,5.35054078e-02,6.50439964e-02,2.88832424e-02,-1.12123916e-02,1.98724318e-02,7.77367548e-02,1.53087008e-03,1.82532241e-02,-3.27279829e-02,-1.61055337e-02,-3.76224379e-03
6.06819750e-02,3.61112724e-02,2.68220230e-02,3.08949068e-02,1.77184206e-02,7.67496399e-03,9.72048622e-03,8.77181633e-02,3.77739697e-02,4.12666113e-02,-3.28382807e-03,4.12800618e-03,-2.31226189e-03
3.41590923e-02,3.91911471e-02,-1.05846945e-02,2.08664380e-02,2.03349243e-02,1.30434277e-03,-2.49516427e-03,9.23306223e-02,5.50871092e-02,3.39364090e-02,1.96910230e-03,-1.27603388e-02,-1.30434300e-02
-1.51229432e-05,-1.46145130e-02,-3.90804140e-02,3.98814856e-02,-2.50251097e-03,-2.30106862e-02,-1.42805465e-02,3.20761975e-02,2.04759794e-02,2.71759844e-02,-1.65750919e-02,-9.69012040e-03,2.07009732e-02
-6.17834123e-02,-6.04026459e-03,-3.27571350e-02,4.07992315e-02,-2.50488959e-02,-4.64853882e-02,-2.99396400e-02,1.83225983e-02,2.71922063e-02,1.34247410e-02,1.18960525e-02,-3.83931955e-03,1.66689694e-02
-4.62884744e-02,-1.40965209e-02,-2.56758994e-02,6.39430106e-02,-1.70537151e-02,-3.58871453e-02,-4.90279500e-02,-5.48525094e-02,2.44731401e-02,1.26083596e-02,8.96597160e-03,-2.79951080e-02,-3.28581068e-03
-3.22907433e-02,-5.21361341e-03,-2.57947373e-03,5.69685118e-02,1.24846272e-02,-1.46207046e-02,-1.91086417e-02,-7.14818383e-02,-2.72588264e-02,-2.41220233e-02,-2.36038135e-02,-3.98179676e-03,1.65304559e-03
-3.71800736e-02,-2.35070711e-02,1.25031667e-02,3.87869604e-02,5.47461465e-02,-7.97054880e-03,-4.43605073e-02,-8.82475095e-02,-6.09348846e-02,-5.25545364e-03,-4.01447678e-02,-9.69183725e-03,1.75624937e-02
-5.23481866e-02,-2.40359024e-02,2.21909076e-02,4.55242603e-02,2.76141030e-02,3.48358436e-03,-1.39769815e-02,-5.39914403e-02,-4.63259281e-02,-1.08750180e-03,-2.80024874e-02,3.59758879e-03,1.79470667e-02
-7.63371358e-02,-2.02802494e-02,7.20774570e-02,7.07355940e-02,3.08012986e-02,-2.59330303e-02,-5.28390216e-02,-6.57016272e-02,-5.74311014e-02,-5.97276857e-04,-1.83709606e-02,-8.38835516e-03,-2.03884524e-02
-6.55970100e-02,-2.76222974e-02,4.58554598e-02,4.52657036e-03,9.43711781e-03,-2.47321988e-02,-1.52609216e-02,-3.06139003e-02,-3.10524591e-02,-2.53514941e-03,-4.02706075e-03,7.25342741e-03,-1.43051804e-02
-3.56399872e-02,-1.58581754e-03,4.34817787e-02,3.74375727e-03,1.31810573e-02,-4.14029621e-02,-1.74160843e-03,-1.58107433e-02,-2.56997918e-02,1.70316334e-02,-8.39501942e-03,1.39527925e-03,3.28894072e-03
-3.40919244e-02,-1.18155305e-02,2.28346017e-02,1.03766856e-03,2.46607257e-03,-4.71347190e-02,-1.09485010e-03,-1.67903047e-02,-4.04217805e-03,2.60284932e-02,-3.52083826e-02,-1.87894567e-02,-6.68102009e-03
-3.49897186e-02,3.09228181e-02,1.26419882e-02,-4.24537970e-03,-1.32088765e-02,-3.10933171e-02,8.02416676e-03,6.61000678e-03,2.67394317e-02,3.75481635e-02,-2.06874854e-02,-3.01525158e-02,-9.31605767e-03
1.35843584e-02,5.41730929e-02,-2.54722090e-02,3.78164960e-03,-1.04193303e-02,1.00485549e-02,-5.48366695e-03,-1.14685632e-02,5.41842955e-02,3.83860272e-03,-2.09019276e-02,-2.47507718e-02,-2.34271017e-02
1.68976266e-02,6.41043477e-02,-2.19739880e-02,-1.64996037e-03,2.76818075e-03,3.84718231e-02,-1.28816487e-02,-2.47824972e-02,1.28266550e-02,-9.94737754e-03,-1.15514850e-02,2.96998503e-02,2.23275864e-02
1.88727050e-02,7.35128936e-03,-2.02350640e-02,-2.54926396e-03,4.05494647e-02,5.45150984e-02,6.66565899e-03,-6.59709005e-03,-2.11787722e-02,-1.36144097e-03,-4.52727737e-02,5.32286092e-04,2.05383882e-02
1.79493546e-02,-4.94885330e-02,-7.68078007e-02,-1.72433725e-02,6.36424262e-03,5.11956458e-02,3.03597358e-02,4.73399914e-02,8.58911906e-03,2.16464125e-02,-6.88533208e-03,-5.08971012e-03,5.61893994e-03
1.31684902e-02,-5.21511154e-02,-3.45517914e-02,-9.04668494e-03,1.10514066e-03,2.37792864e-02,-2.73189986e-02,7.50217681e-03,-1.99618886e-02,1.08639974e-02,1.86757246e-03,-1.34113317e-02,-4.09000705e-02
-2.37458611e-03,-4.56368332e-02,-1.86659775e-02,-3.25391821e-02,-1.71121533e-02,-1.63300888e-02,-1.13291655e-02,1.88178969e-02,-3.98910319e-02,-1.67905220e-02,1.67175630e-02,-1.33846838e-02,-3.63005995e-02
1.41200978e-03,-4.72454861e-02,1.32635740e-02,-1.57338079e-02,9.25735260e-03,-1.66044880e-02,3.61069025e-02,2.78926614e-02,-6.25978070e-02,-2.50377623e-02,2.89281416e-03,-1.19349389e-02,1.82722384e-05
8.93539620e-03,-2.41254031e-02,2.91804594e-02,-7.53977314e-03,4.00573069e-03,-6.08961224e-02,2.15599963e-02,2.91090586e-02,-2.22370540e-02,-1.73814028e-02,-5.83127018e-03,-1.81579066e-02,-1.16547951e-02
4.08316181e-02,3.33771157e-03,2.08061398e-02,-1.93968371e-02,-1.64141537e-02,-5.96092443e-02,5.16794906e-02,3.19250247e-02,3.49846512e-03,-7.29144775e-03,-1.56851695e-02,-3.10800638e-02,3.29626299e-03
8.57972055e-02,3.92563085e-02,1.72427461e-02,-9.55914584e-03,8.37709029e-03,-2.14479574e-02,5.56112729e-02,1.17657472e-02,2.61664713e-02,-2.78918636e-02,-1.98900705e-02,2.01165914e-02,-5.22695831e-03
5.04439137e-02,6.10366478e-02,2.01233621e-02,6.20727196e-03,1.90835329e-02,-9.74609145e-03,4.90180976e-02,-1.14234693e-02,1.62344091e-02,2.95931155e-03,1.11011774e-02,5.65344641e-02,3.81900156e-02
3.17413220e-02,3.81797842e-02,1.92482961e-02,9.02406760e-03,2.94499312e-02,1.09682287e-02,3.88812378e-02,-1.27757920e-02,1.40047516e-02,7.26464469e-03,-1.03002094e-02,6.43305282e-02,3.26046510e-02
-3.44817027e-02,-3.07944039e-02,-2.47926345e-02,-1.65827327e-03,1.88392280e-02,4.44065574e-02,6.27580254e-02,5.38606840e-02,1.94179873e-02,1.02048697e-02,-3.06275649e-02,2.29232416e-02,1.62984061e-02
-4.91865047e-02,-3.75292958e-02,-1.74010811e-02,3.32283392e-02,2.35043413e-02,3.66474448e-02,-8.39310493e-03,1.46506954e-02,-1.90705396e-02,-4.96440848e-03,9.81251061e-03,1.78880877e-02,5.52843334e-04
-3.60235989e-02,-3.17869949e-02,-2.58685619e-02,4.00365746e-02,-2.70845402e-03,-3.20962114e-03,-3.82108911e-02,1.59732385e-03,-4.80208672e-02,-2.82123619e-02,3.83474419e-02,6.57104622e-03,-1.88319756e-02
-5.31042800e-02,-9.98194373e-02,-5.83490821e-02,1.24419485e-02,-1.71496093e-02,5.30036528e-03,1.04969829e-02,1.45161258e-02,-2.65453827e-02,-1.41166223e-02,5.35754798e-02,2.57370438e-02,-4.88870905e-03
-4.62029014e-03,-7.50201832e-02,-9.40767874e-03,1.07408772e-02,-2.04935923e-02,-4.75545645e-03,1.33257349e-02,1.92882807e-02,-1.64480830e-02,1.32275814e-03,7.17231846e-02,-1.36977733e-02,-3.79183426e-02
-1.19930209e-03,-4.69023995e-02,-4.35021092e-04,-4.11652106e-03,-6.86838070e-03,-2.44428172e-02,1.94747326e-02,1.56447350e-02,8.20770067e-03,2.35572102e-02,5.84389758e-02,-4.64073021e-02,-6.89203922e-03
1.43638933e-02,-4.57184298e-02,1.13431904e-02,-1.90303788e-02,2.84666234e-02,-5.55435206e-03,2.13377986e-02,-2.75330000e-02,2.14481676e-02,2.62943614e-02,2.86236576e-02,-1.49868204e-02,-8.95836616e-03
1.11381455e-03,-6.27979351e-02,-3.74721628e-03,-4.15741335e-02,-4.10066338e-03,6.02055939e-03,1.32500255e-03,-7.90102610e-02,3.56593860e-02,3.51639643e-02,4.74689130e-02,1.95683730e-02,2.75053492e-02
1.66407273e-02,-4.38036486e-02,-1.06240568e-02,-5.21999891e-02,-4.40279369e-02,9.28541840e-03,-2.85487124e-03,-4.98702503e-02,6.30624014e-02,6.35294157e-02,4.52605648e-02,2.30876343e-02,1.17256076e-02
-2.75099406e-02,-4.72936193e-02,-2.24082997e-02,-6.29027125e-02,1.29666707e-02,6.84393076e-02,6.32251086e-02,-2.97947144e-02,3.07544537e-02,3.54187534e-02,4.20384967e-03,2.36361468e-03,-5.14184465e-03
-5.44605804e-02,-5.03918187e-02,-3.10813055e-02,-3.34692678e-02,2.52462265e-03,6.60843665e-02,-2.01793138e-03,-4.14336372e-02,-2.43254755e-02,1.83482757e-02,3.00507557e-02,1.67601617e-02,2.53698870e-02
-4.32592355e-02,-2.48529761e-02,-3.19313099e-03,1.77996650e-02,2.79275257e-02,3.17379923e-02,-2.39522536e-02,-5.31192256e-02,-5.70902883e-02,5.76514985e-03,2.94122511e-02,-2.76843258e-02,-1.71966556e-02
-5.08156646e-02,-5.19345405e-02,-7.09170611e-02,5.03364423e-03,6.81706902e-03,5.83033475e-03,-3.52698106e-03,-3.85865212e-03,-4.89396344e-02,7.58832618e-03,3.64088363e-02,3.23598145e-03,-1.27150399e-02
-4.79170055e-02,-5.34014364e-02,-5.46372841e-02,1.18036188e-03,-1.93398832e-02,-2.84082887e-02,7.08935379e-03,2.81805517e-02,-5.22474531e-02,1.38432411e-02,5.72959408e-02,1.48554415e-02,-2.06441787e-02
-4.36306762e-02,-1.28567286e-02,-1.55842209e-02,2.38818666e-02,1.55051488e-03,-4.97376803e-02,-8.32369991e-04,3.24675626e-02,-4.66810651e-02,3.27420022e-02,3.14966779e-02,1.91477436e-03,-8.44570781e-03
-3.76362387e-02,-5.48591698e-03,2.48675001e-02,3.17890749e-02,4.67749966e-02,-2.70350861e-02,6.45899852e-03,2.90482546e-02,-6.06468744e-02,-3.63144771e-03,-7.56051192e-03,5.67432352e-04,-2.62077557e-02
-4.51152778e-02,-2.31391709e-02,2.93990625e-02,-1.38038544e-02,5.18848855e-02,-1.74755204e-02,-3.35985273e-02,-7.14646569e-03,-3.06190479e-02,-2.26544950e-02,-2.67800813e-02,2.35153317e-02,1.70377282e-02
-5.77437670e-03,-3.40928443e-04,4.18777448e-02,1.89602982e-02,1.51389630e-02,-4.41954065e-02,-3.55675725e-02,4.62175402e-02,1.53533895e-02,3.11794097e-03,-4.06323468e-02,-1.03538426e-02,1.69750430e-02
4.03038695e-02,2.11665307e-02,3.67838339e-02,4.54887597e-03,2.93006387e-02,-4.38342861e-02,-2.05531334e-02,2.98641675e-02,2.74815535e-02,2.82839089e-03,-4.63977389e-02,2.35386285e-03,8.63867392e-03
4.38932145e-02,-2.05591989e-02,-9.09980594e-03,1.25063824e-02,9.40412772e-03,6.22415548e-03,-4.68982765e-02,3.42531460e-02,8.68888259e-03,-2.87008692e-02,-4.90423756e-02,1.50425046e-03,8.20569674e-03
5.81925197e-02,-4.16763852e-03,3.17756267e-02,3.25640015e-02,2.57086900e-02,3.67184143e-03,-2.67867439e-02,-2.88460814e-02,1.92506598e-02,4.54215072e-03,-2.38798877e-02,-2.77548410e-02,-1.51419859e-02
8.17678387e-02,1.73234471e-02,3.43691916e-03,1.82873211e-02,3.39471766e-03,2.58823330e-02,-1.59982611e-02,-2.41765743e-02,8.31139847e-03,-1.81650712e-04,-1.37290881e-02,-2.17013720e-02,-3.09205987e-02
3.57906261e-02,-2.50556267e-03,-1.96851791e-02,3.36876741e-03,-1.32307210e-02,3.35175188e-02,1.21272205e-02,-7.64419263e-03,1.82799992e-02,-7.52461983e-03,1.88792018e-02,9.60137341e-03,-2.38384070e-02
2.88079634e-02,7.91592100e-03,3.31875716e-03,3.21678218e-02,-2.23491697e-02,-2.90426230e-04,-2.88619807e-02,-1.86851245e-02,2.19026922e-02,2.54667309e-02,2.67456083e-02,2.07111529e-02,-2.68891114e-02
-1.15700009e-02,-3.73626792e-02,-2.80074558e-02,1.43671200e-02,-3.59862513e-02,9.61952251e-03,-8.96357981e-03,-2.63065337e-02,-1.27713937e-02,2.30787107e-02,4.81331488e-02,4.88765696e-02,-1.07273424e-02
-7.53212637e-02,-5.52934897e-02,-2.39962820e-02,-2.55038224e-02,1.00003475e-02,3.98132167e-02,-2.05609851e-02,-1.81882111e-02,-1.19422138e-02,2.43373199e-02,5.46494344e-02,6.38642335e-02,9.33896810e-03
-3.61998445e-02,-2.04676769e-02,1.90240034e-02,-1.56567445e-02,7.24223825e-03,-3.04644054e-03,-1.88787616e-02,8.02255062e-03,-1.19545767e-02,4.58382274e-02,3.00020670e-02,2.75216276e-03,1.32791789e-02
-2.40570582e-02,-8.48232905e-03,4.34191579e-02,6.43756402e-03,4.02994786e-02,-2.51989562e-02,-3.19962792e-02,-5.41683201e-03,-9.81454975e-03,7.42533657e-02,1.96945271e-02,-6.23176788e-03,4.22336116e-02
-4.37584236e-03,-4.94030831e-03,2.76739390e-02,1.42591070e-03,3.73729397e-02,-1.20165438e-02,-6.26506745e-02,1.60085315e-02,3.74185435e-04,2.49974875e-02,1.67724936e-03,-2.80417403e-02,3.63145288e-02
-3.66544202e-02,3.67305928e-02,7.12402063e-02,2.45364971e-02,7.00316212e-02,-2.24625296e-02,-5.67209274e-02,-2.26904360e-02,1.79272880e-02,5.68102803e-03,1.79748249e-04,-3.90222977e-02,3.32802469e-02
3.18154804e-02,6.42363582e-02,4.66425791e-02,8.50992380e-03,2.41957243e-02,-4.19126406e-03,-1.68283559e-02,-2.97204726e-02,1.73208888e-02,-1.69088149e-02,1.22281097e-03,-6.59478658e-02,2.11852823e-02
5.36179179e-02,5.58315158e-02,6.07289518e-02,2.23571321e-02,1.96359452e-02,4.93805097e-02,3.58444935e-02,-2.31541291e-02,5.50648156e-03,-8.16654657e-02,-3.01742719e-02,-9.72560456e-02,1.77304475e-02
7.98237784e-02,4.15056730e-02,4.10421387e-02,1.90178104e-02,1.38770939e-02,3.59780895e-02,1.92492054e-02,-3.25981760e-02,-2.32546725e-03,-1.12163207e-01,-1.55003766e-02,-6.91712480e-02,3.09233428e-04
5.60970941e-02,-2.70901050e-03,-4.13084112e-02,-2.04963549e-02,-1.14250985e-02,5.56109380e-03,3.24161764e-02,9.17560661e-03,-1.28344635e-02,-1.09506781e-01,-2.54176407e-02,-1.40391872e-02,-1.73656792e-03
-4.59243437e-02,-2.30224144e-02,-5.64504192e-02,-1.45617234e-02,-1.66877403e-02,3.05562809e-02,-1.04825747e-03,4.39686762e-02,-1.12059705e-03,-6.75331408e-02,3.55938115e-03,4.28765427e-02,-1.03009130e-02
-1.83730423e-02,-2.31195791e-02,-5.76447070e-02,-3.22885687e-02,-4.93761885e-02,2.06936125e-02,2.33462737e-02,8.70880912e-02,2.47178189e-02,-3.75741582e-02,-2.15222760e-02,1.16509756e-02,-1.75750599e-02
-1.24520186e-02,-2.68700633e-02,-3.85103781e-02,-1.94074663e-02,-1.65584165e-04,3.94808495e-02,9.65812197e-03,7.77167257e-02,1.66088111e-02,4.62558842e-03,1.11390626e-03,3.18989686e-02,6.98135070e-03
2.92456482e-03,-1.39588873e-02,-5.26141607e-02,-3.67567860e-02,-1.81582355e-02,4.19184879e-02,-4.35619612e-03,9.90290543e-02,1.05282573e-02,4.41586774e-03,1.62610969e-02,2.59694739e-02,-2.62424739e-03
-3.71787710e-02,1.73359333e-02,-1.68279227e-02,-3.33889853e-02,-1.79002430e-02,-1.28193646e-02,-3.25895361e-02,6.66741899e-02,-1.07115229e-02,2.07770453e-03,2.21516546e-02,1.49371783e-02,-2.40675756e-02
-2.26156866e-02,8.91546245e-03,-3.18669947e-02,-1.19653158e-02,-2.16525306e-02,7.78773905e-03,5.98395599e-06,5.72988830e-02,-5.26791697e-03,2.44069102e-02,4.23845276e-02,-2.83493388e-03,-4.11052102e-03
1.72351557e-02,4.45935384e-02,1.39541437e-02,5.45572150e-03,-1.86385880e-02,4.32793822e-02,4.40443832e-02,3.12046242e-02,-1.76163567e-02,7.97638546e-03,2.43206917e-02,-2.22302118e-02,1.45671934e-02
2.82809492e-02,3.18450807e-02,3.73261489e-02,4.40354962e-03,-4.63042365e-02,4.68216338e-02,4.33614632e-02,-1.46198929e-02,-4.56010257e-02,-3.25326143e-02,4.80865031e-02,-1.83722053e-02,3.84603876e-02
5.24285895e-02,2.43008727e-02,3.19597115e-02,2.03976164e-02,-2.32077979e-02,3.75636945e-02,5.95058885e-02,-4.06430132e-02,-1.08300609e-01,-6.18416171e-02,3.85069061e-02,8.10691213e-03,2.53506403e-02
3.44538910e-03,5.98569018e-02,6.20462372e-02,7.43985294e-02,4.94075248e-03,5.79512046e-02,2.84550243e-02,-7.32538836e-02,-1.19960383e-01,-4.01744528e-02,3.69798646e-02,1.75746878e-02,6.61381524e-04
1.77270742e-02,7.83716924e-02,4.86840306e-02,7.13348980e-02,1.00475721e-02,2.91541359e-02,3.49894652e-02,-6.40348284e-02,-8.10858186e-02,-3.03973033e-02,3.56701770e-03,5.20717363e-03,2.70356209e-03
3.54421083e-02,5.66704735e-02,5.29488118e-02,6.82606203e-02,3.72858340e-02,4.48686289e-02,5.06699138e-02,-5.77785906e-02,-3.71101889e-02,-1.84988894e-02,-3.91428072e-03,1.04511148e-02,-5.32245196e-04
1.15104119e-02,9.70346926e-03,4.15885814e-02,7.55509455e-02,5.11747715e-02,5.31768596e-02,4.63861720e-02,-3.40014729e-02,-1.88042416e-02,-2.76157191e-02,-2.02656699e-02,-1.26155594e-02,-9.11859582e-03
1.34611489e-02,-9.28090302e-03,2.12433840e-02,4.87902184e-02,2.30961149e-02,-7.51590632e-03,1.49536064e-02,-4.01803519e-02,-2.07449914e-02,-3.56670685e-02,-4.21870666e-02,-4.20990458e-02,-4.71059845e-02
5.57681955e-03,-6.02410472e-02,-1.96773306e-03,5.57311894e-02,2.99779010e-02,-1.26456728e-02,-1.94952135e-02,-4.14142541e-02,-2.27027744e-03,4.94346822e-03,-1.70091052e-02,-4.45095149e-02,-2.01903730e-02
4.46571904e-02,-3.14639251e-02,-1.00357788e-02,2.93442298e-02,1.63263731e-02,-1.95954947e-02,-3.26454270e-03,2.20684827e-03,3.50214235e-02,9.30146944e-03,-4.57125244e-02,-4.50305054e-02,-1.10635389e-02
4.83890384e-02,-2.58688101e-02,7.58130029e-03,1.01771450e-02,-2.31939878e-02,-2.88079006e-02,-3.57052960e-02,1.76476614e-02,5.69467580e-02,1.34688786e-02,-3.04923534e-02,-4.73456392e-02,-3.75331737e-04
3.95227195e-02,-3.12216462e-02,1.98129762e-02,3.86435774e-03,-2.00179555e-02,-2.48563137e-02,-3.07137393e-02,-9.90023499e-03,1.32709456e-02,1.57724263e-02,-6.56619774e-03,-1.13475382e-02,1.08708413e-02
3.56870246e-02,-9.18346707e-04,4.97061440e-02,1.00795315e-02,2.15829172e-03,1.01158828e-04,-2.96996397e-02,-2.83398818e-02,-1.60526636e-02,6.08187459e-03,-1.67499676e-02,-3.37918695e-02,-1.03729128e-02
4.93160279e-02,4.52987603e-02,1.30107558e-02,-3.16051009e-02,-8.23141864e-03,-2.97139356e-02,-2.04917797e-02,1.74557455e-02,1.60541987e-02,9.51335239e-03,-1.17307046e-02,-9.11924893e-03,6.82076968e-03
6.97111575e-02,5.09101547e-02,7.91072010e-03,-3.56024271e-02,-1.93232823e-02,-1.37110748e-02,2.17051071e-02,1.61454358e-02,2.36946165e-02,-8.23575638e-03,-2.47576377e-02,-1.36323499e-02,2.42768597e-02
4.29905373e-02,1.66589677e-02,2.03319637e-02,-2.73035795e-02,-3.42106938e-02,-1.45025233e-02,2.80385358e-02,1.65436792e-02,5.03515860e-02,-8.93982966e-03,-2.97092989e-02,-1.34341801e-02,3.55385145e-02
1.41197849e-02,-7.24056261e-03,2.63759595e-03,-4.57512440e-02,-6.43817535e-02,-1.09764890e-02,3.54588238e-02,3.69046738e-02,4.60706250e-02,-1.91848898e-02,-3.14602404e-02,1.00833526e-02,2.43443048e-02
3.62512677e-02,-1.63280564e-03,3.54710954e-03,-4.74702313e-02,-6.20176484e-02,3.21339949e-03,-2.98637152e-02,2.26911648e-04,2.69475446e-02,1.10313837e-02,-1.06529240e-03,1.48868766e-02,3.90683734e-02
1.19660094e-02,1.33601898e-02,-2.57367951e-02,-4.18065693e-02,-6.19626684e-02,-1.78509359e-02,3.15520850e-03,2.24123427e-02,6.97274092e-02,1.59408211e-02,-1.93357564e-02,1.71323985e-02,5.53103060e-02
-9.88773229e-03,1.96713660e-02,-1.25999840e-02,-3.39711598e-02,-4.62356519e-02,-2.10261163e-02,7.85043085e-03,2.19833740e-02,8.10978705e-02,3.68691680e-02,-2.29543075e-02,3.62455812e-02,4.75379497e-02
-2.85829399e-02,3.91028855e-02,7.41246767e-03,-3.17435929e-02,-2.83738280e-02,-3.63962711e-02,-4.55455877e-03,-8.37105080e-03,5.26453310e-02,5.59662837e-02,-1.80335144e-02,4.63091161e-02,6.20700604e-02
-4.92254742e-02,3.82613091e-02,4.43985849e-02,-8.97332640e-03,9.09544091e-03,-1.35846868e-02,1.27882130e-02,-4.89397022e-02,-4.78218359e-03,5.71187470e-02,-3.44191968e-02,2.12036768e-02,3.75562282e-02
-9.70168567e-02,4.07940372e-02,3.15827404e-02,-7.42219468e-02,-3.15772411e-02,-3.29975621e-02,3.72634654e-02,-1.32304480e-02,-2.37622445e-02,5.73680108e-02,-2.93015893e-02,1.09345836e-02,1.09841399e-02
-9.09359044e-02,3.02908778e-02,1.82024216e-02,-7.39672145e-02,-6.55045115e-03,-1.21606515e-02,5.60679816e-02,-2.81764571e-02,-4.64155683e-02,5.38661750e-02,-1.03917000e-02,-8.49761731e-03,9.66910928e-03
-1.23846721e-01,-3.32591449e-02,7.15644606e-03,-5.06746576e-02,-1.53905992e-02,-1.20606928e-02,3.38671262e-02,-5.20314714e-02,-4.19238260e-02,6.00652098e-02,1.39233394e-02,5.43390049e-03,1.72819629e-02
-1.27968807e-01,-8.44726111e-02,-1.01730089e-02,-6.39269655e-02,-5.23384491e-02,-5.02799251e-02,-1.49676142e-02,-5.00941110e-02,-4.76964577e-02,5.47715849e-02,6.15991588e-02,1.27692157e-02,-1.04240453e-03
-5.13868944e-02,-9.41349905e-02,-1.47089385e-02,-5.26204564e-02,-7.42943997e-02,-2.30951449e-02,-5.88208544e-02,-2.98196045e-02,-5.81701982e-02,4.09596801e-02,8.35282091e-02,1.62016676e-02,7.91105242e-03
-5.30436863e-02,-1.00866491e-01,-5.97582139e-02,-4.47713602e-02,-5.68733148e-02,-1.31015955e-02,-4.75132565e-02,-1.19112229e-02,-1.18360158e-02,3.46710334e-02,8.78588483e-02,3.97062247e-03,1.15588929e-02
-4.92815572e-02,-9.65688662e-02,-5.94628533e-02,-3.50625625e-02,-3.54277652e-02,-1.10684409e-02,-3.66340678e-02,-2.51773526e-03,-3.51353859e-03,1.08614399e-02,7.12744561e-02,9.37834139e-03,1.59903527e-02
4.59810547e-03,-4.38418125e-02,-1.54836530e-02,2.87289959e-03,-1.19040190e-02,-1.54052737e-02,-4.35806349e-02,-1.50599502e-02,2.58594714e-02,1.73226585e-02,4.93161987e-02,1.75551357e-02,3.16650398e-02
5.44475995e-02,-9.14021853e-03,1.17746980e-03,3.95537132e-02,1.33459074e-02,-1.33264558e-02,-1.54466598e-02,-1.74949373e-02,3.91714509e-02,1.83653924e-02,4.12657552e-02,1.44932937e-02,1.20086783e-02
5.06943523e-02,4.48143962e-02,2.07863680e-02,-7.12086201e-03,-1.31880586e-02,-4.63792142e-02,-4.56944535e-03,-3.16190588e-02,8.88938528e-03,-1.48728954e-02,9.45266622e-04,-1.93298952e-02,-1.87355098e-02
4.56265008e-02,6.18863018e-02,4.80401878e-02,1.00234508e-02,4.41858631e-02,-2.04469301e-02,3.26672263e-02,-6.04782601e-03,1.14004722e-02,-2.37828439e-03,-9.74825576e-04,-3.67471504e-02,-3.31334021e-02
3.99198235e-02,6.66110809e-02,7.29517242e-02,2.91704919e-02,6.76712253e-02,-2.89952612e-03,3.71770545e-02,-1.27306655e-02,1.97784528e-02,-6.21595952e-04,-2.36286841e-02,-3.45142147e-02,-2.84512815e-02
2.84240002e-02,7.07795369e-02,7.91404850e-02,2.80227598e-02,3.23862695e-02,-3.74469745e-02,-2.77920086e-03,-2.41370596e-02,4.45963308e-02,8.56848435e-03,-1.13598060e-02,-3.17119817e-02,-4.51816114e-02
6.25974541e-02,5.35179617e-02,6.60909273e-02,3.94444873e-02,1.37238525e-02,-3.99994931e-02,-8.89676364e-03,-1.30460522e-02,4.13211763e-02,3.08736116e-03,8.72879884e-03,-9.29483661e-04,-3.31196292e-02
6.67721410e-02,3.83301129e-02,4.69183458e-02,1.59908142e-02,8.86752297e-04,-3.42926047e-03,1.17665571e-02,9.43178366e-04,4.44846380e-02,2.93236302e-02,1.27296573e-02,4.02784425e-03,-3.73376947e-02
5.80071228e-02,2.91159209e-02,1.73159720e-02,5.70975793e-03,1.00075231e-02,1.07253319e-02,2.01191029e-02,3.06572553e-02,2.99046520e-03,-7.04388270e-03,-1.19103649e-02,-1.34610392e-02,-1.07500700e-02
6.47241350e-02,1.33615625e-02,1.60539618e-02,6.96639820e-03,1.42682717e-02,4.63268822e-02,3.81463201e-02,3.12433665e-02,-2.53803615e-02,-1.15875233e-02,-8.78647852e-03,6.99692572e-03,2.31776746e-03
6.48314096e-02,-6.15601147e-04,-1.61960043e-02,6.77081850e-03,-1.65056199e-02,4.89655450e-02,5.01000803e-02,4.32028541e-02,-3.06189729e-02,-1.47808125e-02,-6.76915353e-03,1.68182783e-02,1.86458662e-03
4.88267140e-02,-5.12183236e-03,-6.19236011e-02,-2.61841446e-02,-3.09190910e-02,3.33504706e-02,3.97409061e-02,2.10360630e-02,-5.02319878e-02,-3.85263837e-02,-1.91900690e-03,1.47036643e-02,5.37651417e-03
6.21944765e-03,-4.33374349e-02,-7.53758699e-02,-2.07187320e-02,-7.70962573e-03,2.96589585e-02,2.42304674e-02,1.81661128e-02,-4.79611080e-02,-3.47255780e-02,-6.44502757e-03,2.40903521e-02,1.80659440e-02
-4.04338302e-02,-6.04602261e-02,-7.29487835e-02,-3.11596802e-02,1.69086224e-02,3.85049816e-02,1.71448940e-02,5.80066843e-03,-3.72444705e-02,-4.39593233e-02,-2.89385406e-02,-1.22652974e-03,3.00300978e-02
-6.52761480e-02,-3.95802992e-02,-2.74936174e-02,-1.60701578e-02,9.22100828e-03,2.47494627e-02,-1.47469107e-03,-3.42576385e-02,-8.67465826e-03,-1.05200866e-02,-2.22812169e-02,1.04969741e-02,5.24155008e-03
-8.16392342e-02,-3.45428355e-02,-3.69478598e-02,-2.98393240e-02,-6.76695028e-03,-8.61491421e-03,-3.69865142e-02,-4.22820557e-02,1.26018789e-02,1.93562621e-02,-9.21710384e-03,2.45585702e-02,-2.22105779e-03
-1.07176306e-01,-7.01046396e-02,-2.27447496e-02,-3.37737824e-02,-3.08457191e-02,-2.62534055e-02,-7.36191448e-02,-4.38358928e-02,3.73186094e-02,4.16706426e-02,1.68852057e-02,4.79985486e-02,-2.24719609e-02
-8.51128037e-02,-3.66509461e-03,-5.11841509e-03,-2.11244297e-02,-6.24547767e-03,-5.77739220e-02,-5.91173467e-02,2.28785675e-03,3.78082078e-02,2.22633593e-02,-3.07734016e-02,5.32246920e-02,-4.68683350e-02
-9.43725307e-02,5.04972188e-02,1.84061654e-02,2.46915380e-02,-1.67432346e-02,-5.44711673e-02,-6.20024849e-02,6.53209040e-02,1.80555281e-02,-3.74902607e-02,-5.63174038e-02,4.40133583e-02,-7.16751809e-02
-1.13969436e-01,6.08655303e-02,6.18756479e-03,3.85066576e-02,-2.31526436e-02,-3.70298526e-02,-4.92099409e-02,9.16295811e-02,8.50689765e-03,-4.93027116e-02,-3.56246153e-02,4.64557154e-02,-8.64526721e-02
-6.97705495e-02,8.97609082e-02,1.53981382e-02,8.24810244e-02,-3.64313262e-02,-2.96960174e-02,-3.38269505e-02,1.06433096e-01,-2.54016966e-02,-7.35314590e-02,3.12336930e-03,4.14174298e-02,-7.75319509e-02
-5.18707834e-02,9.66277472e-02,1.70472594e-02,1.09877199e-01,-2.17367088e-02,-2.12804365e-02,-2.96271814e-02,1.18375346e-01,-8.54666468e-03,-1.09643064e-01,-1.21971440e-03,4.03723123e-02,-6.26957170e-02
-6.33344347e-02,7.75848124e-02,9.24264464e-03,1.19606436e-01,1.53735785e-03,-2.17074540e-02,-4.20961063e-02,9.92462377e-02,-1.08296060e-02,-1.25203186e-01,-6.91374298e-03,-2.15051640e-02,-4.34485886e-02
-4.27160203e-02,7.25328820e-02,4.58526078e-02,1.47046433e-01,6.23751192e-02,1.61268374e-02,-4.31653572e-02,3.14398323e-02,-2.35086044e-02,-9.81092217e-02,1.82246985e-02,-3.34508468e-02,-5.76476622e-02
-4.20261971e-02,4.46120145e-02,1.65008947e-02,1.15881398e-01,7.24991805e-02,2.23360385e-02,-3.90899750e-02,-5.77599171e-03,-1.86316028e-02,-4.59965444e-02,3.61420091e-02,-4.92249790e-02,-5.58490832e-02
-4.47209164e-02,-3.07765336e-02,1.73799710e-02,1.14058811e-01,8.99035981e-02,1.76123637e-02,-7.97296695e-02,-2.95530127e-02,-2.06449604e-03,-2.87831402e-02,2.88549619e-02,-7.53362175e-02,-3.56174235e-02
-7.35972820e-03,-3.70212958e-02,-1.16018995e-02,6.16273700e-02,1.03110096e-01,7.99186650e-03,-3.16315370e-02,-3.87590335e-02,7.54269522e-03,-1.06879054e-02,6.57334308e-03,-5.50504835e-02,-3.63474228e-02
2.87536806e-02,-1.84540015e-03,-9.69828536e-03,8.21227146e-02,7.03669114e-02,-1.45112481e-02,-3.55560374e-02,-2.63819049e-02,1.47726536e-03,-5.94160086e-02,-6.13740485e-02,-6.56595677e-02,-5.09929334e-02
2.74913620e-02,-2.58061287e-02,-3.14592217e-02,3.29775188e-02,6.69063596e-02,3.19709623e-03,-2.09461999e-02,-2.26146171e-02,1.30977801e-02,-3.18018321e-02,-5.55640303e-02,-4.42496778e-02,-5.63801738e-02
5.87904640e-02,-2.50823793e-02,-5.80299127e-02,1.49733947e-02,5.37306182e-02,-1.69880983e-03,2.40988468e-02,-3.11757365e-02,-2.05928734e-02,-1.27288661e-02,-4.21598902e-02,-1.13527748e-02,-1.98970350e-02
7.57426818e-02,-2.41335312e-03,-4.42362385e-02,-2.27819658e-02,2.27414143e-02,2.44194016e-02,5.58743664e-02,-2.52571089e-02,-1.53792798e-02,-2.74737830e-02,-3.09553027e-02,1.47272898e-02,-1.21118588e-02
6.77719033e-02,1.06974299e-03,-3.85595710e-02,-4.42408949e-02,-3.05284879e-04,-6.11468135e-03,6.65386739e-02,-1.61596789e-02,6.84680676e-03,-3.58250648e-03,-2.26204828e-02,3.08247469e-02,1.95233679e-02
1.01250710e-01,3.16929695e-02,1.28613957e-02,-4.09097837e-02,-7.99733092e-03,2.82019492e-02,8.02920283e-02,-6.42170011e-03,-5.70756860e-03,-1.63221093e-02,-9.21249754e-03,7.06017795e-02,1.94652074e-02
7.89764668e-02,2.58234798e-02,3.88032063e-02,-4.95269762e-02,-1.52652689e-02,2.03682963e-02,7.14166943e-02,-7.87798999e-03,-1.84632529e-02,2.36779022e-03,3.92182936e-02,8.47102165e-02,1.66862779e-02
6.39648708e-02,4.88338027e-02,7.27390886e-02,-3.22631178e-02,-1.15387517e-02,1.63366943e-02,5.19879036e-02,9.85103492e-03,-2.26889031e-02,-4.37604013e-03,2.53564369e-02,4.74196552e-02,1.74626443e-02
5.08897739e-02,6.51425906e-02,6.43131103e-02,-4.72105357e-02,-9.34551280e-03,4.50451079e-02,7.13373901e-02,1.71967292e-02,-1.54069499e-02,-1.67658993e-02,1.66795225e-02,4.34441397e-02,1.81732425e-02
3.17667074e-02,6.16381455e-02,6.65058299e-02,-1.74257302e-03,-3.86365375e-02,2.12721383e-03,6.43679743e-02,4.09771321e-02,1.51684910e-02,-2.53054628e-02,-2.32364617e-02,3.14095038e-03,3.13874612e-03
3.08814715e-02,4.49169679e-02,7.05291840e-02,2.71576281e-02,-1.72180753e-02,7.66028786e-03,3.47040588e-02,2.92840587e-02,2.07754853e-02,-3.53321056e-02,-4.08183426e-02,-2.38081297e-02,-1.74551935e-03
-6.64047199e-03,2.63710348e-03,-1.03053623e-02,8.95515659e-03,-6.12371707e-03,-1.33048656e-02,3.54355926e-02,2.89981795e-02,3.36523295e-02,7.22612282e-03,-4.63130048e-02,-2.10766916e-02,2.96937908e-02
4.41031450e-03,6.51883689e-03,-8.14147966e-03,-1.22199340e-02,-2.49494610e-02,-4.55202693e-03,1.02864069e-02,-5.81574837e-03,2.71231628e-02,5.48018062e-04,-4.74696396e-02,-5.14736978e-02,7.86477852e-03
-2.03983094e-02,-4.55894751e-02,-4.47679708e-02,-1.15603701e-02,-1.76659020e-02,-1.89376765e-02,3.81272000e-03,-2.01704021e-02,4.68231104e-02,2.98456229e-02,-3.06449022e-02,-3.54184452e-02,1.73821406e-02
-9.35623599e-04,-7.21957876e-02,-5.81883912e-02,-9.99813273e-03,1.45137645e-04,2.16565138e-02,6.38772029e-03,-1.13075997e-02,3.50572183e-02,2.10659092e-02,-2.60422276e-02,-8.08595762e-03,-4.18667430e-03
1.32419874e-02,-7.88604904e-02,-3.82749168e-02,6.63235025e-03,4.22671569e-03,1.57555140e-02,-2.27509426e-02,-1.53601436e-02,2.83191586e-02,1.18531085e-02,4.72326989e-03,-5.19456880e-03,-6.22370567e-04
9.88701895e-03,-7.93026500e-02,-7.23431478e-02,-8.21592054e-03,-2.88326962e-04,1.32309836e-02,-2.68098451e-02,8.88586345e-03,1.43321230e-02,3.24253804e-02,6.61742302e-02,5.62788322e-03,7.29657679e-03
6.74106586e-02,-2.78909421e-02,-5.13500135e-02,-1.75712279e-02,-3.44307759e-03,3.55993915e-02,-3.77205581e-02,1.97993398e-03,-9.04793352e-03,1.04814538e-02,5.95625037e-02,8.24996959e-03,-7.23890245e-03
5.16352331e-02,-2.27943303e-03,-3.98735072e-02,-3.11259253e-02,-1.78790169e-02,1.97100280e-02,-2.62763355e-02,2.77179842e-02,-7.57408673e-05,4.23101767e-02,4.12421153e-02,5.81012112e-03,-5.91648745e-03
4.78529014e-02,6.30140797e-03,-1.08760783e-02,-1.08988979e-02,1.07872617e-02,4.35942040e-02,-1.80266815e-02,1.79462125e-02,-1.80973977e-02,2.31795006e-02,2.23596569e-02,-1.21706603e-02,4.48927279e-03
1.81379324e-02,2.06387873e-02,-3.69197108e-02,-1.24613800e-02,-3.03160514e-02,4.03015116e-02,-1.15026055e-02,3.40185241e-02,-4.85751369e-03,3.91481267e-02,-8.68003803e-03,-2.00006710e-02,2.59224630e-02
1.15537231e-02,5.01089635e-02,-2.71329080e-03,-5.75860529e-02,-6.91853413e-02,3.35300836e-02,-2.52302353e-02,4.08092255e-02,-2.65491771e-02,3.33275191e-02,4.43373561e-03,-1.17817278e-02,2.24755433e-02
-1.07221991e-02,4.85790879e-02,3.66028968e-04,-6.95461269e-02,-7.23954500e-02,-7.33405865e-03,-3.07667056e-02,5.75526848e-02,-4.19563538e-02,1.87739992e-02,6.95449697e-03,-1.01967000e-02,3.35388981e-02
-5.25086416e-02,3.81591776e-02,1.52702738e-03,-5.58728794e-02,-5.42657622e-02,-3.32376168e-02,5.61035512e-04,7.10024045e-02,-3.86904231e-02,2.19371771e-02,2.90068771e-02,1.77375688e-02,1.44457565e-02
-8.29312492e-02,1.46116959e-02,-8.72136071e-03,-1.87516445e-02,-5.50268610e-02,-7.35107463e-02,1.54308331e-02,6.52966560e-02,-2.36277954e-02,-4.80031048e-03,2.16758177e-02,1.59203757e-02,-1.61491098e-03
-9.11682758e-02,2.09736676e-04,-3.89536212e-02,-2.64345238e-02,-3.55079626e-02,-9.37887577e-02,3.14610783e-02,5.73056923e-02,-4.15238997e-02,1.33168649e-02,5.38789625e-02,3.85800927e-02,4.53355997e-03
-4.28203054e-02,9.31453802e-03,-3.52642338e-02,-2.12767373e-02,-1.29873832e-02,-1.12716790e-01,-1.74825761e-04,5.20717829e-02,-3.89893284e-02,-2.74178339e-02,7.25213374e-02,6.68609370e-02,-1.07452209e-02
-2.41955400e-02,-1.37530024e-02,-7.55798807e-02,-4.27842995e-02,2.34439585e-02,-7.66507313e-02,6.64928098e-04,4.89616553e-02,-2.31317579e-02,-3.61723592e-02,6.14860180e-02,7.05102043e-02,-1.05560018e-02
6.43947285e-03,-1.95571548e-02,-6.03107566e-02,5.78852331e-04,6.67213458e-02,-3.45259557e-02,-4.74082648e-03,2.22804194e-02,6.36025766e-05,-4.47521394e-02,4.22868548e-02,5.62608690e-02,1.55137714e-02
1.67444799e-02,-4.09725941e-03,-6.19384568e-02,3.09267264e-03,3.85837336e-02,-7.88070604e-03,1.22343137e-02,1.95325422e-02,1.11689972e-02,-2.80316674e-02,2.05684305e-02,3.66236068e-02,-2.02481039e-03
4.65629249e-02,-1.32512984e-02,-1.47904652e-02,1.47110636e-02,6.31494958e-02,1.92973437e-02,-1.87559034e-02,-1.61928983e-02,-2.24205334e-02,-1.32313735e-02,5.83865206e-03,4.04322349e-02,-9.75354364e-03
6.72967040e-02,-5.46467493e-03,1.57326623e-02,-1.96861192e-03,4.34032112e-02,6.80269913e-04,-3.42205607e-02,4.50518780e-03,-7.67846763e-03,9.33410409e-03,5.02364570e-03,7.34825083e-04,1.35822478e-02
2.83018596e-02,-3.52709111e-03,5.59560319e-02,-2.39886552e-03,3.56549793e-02,1.06420484e-02,-1.51644994e-02,2.38108344e-02,2.20155780e-02,4.90821717e-03,-2.84797473e-03,5.18378293e-03,1.86906511e-02
1.84116032e-02,-8.90008773e-03,4.33668960e-02,3.35998405e-02,-1.08364309e-02,-3.23851863e-02,-4.54002345e-03,3.62190617e-03,4.74049776e-02,2.94425835e-02,-1.35982069e-03,7.20916892e-03,6.08190551e-03
1.85578046e-02,-1.14742892e-02,5.68434702e-02,4.10294956e-02,-1.05937995e-02,-3.93393125e-02,-5.19204118e-03,2.69781103e-03,4.47967155e-02,8.74692288e-02,-9.47376358e-04,5.02536409e-03,6.04192940e-03
-3.89545989e-03,-3.18687042e-02,3.87822432e-02,-1.95319291e-02,3.19615691e-03,-5.12587309e-02,-3.73105323e-02,4.37917242e-03,4.45451955e-02,7.36152196e-02,2.14915262e-02,1.93686977e-02,-1.06585788e-03
2.62284172e-02,-3.26712998e-02,2.39437861e-02,-2.48984231e-02,2.45349223e-03,-3.07854121e-02,-6.43357926e-02,-1.47324964e-02,5.01620406e-02,4.77427020e-02,2.06455626e-02,1.49063000e-02,-2.96622766e-03
5.12516679e-02,2.72416030e-03,4.82505109e-02,3.08099218e-02,-9.19059677e-03,-1.18486930e-02,-8.48552753e-02,-3.01928514e-02,7.46241858e-02,7.96654971e-03,1.07629722e-02,6.30139410e-03,1.67250793e-02
3.13114792e-02,-5.58798791e-03,1.28690336e-03,5.31346749e-03,-3.61124308e-02,1.23847958e-02,-4.95812197e-02,-1.91379664e-02,5.28762513e-02,1.44291329e-02,4.41005794e-02,2.26523373e-02,-3.02717618e-04
3.91276289e-02,-1.25906583e-02,3.63941312e-02,5.24694273e-02,2.35653020e-02,3.78448763e-02,-5.17174614e-02,-6.12149985e-02,-2.21297408e-02,-1.21935078e-02,3.32813286e-02,1.97450634e-02,-6.60211335e-03
1.25006164e-02,-3.18721894e-02,2.60860191e-02,3.33631029e-02,-1.25980264e-02,9.09264192e-03,-2.63142922e-02,-1.97826391e-02,-1.29553103e-02,-3.49379019e-03,6.19709648e-02,-1.02154758e-02,5.90699017e-03
-2.64419341e-02,-1.82142460e-02,1.97376895e-02,2.21993461e-02,1.85558410e-02,4.04503117e-02,3.87551557e-02,1.75850310e-02,-3.71922198e-02,-5.24714857e-02,5.04508322e-02,-1.80043278e-03,-1.58029865e-03
3.27339775e-03,2.88579237e-02,3.74632681e-02,3.83203231e-02,-2.06436870e-02,-7.94879146e-03,5.58090789e-02,-3.28105759e-03,-5.76980436e-02,-5.68471817e-02,4.13432981e-02,1.36397488e-02,-3.47139728e-02
-2.44327627e-02,2.02961589e-02,1.61909296e-02,3.19649580e-02,-1.92097815e-02,-2.59312468e-03,8.11838479e-02,5.01285338e-02,-2.68621593e-02,-8.24538108e-03,1.04590062e-02,4.59118294e-03,-3.02580656e-02
-3.74151522e-02,1.66513969e-03,-1.24877017e-02,-1.87067009e-02,1.96352693e-02,9.14782994e-03,9.26377150e-02,6.73514757e-02,-3.23126604e-02,-9.56780110e-03,-3.59446149e-03,-1.64351298e-02,-3.45019026e-02
-1.83003905e-02,-5.56422398e-03,-3.22995727e-02,-5.05678012e-02,-8.86787639e-03,-1.14596371e-02,5.08973223e-02,3.92757832e-02,-2.67337326e-02,1.16617228e-02,2.85307968e-03,-2.29063833e-02,-2.31802783e-02
-1.41271574e-02,4.74122075e-02,3.31867964e-03,-9.79681586e-03,-4.32063201e-02,-2.35639560e-02,3.05870400e-02,6.50372148e-02,-1.19997925e-02,1.19678215e-02,-2.42564969e-02,-1.31209841e-02,-1.75440574e-02
-5.28915639e-03,4.97110915e-02,-6.90529400e-03,-1.66067502e-02,-6.51148096e-02,-1.42293547e-02,2.56273010e-02,3.72405076e-02,-1.47035963e-02,4.12952059e-02,-3.56870074e-02,-1.94121549e-02,-4.75465091e-03
-2.12994788e-02,1.90335410e-02,1.73547748e-02,7.94736827e-03,-9.34631474e-03,4.82151030e-02,2.77992665e-03,-3.07442345e-02,-2.86355090e-02,2.06628627e-02,-5.27909963e-02,-4.19113501e-02,4.11975664e-02
-5.18522210e-02,-5.90209890e-02,-2.99443808e-02,-4.83897918e-02,-2.56885437e-02,3.46536698e-02,-2.79741667e-02,-7.26566498e-02,-8.48477682e-03,6.86837281e-03,-4.74992855e-02,-5.31944215e-02,7.81502251e-02
-4.49113112e-02,-6.23562379e-02,-3.82025286e-02,5.57477818e-03,7.02975506e-02,7.99401959e-02,-2.30477601e-03,-6.84770735e-02,-9.76967769e-03,-4.79150951e-02,-3.42955282e-02,-6.30740879e-02,9.37003302e-02
-1.70576825e-02,-6.39018721e-02,-3.19805630e-02,-1.43570367e-02,5.26095694e-02,5.40987607e-02,-2.75582870e-02,-1.02780655e-01,-2.76198837e-02,-6.82479675e-02,-3.33521781e-02,-7.26034450e-02,6.54671551e-02
-1.87741826e-02,-6.95323272e-02,-3.14536690e-02,-8.44185901e-03,9.01212867e-02,7.29070913e-02,3.81796508e-03,-6.96948469e-02,-1.94508735e-02,-6.07539319e-02,-4.64055685e-02,-6.34632469e-02,4.76544577e-02
2.20008994e-03,-4.75432301e-02,1.94825675e-02,2.77903298e-02,1.09771818e-01,8.70705200e-02,6.73253617e-03,-6.10785209e-02,-2.74388102e-02,-7.05689785e-02,-5.02043771e-02,-8.30102131e-02,2.47216253e-02
3.11685961e-02,-5.44364981e-02,1.44624255e-02,1.87932523e-02,1.05978865e-01,7.15702183e-02,-1.31804693e-02,-5.43043689e-02,-5.62447564e-04,-5.71336004e-02,-4.01469624e-02,-5.07541217e-02,1.79653616e-02
4.04561253e-02,-5.54174081e-03,3.82995527e-02,6.54209635e-02,8.74506984e-02,7.89317662e-02,9.45739953e-03,-2.62261183e-03,1.15471056e-03,-2.48732765e-02,-3.23900508e-02,-2.27986987e-02,-1.18492632e-02
6.15784471e-02,3.94538908e-02,6.53519511e-02,7.85712720e-02,4.40000820e-02,3.84522373e-02,2.56147136e-02,1.97725827e-02,1.56856294e-02,2.37835105e-02,-2.52348807e-02,-2.47861797e-02,-4.93694576e-02
5.50482079e-02,4.11613183e-02,4.35667201e-02,6.42461764e-02,3.20484197e-02,5.24917282e-02,3.15740649e-02,2.48089547e-02,1.87129569e-02,4.28039891e-02,-1.92894515e-03,-1.05138479e-02,-4.86577112e-02
6.34790961e-02,3.07067265e-02,2.32267480e-02,2.14690721e-02,-4.64571156e-04,2.63726427e-02,2.21466896e-02,-2.17565683e-02,1.07289327e-02,3.56225397e-02,-5.69482436e-05,1.72669856e-02,-3.08606323e-02
6.89869288e-02,5.02311320e-02,3.35611598e-02,7.18940253e-02,1.24336225e-02,3.02123442e-02,2.04639622e-02,-1.08113084e-02,3.09588284e-02,1.29991784e-02,-9.34167084e-03,6.91890386e-03,-1.62763890e-02
6.04705331e-02,2.41102724e-02,9.09903463e-03,1.29018239e-02,-5.78993727e-02,1.95147336e-03,6.33429395e-03,-4.06010941e-02,2.91870686e-02,4.89173917e-03,-7.54912938e-03,-8.66252766e-03,-1.60396122e-02
6.12139889e-02,2.50271525e-02,-1.60724991e-03,2.63318563e-03,-4.34144404e-02,2.66465655e-02,3.25038852e-02,-2.56808073e-02,-1.37726680e-02,-2.08599477e-03,5.99019161e-03,-8.07151855e-03,-5.35781459e-03
3.53080755e-02,2.30794638e-02,2.92249467e-02,1.70543862e-02,-6.73261963e-02,2.68802720e-02,1.86089742e-02,-1.72085495e-02,-1.99079302e-02,-1.02789640e-02,-5.44097518e-03,-3.17888540e-02,-3.10089439e-03
4.43912001e-02,8.54242954e-03,5.37972296e-02,2.26565324e-02,-3.30418408e-02,3.90546489e-02,9.84815577e-03,-1.45766012e-02,-2.72242910e-02,-3.19865327e-02,-2.27155583e-02,-1.37294419e-02,2.34975807e-02
-9.97115778e-06,-2.54432795e-02,5.18123729e-02,2.26248965e-02,-1.91848962e-03,7.51797682e-02,4.19889703e-02,-1.64683292e-03,-3.04676497e-02,-9.95113435e-03,-3.46711436e-02,-2.34257433e-02,1.39977291e-02
-5.95352225e-03,-2.11292191e-02,6.10080340e-02,3.07955902e-02,-1.32481528e-02,3.25299713e-02,1.95435516e-02,3.05686273e-03,3.71652547e-03,-6.29676800e-03,-3.39908326e-02,-4.04540984e-02,9.78100885e-04
-1.91979075e-02,-2.75969726e-02,1.17073570e-02,3.59755890e-03,3.02490223e-03,3.57657133e-02,3.65572101e-02,3.83254363e-03,-7.44997962e-03,1.18560375e-03,-1.81366790e-02,-3.50291339e-02,-1.94571996e-02
-3.07828992e-02,-2.41470736e-02,2.72256400e-02,1.08479965e-02,1.07282392e-02,1.68032871e-02,3.10807771e-02,-7.70632043e-03,-9.76226236e-03,-6.40917449e-03,-1.85425266e-02,-1.84024460e-02,-8.94332893e-03
-1.65587998e-03,3.05948937e-03,3.23802623e-02,3.36018086e-02,-1.58386756e-03,-2.35666803e-02,-1.34187075e-02,-2.26601846e-02,5.98600677e-03,2.41305299e-03,-1.26063743e-02,-1.04229412e-02,-4.83483723e-03
-7.06058139e-03,-1.58721098e-02,2.07371184e-02,1.08344438e-02,-3.45714495e-02,-3.75228601e-02,-1.66672234e-02,-1.96623296e-02,3.75132146e-02,1.88917898e-02,1.63054195e-02,1.06408416e-02,-1.68044472e-02
6.37010325e-03,9.06185309e-03,2.11487819e-02,2.86019584e-02,-4.24060655e-02,-4.85493525e-02,-5.43001806e-02,-1.20890784e-02,4.48219575e-02,1.54013605e-02,5.16649843e-03,-2.17491631e-02,-7.67684008e-03
1.77309915e-02,2.00855837e-02,8.65634962e-03,2.70167560e-02,-6.02057944e-02,-3.96043972e-02,-6.37120651e-02,-5.96225490e-03,7.89416608e-02,2.33757513e-02,1.78492159e-02,2.42117988e-04,-4.84951783e-03
5.30656175e-02,8.20154235e-03,2.76523602e-02,5.45740801e-02,-1.72268425e-02,-7.19522150e-03,-8.24928582e-02,-2.17734114e-02,4.56372709e-02,-2.09026400e-02,2.44580744e-02,-2.62970524e-03,3.15812356e-02
2.69491773e-02,-4.13570435e-03,2.49795918e-02,2.51730857e-02,-2.33482831e-02,-1.72894009e-02,-5.93007434e-02,-1.15627914e-02,4.18223228e-02,9.85779480e-03,9.05600324e-03,-1.02765941e-02,2.94755246e-02
3.96280870e-03,1.65365203e-02,1.23370646e-02,1.51229942e-02,-3.08622211e-02,-5.38874742e-02,-4.61510918e-02,-2.33186902e-02,3.97184150e-02,-7.30263507e-03,1.56467676e-02,-6.81012557e-03,3.59719772e-02
-3.68195494e-02,3.08476466e-02,-4.07803739e-02,-2.37629344e-02,5.84602903e-04,-2.17102343e-02,6.85412729e-03,-3.99736618e-02,-2.07171800e-03,1.31330111e-02,-3.92660425e-03,4.58261201e-03,2.45929657e-02
-1.11223845e-01,-1.10693945e-02,-7.63923752e-02,-3.86304786e-02,3.17336954e-02,-3.88601457e-02,4.65618825e-02,-2.49811244e-02,-3.68825119e-02,3.87930473e-02,-1.40039579e-02,5.79204875e-02,4.82707048e-02
-9.71908834e-02,-9.26511873e-03,-9.40506806e-02,-7.15093475e-02,2.22928644e-02,-6.04722219e-02,5.21631185e-02,-4.88872473e-02,-7.74349821e-02,5.56993265e-02,-2.10088288e-03,8.04174107e-02,3.63926779e-02
-1.28821340e-01,-3.60452279e-02,-1.17598691e-01,-1.31962506e-01,-5.95906624e-04,-6.31124109e-02,7.59071457e-02,-1.47310219e-02,-6.18448118e-02,8.91918153e-02,2.57304682e-02,1.08827386e-01,8.49211696e-03
-1.35375824e-01,-1.78880750e-02,-8.19527718e-02,-9.46406781e-02,1.84266816e-02,-8.21069107e-02,3.48170037e-02,-1.11738681e-02,-6.56429843e-02,9.18002182e-02,-5.82766582e-03,7.42827985e-02,-3.72297013e-02
-1.12672400e-01,-3.15961593e-02,-8.49568897e-02,-1.13902240e-01,1.73194108e-03,-6.52415700e-02,4.25989017e-02,-4.61317123e-03,-5.44033660e-02,8.82805051e-02,1.02502805e-02,6.54258997e-02,-7.37049397e-02
-7.49522920e-02,-3.58482416e-02,-5.62909598e-02,-6.91963763e-02,4.16417049e-02,-4.23943169e-02,1.00337256e-03,2.36411951e-02,-5.34820779e-02,3.54017713e-02,3.04136598e-02,4.12831881e-02,-7.81916121e-02
-3.62214878e-02,-1.41020778e-02,-2.07011467e-02,-6.37402952e-02,4.38798953e-03,-5.51812122e-02,-2.42955081e-02,3.91526079e-02,-4.08231400e-02,4.36006621e-02,2.83301917e-02,-5.81883960e-03,-8.93086438e-02
-2.58863839e-02,-7.54730209e-03,-1.08285215e-02,-6.48933069e-02,-2.78365720e-02,-7.70770707e-02,-4.92842572e-02,-1.33776966e-03,-4.22388882e-02,-7.60752937e-03,2.61177224e-02,-1.45691338e-02,-7.43258801e-02
-2.57702705e-02,3.28472458e-02,1.76131247e-03,-4.95113603e-02,-3.09574372e-02,-2.81255364e-02,-2.51989512e-02,-2.60340260e-02,-1.09519716e-02,1.21311701e-02,9.85507283e-03,-2.59533661e-02,-8.76709859e-02
-6.68185873e-02,-2.43400633e-02,-3.71877935e-02,-3.05660645e-02,-2.56866135e-02,-3.12414857e-02,-3.43977734e-03,-6.82671236e-03,9.14249511e-03,3.83117878e-02,1.68779490e-02,2.14438201e-02,-2.71964598e-02
-5.13237370e-02,-5.11166793e-02,-6.72783445e-02,-4.72856886e-02,-4.19367420e-02,-4.06729734e-02,-1.65097223e-02,5.76654340e-04,1.95163897e-02,5.93479595e-02,1.74787526e-02,2.92990581e-02,9.54415469e-04
-4.49872518e-02,-5.42215089e-02,-8.86758586e-02,-6.05383160e-02,-4.06540299e-02,-2.64022443e-02,5.08868288e-03,1.52102131e-02,3.88519174e-02,7.27104819e-02,2.98020910e-02,3.81922923e-02,5.75345286e-03
6.64373413e-04,-2.73293090e-02,-5.97033369e-02,-9.61689242e-03,-1.93065792e-02,-4.44623580e-02,-2.67192517e-02,7.73280350e-03,2.26800029e-02,7.76873889e-02,1.15181143e-02,1.80407494e-02,-7.45694977e-03
3.55186637e-02,-1.36555751e-02,-2.94873652e-02,1.73284017e-02,7.54248970e-03,-2.32880717e-02,-1.17549492e-02,-2.05871799e-03,1.06047476e-02,4.60876091e-02,-6.90523393e-03,6.12478384e-03,-1.77265997e-02
2.40505202e-02,-1.59298900e-02,-2.46094425e-02,9.45759829e-03,5.63347024e-03,-3.59967293e-02,-4.07454041e-02,8.17542987e-03,5.94682105e-03,-2.32459427e-03,-9.40185467e-03,-2.64557286e-03,-2.59483289e-02
4.40410041e-03,-1.35897023e-02,-5.08811181e-02,-5.12882109e-03,-3.34879232e-03,-5.35589269e-02,-3.57255910e-02,3.04525188e-02,1.62387579e-02,9.26348022e-03,1.28470699e-02,-5.58380104e-03,-1.87618119e-02
4.24583875e-02,1.52987767e-02,5.81138951e-04,1.39838285e-02,1.95671542e-02,-5.24898732e-02,-7.76965637e-02,8.21388941e-03,-1.18441589e-02,-4.16525349e-02,5.52235700e-03,-2.28806637e-02,-1.45828530e-02
7.62788024e-02,7.15411749e-02,7.88164300e-02,6.99186952e-02,4.77127624e-02,-3.75734585e-02,-8.53195822e-02,4.70015547e-03,-1.92317464e-03,-2.24869363e-02,1.03998181e-02,-6.03099502e-02,-5.17239389e-02
6.52838526e-02,7.13370058e-02,7.61238658e-02,7.53779069e-02,6.02113108e-02,1.10288098e-02,-4.22178362e-02,9.07720856e-03,6.10935925e-03,-2.33157820e-02,2.05918562e-02,-4.36759492e-02,-2.52092730e-02
1.47649298e-02,1.70472040e-02,7.50069242e-02,4.52400482e-02,2.89351724e-02,2.45530069e-02,-5.43414601e-02,3.20327166e-02,4.24267143e-02,5.22641359e-03,1.81674670e-02,-3.52001867e-02,-7.18979339e-03
1.33048369e-02,1.33923457e-02,5.54684245e-02,1.52120419e-02,1.82989099e-02,5.71557300e-02,-2.61155417e-02,1.15894031e-02,3.57237674e-02,1.61701198e-02,5.68492202e-03,-1.81331366e-02,8.59690855e-03
5.20961044e-02,2.31452222e-02,6.66073898e-02,2.08309650e-02,1.45086397e-02,4.96814815e-02,-2.21452140e-02,-7.90743612e-03,1.72974444e-02,1.10617708e-02,1.03940202e-03,-2.41447183e-02,-1.18710173e-03
8.55170472e-02,4.15281667e-02,9.52602078e-02,4.13456820e-02,3.59559326e-02,8.57216326e-02,-1.56013900e-02,-3.17497600e-02,3.09635976e-02,3.98725904e-03,-1.76286321e-02,-2.65844555e-02,2.85457922e-03
4.48762406e-02,4.00168745e-03,4.54967114e-02,-1.59404026e-02,-3.94581275e-03,8.65968176e-02,9.61969005e-03,-2.73595574e-02,3.38022107e-02,-1.12819344e-02,-3.42362548e-02,-1.77308800e-02,4.00162348e-03
-6.22211042e-03,-3.70480201e-02,-5.12228719e-02,-7.37698988e-02,-2.61393708e-02,9.32262531e-02,4.16289120e-02,-2.15328444e-02,6.39389411e-02,6.08860072e-03,-4.25205319e-02,5.09658989e-03,4.03037658e-02
1.44716211e-02,-5.36972450e-02,-9.19058728e-02,-5.00266332e-02,-4.93480217e-03,8.05547198e-02,5.71375249e-02,-2.26091159e-02,2.81108972e-02,-3.69021873e-02,-5.51055893e-02,1.46154303e-02,7.92298428e-02
1.55018892e-02,-2.98320281e-02,-9.19942979e-02,-2.88394713e-02,6.18723833e-03,2.66567106e-02,2.53846553e-02,-2.47361988e-02,1.86897673e-02,-8.12815259e-02,-6.52961328e-02,5.15197649e-04,8.09157848e-02
1.01494400e-02,-1.53964630e-02,-1.15876325e-01,5.41817870e-03,2.02087274e-02,3.59592496e-02,5.62131207e-02,-3.44390857e-02,1.27806240e-02,-1.09954581e-01,-8.19878996e-02,-2.07807590e-03,4.66831867e-02
-6.68090243e-02,-5.49672496e-02,-1.06563379e-01,5.62320829e-03,2.55493480e-02,3.36052469e-02,4.89420774e-02,-2.12852861e-02,4.96806104e-03,-8.20510577e-02,-8.19339308e-02,-3.13875971e-03,2.31506142e-02
-7.55424791e-02,-2.31295286e-02,-1.03117166e-01,-3.21501513e-02,1.02360378e-02,2.07456368e-02,4.18508906e-02,-5.93147397e-03,-2.22874223e-03,-3.15510546e-02,-5.52995939e-02,2.21541514e-02,2.40895828e-02
-8.45823856e-02,1.60182518e-03,-4.28024691e-02,-9.70521722e-04,1.69656327e-02,1.40287522e-02,1.82095751e-02,-2.45929261e-02,-4.42071123e-02,-4.15651453e-02,-5.12676989e-02,2.92129050e-02,1.15080008e-03
-6.40118184e-02,1.43433794e-02,1.32588873e-02,9.42410920e-04,-2.46501702e-02,-9.49049185e-03,-2.36888343e-02,-5.24124676e-02,-3.52237377e-02,-3.32677389e-02,-2.21941343e-02,4.29077277e-02,2.25570987e-02
-4.79578009e-02,4.06174122e-02,4.86399030e-02,-2.83946942e-03,-2.61261364e-02,-1.70812999e-02,-9.68001779e-03,-3.50835841e-02,-4.62806960e-03,3.17590357e-03,1.35838911e-02,5.05218495e-02,1.09134304e-02
-1.65421987e-02,1.03340408e-01,5.62797188e-02,-1.19187357e-02,-1.55423031e-04,6.56319142e-04,-6.72383746e-03,-1.54935132e-03,3.90198943e-02,4.92807426e-02,1.15128501e-02,2.09018225e-03,4.42168261e-03
1.01408874e-02,9.29713555e-02,3.42437886e-02,-2.44197109e-02,-1.25671490e-04,-2.87126455e-02,-4.55688823e-03,7.86179502e-03,6.22902431e-03,7.59591477e-02,1.25825557e-02,-7.24142682e-03,2.80562438e-02
1.09825509e-02,9.64942675e-02,8.46614598e-03,-4.81801028e-02,1.94292246e-02,-4.08328653e-02,-3.33472190e-02,1.13814157e-02,1.67930960e-02,2.85872844e-02,3.20413435e-04,1.64349094e-03,7.66033510e-02
1.74151577e-02,5.89792111e-02,1.48774222e-03,-1.38445265e-02,-2.69228659e-02,-5.59796889e-02,-4.28417919e-02,1.42855449e-02,4.68333378e-02,1.34792034e-03,-2.41096488e-02,-2.19596791e-02,4.07225567e-02
8.46526123e-03,2.53974363e-02,-1.92731418e-02,1.75762525e-02,-4.48837502e-03,-4.04554167e-02,-5.73373954e-02,4.63465133e-03,4.21527252e-02,9.03028910e-03,-4.82924816e-02,-3.81465806e-02,3.26815707e-02
2.57988450e-02,2.12114900e-02,-4.38776430e-02,6.19806625e-03,9.79254973e-03,-1.82785675e-02,-6.81281975e-03,2.66462382e-02,1.81453700e-02,3.46151048e-02,-2.85193812e-02,-4.07457830e-02,1.75575072e-02
-1.30301554e-02,-4.54676529e-03,-9.29618232e-03,3.34297886e-02,3.82135183e-02,-5.96435806e-03,-2.88187505e-02,2.54874287e-02,-1.51016699e-02,1.75124007e-02,-3.54406760e-02,-4.44809562e-02,-1.32530741e-02
-2.48894942e-02,-4.97602146e-02,3.15745792e-03,3.66795420e-02,7.57179868e-03,1.60910881e-03,-6.90170102e-03,3.15451707e-02,-2.47145357e-02,1.79401133e-02,7.09359451e-03,-2.91518822e-02,1.63462221e-03
2.67135629e-02,-6.81671523e-02,1.81830650e-02,3.91289807e-02,5.43305734e-03,4.89145274e-03,2.20406043e-02,2.09437367e-02,-2.84602848e-02,1.54601053e-02,3.64926686e-02,2.70652335e-03,-2.22878225e-03
8.63424461e-02,-7.62841966e-03,1.67360974e-02,4.36759472e-02,-1.11331982e-02,-9.54979041e-03,5.62659109e-02,2.92330640e-02,-2.03226208e-02,1.50966044e-02,3.42817374e-02,-9.08960533e-03,-1.64462986e-02
9.33618267e-02,8.58495386e-03,1.56190387e-02,1.75327582e-02,-3.69445322e-02,-1.01762040e-02,6.36843158e-02,1.79943815e-02,-1.16608045e-02,-7.86172425e-03,2.82033535e-02,2.44798989e-02,-4.43242242e-02
4.58881682e-02,4.21632793e-02,2.78277289e-02,-1.49404312e-02,-3.37495937e-02,-9.88981687e-03,5.51420897e-02,-4.24250804e-03,-2.35629765e-03,-8.61916328e-03,1.73080006e-02,3.57415064e-02,1.54843502e-02
2.72583342e-02,4.15167419e-02,5.52783420e-02,-3.66882155e-02,-4.93833874e-02,-1.90858901e-02,5.19978625e-02,9.48342850e-03,2.52743612e-02,-1.41064534e-02,-1.98441097e-02,4.82298862e-02,1.63651965e-02
-8.42893651e-03,1.28575615e-02,1.19527594e-02,-7.43741597e-02,-6.55175165e-02,-1.98239044e-02,4.89887872e-03,-1.63700882e-04,5.78470441e-02,5.85259998e-03,-1.34980952e-02,7.26463479e-02,2.78385089e-02
1.58575794e-02,2.63296523e-02,-1.51560122e-02,-7.96671900e-02,-5.13044410e-02,-5.51042652e-03,8.14434708e-04,-2.90778259e-03,5.22283122e-02,-3.86190317e-03,-2.37510594e-02,6.88050261e-02,3.00225533e-02
-6.31267186e-02,-1.46575195e-03,2.84767730e-02,-6.22817290e-02,-3.62548015e-02,-9.53020836e-03,-6.05020891e-03,2.33264653e-02,6.46864376e-02,7.89089628e-03,-2.89424426e-02,5.85605160e-02,1.15795418e-02
-6.61269984e-02,-6.93526796e-03,3.15800596e-02,-3.82701628e-02,7.07313231e-05,3.29601227e-02,1.45966846e-02,2.33516855e-02,4.22592762e-02,3.00180308e-02,5.61851468e-03,3.00042500e-02,2.13414794e-03
-3.23968963e-02,-2.15096077e-02,4.00585003e-02,-1.05824657e-02,1.13848736e-02,3.33597134e-02,3.01601315e-02,3.16484642e-02,1.06677904e-02,2.36768626e-02,2.85850401e-02,-2.97829720e-04,-6.54686643e-03
-4.77058021e-02,-5.75405768e-02,6.67112480e-03,-8.09719317e-03,-3.09611910e-03,6.13617220e-03,5.14472038e-02,5.75199704e-02,1.14363338e-02,6.27695460e-02,3.31652811e-02,-1.54514271e-02,2.05229213e-03
-5.53339434e-03,-5.08011140e-02,3.89348958e-03,1.45281355e-03,-1.37882783e-02,-1.19048798e-02,3.01731497e-02,2.66013729e-02,1.85664371e-02,3.18131818e-02,3.79524033e-02,-1.21211021e-02,-3.82061016e-02
8.83302144e-03,-7.44045761e-03,5.01343206e-02,2.78073663e-02,-2.24818754e-02,-2.53401147e-02,5.79428312e-03,-2.05681874e-02,-1.23192156e-03,2.24037027e-02,4.35544142e-02,-3.98198976e-02,-7.42265403e-03
2.87522902e-02,8.87316947e-03,8.64462665e-02,2.24760001e-02,2.85621399e-02,-1.00120873e-04,2.36190995e-02,-4.32854659e-02,3.26923032e-03,6.85482548e-03,3.00620841e-02,-4.69857698e-02,3.55985155e-03
-6.32447626e-03,-3.61343667e-02,4.08597869e-02,-3.08693417e-02,2.31161424e-02,-1.51614402e-04,2.27508136e-02,-3.12768289e-02,9.50117328e-03,2.12325387e-02,4.51160480e-02,-1.86433566e-02,2.92053195e-02
-1.08192622e-02,-1.06992172e-02,3.14249249e-02,-2.11469217e-02,3.42105954e-02,-1.18371270e-02,-3.81383272e-02,-7.07109165e-04,-1.41816152e-04,1.04992004e-02,9.01101119e-03,-1.97508300e-02,1.81120844e-02
-2.73509303e-02,-2.20695977e-02,4.52915568e-02,4.06443876e-03,4.03654862e-02,-2.27301192e-02,-4.20984113e-02,9.64058593e-03,-6.76429961e-03,-3.93280136e-03,2.36414221e-03,5.04903414e-03,3.15335276e-02
2.58393218e-02,2.64870545e-03,4.65610923e-02,3.07815557e-02,7.61320705e-02,9.95703348e-03,-5.18418305e-02,-7.16421800e-03,-3.62202007e-02,-3.53641520e-02,-2.63010069e-04,7.08902211e-03,2.44238838e-02
2.83948450e-02,1.42022857e-02,7.93761617e-02,9.99809375e-02,7.42136203e-02,4.01283746e-02,-3.84120948e-02,6.27829898e-03,-6.56475611e-02,-6.21755017e-02,1.73787892e-02,-2.27720633e-02,-1.22572889e-02
-3.34626113e-02,-5.78809390e-02,3.09148561e-02,9.81598808e-02,5.88475406e-02,6.28614574e-02,9.68495820e-03,6.16604831e-02,-5.87890866e-02,-4.05647540e-02,1.85464758e-02,-1.77380926e-02,-2.05700575e-02
-5.55211600e-02,-7.49364070e-02,-4.42830532e-03,9.10686904e-02,4.96474684e-02,3.57548091e-02,1.42708366e-02,4.82399004e-02,-7.63418178e-02,-6.27510747e-02,4.42695651e-03,-3.26186109e-02,-2.47056198e-02
-2.33669543e-02,-3.89101775e-02,-7.87231949e-03,1.03497597e-01,3.58147260e-02,-9.14626231e-03,3.15059378e-04,5.70725599e-02,-7.19166284e-02,-6.36458489e-02,9.98984177e-03,-4.15651334e-02,-2.22816777e-02
1.06226254e-02,-2.80919348e-02,-3.10847610e-03,9.47803672e-02,4.47198601e-02,2.52160476e-03,-4.69877181e-03,4.47296843e-03,-6.06997899e-02,-6.14369340e-02,5.20434851e-02,-1.44672317e-02,-1.61416331e-02
1.25353864e-02,-2.42769406e-02,1.08553502e-02,9.47866944e-02,5.36564536e-02,3.74765881e-02,1.67404751e-02,-2.84922202e-02,-5.46036776e-02,-5.41485785e-02,5.28850566e-02,2.19143630e-03,3.08841388e-03
-4.52746985e-02,-1.27262270e-02,1.56198438e-02,1.03476543e-01,4.31236526e-02,6.18369499e-02,5.52215699e-02,-1.44010411e-02,-3.33193895e-02,-2.50956777e-02,-4.08444913e-04,-2.18064306e-02,-3.21202528e-02
-3.43388664e-02,-7.34241382e-03,-6.83487541e-03,8.04344798e-02,1.27133893e-02,2.69652446e-02,4.71839364e-02,-4.59469828e-02,-2.18236011e-02,-2.45309569e-02,-2.30194711e-02,6.52637653e-03,-1.44789690e-02
3.09329344e-02,1.30601701e-02,-4.42275660e-03,4.87123980e-02,1.39370013e-02,1.70003612e-02,2.67106882e-02,-4.82087362e-02,-2.56215584e-03,-2.24705992e-02,-5.72595174e-02,1.55728304e-02,3.19527794e-03
4.51033290e-02,2.80514741e-02,4.82655353e-03,6.46819416e-02,2.05043442e-02,-6.73149555e-03,1.09671003e-02,-5.85836441e-02,3.54414241e-02,2.36594592e-02,-3.03280291e-02,7.02453962e-03,4.56349208e-03
6.33701227e-02,3.23626818e-02,-1.90524768e-05,6.00461361e-02,3.03737946e-02,-6.86606243e-03,1.43984700e-02,-6.68448685e-02,1.98833736e-02,4.53106258e-02,-8.60570341e-03,-1.29097677e-02,-1.08828563e-02
2.29288074e-02,8.72552777e-03,-9.67379312e-03,5.35630199e-02,3.77423404e-02,1.66561838e-03,3.70607550e-03,-5.67529655e-02,4.39493850e-03,3.37150412e-02,1.40416081e-02,-3.58613141e-02,-9.47287702e-03
1.49283873e-02,-6.29272054e-03,-3.37286673e-02,-3.46687533e-05,1.13244012e-02,-1.89731663e-02,-6.68816933e-03,2.44848351e-02,1.52424899e-02,3.43494104e-02,1.41342171e-02,-4.04787265e-02,-6.64172550e-03
3.40774732e-02,-1.76111763e-02,-2.70963824e-02,-2.19649690e-02,-1.36091533e-02,-3.78285449e-02,-4.24913955e-02,3.77249384e-02,1.13833945e-02,6.00101778e-02,4.30178934e-02,-5.36106511e-04,2.75109706e-02
4.84189631e-02,-1.14969447e-02,2.40608320e-02,-5.92635681e-03,-6.54309295e-03,-2.68854037e-02,-9.17163886e-02,2.64867185e-02,4.25861324e-03,5.39842938e-02,5.76836540e-02,1.95636522e-02,3.28091716e-02
4.19740928e-02,-3.78376990e-03,3.08645574e-02,-1.67010516e-02,-5.93113454e-03,4.79956745e-03,-5.58391707e-02,2.53035034e-02,1.13297568e-02,2.84137991e-02,4.54325582e-02,3.70855632e-03,1.73444782e-04
1.73102634e-02,3.71901483e-03,1.63503935e-02,-3.66925419e-02,-1.62775379e-02,-5.66922898e-03,-3.00474138e-02,-2.85604150e-03,-8.20973643e-03,1.62892548e-03,3.98470706e-02,1.54047581e-02,-9.65527699e-03
-1.83037950e-02,-1.66932135e-03,3.36686199e-02,-5.85873225e-02,-3.63125083e-02,-6.92038026e-03,-1.78700062e-02,2.88809209e-02,2.51226658e-03,-1.44071585e-02,-4.35687118e-03,2.12441809e-02,-2.70704707e-02
-2.18131140e-02,-2.80782930e-03,2.17837957e-02,-6.47927720e-02,-4.54774737e-02,-2.51246595e-02,7.74865659e-03,2.68074169e-02,4.25282590e-02,-7.27267403e-04,-1.17677063e-03,5.04242509e-02,-6.96509377e-05
9.49273363e-03,3.69954407e-02,3.30787129e-03,-5.70149765e-02,-2.82535422e-02,-4.31640692e-02,9.91326766e-03,1.93726037e-03,3.12333440e-02,-1.04616900e-02,-1.08075937e-02,5.11718770e-02,8.20039578e-03
-3.69286031e-03,4.00394794e-02,9.59360997e-03,-9.40860569e-03,-9.28326915e-03,-2.49748990e-02,-7.26093496e-03,-1.46323179e-02,3.46928792e-02,-1.06610525e-02,1.00486198e-03,4.32343832e-02,5.30498896e-03
-2.58545067e-03,4.27837111e-02,-7.84399042e-03,-1.72009781e-02,-1.33070530e-02,3.08628845e-03,-1.72090635e-02,-7.67749084e-03,2.97305529e-02,-3.79870276e-02,-5.93737808e-03,3.98622376e-02,-1.64447050e-02
-2.98498657e-02,1.06714098e-02,-1.49326018e-02,-3.19914857e-02,-3.55102801e-02,5.95784154e-03,1.95985910e-03,1.36335921e-03,2.21248317e-02,-2.37819713e-02,-1.09395158e-02,5.79706616e-02,1.47793762e-02
-3.17277776e-02,-2.35473716e-03,2.91997667e-02,-9.36033783e-03,-4.08377338e-02,4.79389539e-03,-3.31691045e-02,1.58052198e-02,3.48836048e-02,8.87967561e-05,-1.46365056e-02,4.46337268e-02,8.01116126e-03
-4.70928329e-03,-4.99424042e-03,1.98570379e-02,-2.02550236e-02,-4.41506517e-02,1.67213634e-02,-3.56819081e-02,7.43913634e-03,3.91270320e-02,-5.98460709e-03,-3.41874010e-04,3.19775629e-02,3.26047531e-02
-1.46145296e-03,4.53212339e-02,3.39306401e-03,-3.02819079e-02,-3.00217209e-02,1.91890579e-02,-1.99638240e-02,-2.79608521e-02,-3.42640903e-03,-3.52923199e-02,4.82805609e-03,1.77956486e-02,3.83225685e-02
-6.58895052e-02,5.75363202e-02,2.63531649e-03,-1.72538581e-02,-1.77583711e-02,1.61246584e-02,1.08050447e-02,-1.46409507e-02,8.68281143e-03,-1.42422920e-02,-7.75707569e-03,-4.76744660e-03,8.32357689e-03
-6.72574663e-02,4.37349403e-02,-8.14974702e-03,-3.13338423e-02,-4.73769871e-02,4.79699241e-02,2.94792030e-02,-1.91565764e-02,-1.82223881e-02,-2.91413146e-02,-7.82071539e-03,6.91155993e-03,1.73906171e-03
-5.58005414e-02,4.51557222e-02,-1.86410677e-02,-4.42573051e-02,-5.61831542e-02,1.22847189e-02,1.33577361e-02,-2.18777999e-02,-2.77851377e-02,3.26130220e-03,1.60533049e-02,1.20537007e-02,-1.17193962e-02
-4.82795523e-02,3.39879859e-02,1.55952637e-02,-2.81435690e-02,-4.49989221e-02,4.10672962e-03,1.78828296e-04,-3.09558421e-02,-3.37717820e-02,2.29026885e-02,-8.05030787e-03,1.17836601e-02,-1.56759315e-02
2.48828774e-02,4.36467613e-02,3.82193863e-03,-6.75782774e-03,-4.13194805e-02,-3.07042044e-02,-3.84356630e-02,-4.39223341e-02,-4.09628821e-02,-1.10798276e-02,-8.77065886e-03,-1.39312161e-04,-3.33076205e-02
2.54963410e-02,7.05195342e-03,-6.40628623e-02,-4.07525376e-02,-6.15179085e-02,-6.10780717e-02,-3.27862406e-02,-1.79135140e-02,-4.43642522e-02,-3.75840218e-02,7.56049145e-03,-1.53193705e-02,-4.87045726e-02
3.05384849e-02,-8.03472744e-04,-5.65435707e-02,-2.91311774e-02,-2.60772737e-02,-6.73180004e-02,-1.84530967e-02,1.26682077e-02,-4.23118610e-02,-4.00733299e-02,-1.80168424e-03,-4.03967126e-02,-8.17195045e-02
1.51102987e-03,-3.18507571e-02,-6.12160939e-02,-2.45258359e-02,-1.17002161e-02,-4.63076378e-02,-2.67194620e-02,-2.71572393e-02,-1.88085058e-02,-1.41081901e-02,2.38193547e-02,-7.64552646e-03,-2.49029521e-02
-2.13041125e-02,-5.11237670e-02,-7.03410029e-02,-2.60207378e-02,7.93597869e-03,-1.86843695e-02,-2.71629677e-02,-1.07058547e-02,7.58469355e-04,-1.92424951e-02,1.54295366e-02,-6.94685363e-04,1.47158757e-03
-1.99887545e-02,-1.40120627e-02,-4.06259945e-02,-3.02486553e-04,4.32907154e-02,-1.76309640e-02,6.56862688e-03,1.00833175e-03,3.98467245e-02,1.85718068e-03,-6.21675944e-03,-1.66309325e-02,2.07378903e-03
8.85853171e-03,1.16479163e-02,-2.51072383e-02,3.56534382e-02,3.85856670e-02,1.56766223e-02,2.86732114e-02,5.70381401e-03,3.01661204e-02,-8.01996750e-03,-3.98718194e-02,-1.34481744e-02,8.28316568e-03
2.75683982e-02,1.06148816e-02,-2.59116318e-02,5.20268145e-02,3.87411987e-02,3.73453238e-02,-1.41372222e-03,-4.76754245e-03,1.89011041e-02,2.85651716e-02,-3.22983216e-03,1.16472764e-03,-2.59727167e-03
2.89814636e-02,1.10273008e-02,1.47624067e-02,5.97379220e-02,6.96259803e-02,6.76222812e-02,-7.47970888e-03,-9.87220887e-03,5.79433268e-03,3.71896282e-02,-2.89705666e-02,-6.41608760e-03,-1.82630402e-02
7.32317334e-02,1.04640961e-02,1.83732283e-02,6.96054299e-02,7.47121210e-02,3.30111856e-02,-7.10432284e-04,1.06247011e-02,1.90825725e-02,3.12264220e-02,-4.19411230e-02,-7.81715766e-03,-6.51001136e-03
7.35199903e-02,2.71931640e-02,-4.41369732e-03,3.74269568e-02,6.63741649e-02,3.28388704e-02,3.34294702e-03,2.20647736e-02,9.12382715e-03,3.56556278e-03,-3.08029323e-02,-3.36147441e-02,-1.34891333e-02
6.32525927e-02,4.59001504e-02,1.41594381e-02,2.15235766e-03,3.88192355e-02,4.70177381e-02,4.44594985e-02,1.93118371e-02,-2.07705001e-02,-2.09151831e-02,8.91317721e-03,-2.40692302e-02,-4.77959375e-02
2.80357711e-02,3.62960688e-02,-3.25235439e-03,-1.79885320e-02,-4.55793868e-03,2.12603953e-02,1.66834126e-02,-2.14917041e-02,9.97408452e-03,-2.10084743e-02,1.80094817e-02,-2.25291548e-03,-4.19668606e-02
-5.77068342e-03,-1.25117683e-02,-5.26096587e-02,-5.60445093e-02,1.61741709e-02,6.38859496e-03,1.18632711e-02,-4.83160994e-03,8.53991719e-03,1.98583168e-03,2.22682482e-02,-9.72606695e-03,-3.04822144e-02
-4.10841651e-02,-2.27712511e-02,-4.29764984e-02,-8.05081776e-02,1.07646384e-02,-7.15911267e-03,6.16199017e-03,1.42521600e-02,3.61442446e-02,2.17786613e-02,3.66394331e-02,1.03892620e-03,-2.08639759e-02
-4.66350412e-02,-1.88547328e-03,1.39860979e-02,-3.16263971e-02,1.63623956e-02,-1.56634845e-02,2.47445041e-02,-5.09755409e-03,1.01141626e-02,-7.24357328e-03,1.62246021e-03,1.18023742e-02,-6.00473061e-03
-4.78993103e-02,-1.34393688e-02,1.09878727e-02,-3.95287932e-02,2.14423102e-02,2.38761383e-02,7.70444204e-03,-1.66515745e-02,-1.60193831e-02,-5.64084498e-03,-8.87131331e-03,1.67336721e-02,-9.14023787e-03
1.57288357e-02,1.38199768e-02,1.53194585e-02,-3.43610830e-02,6.85691962e-03,2.13735995e-02,-1.32077227e-02,-8.20240588e-03,-2.74271924e-02,-1.20157074e-02,-2.80689663e-02,-5.04613237e-03,-1.89850170e-02
4.78306548e-02,1.13945114e-02,9.17327578e-04,-3.44639607e-02,8.67816911e-03,-3.55376626e-02,-1.12711449e-02,3.37061050e-02,2.53957432e-02,-3.33387198e-02,-5.89923047e-02,-1.62229561e-03,2.03706880e-02
2.67254728e-02,3.92336073e-03,1.00665720e-03,-2.46026425e-02,5.38182197e-02,-4.01964986e-03,-4.40890568e-03,1.16339807e-02,4.42213100e-02,-3.46809602e-02,-5.77522382e-02,3.54779392e-03,3.38418294e-02
-1.00357020e-02,7.47027424e-03,1.47994290e-02,-5.31853313e-02,2.03176051e-02,3.21562199e-02,-1.79179842e-02,-1.88127317e-02,2.99517501e-02,-2.65378881e-02,-2.18808039e-02,2.37687703e-02,3.36949320e-02
1.09362204e-02,-1.38381703e-03,1.50180693e-03,-2.12825320e-02,-2.58385664e-02,-1.39731459e-02,-3.63566662e-02,-1.58785888e-02,5.09209529e-02,-3.18084086e-02,-2.80813472e-02,3.01170803e-02,4.04537397e-02
2.54632560e-02,5.16867096e-03,7.69078862e-03,2.02345853e-02,-2.75692802e-02,-6.41829879e-02,-8.97791859e-02,-4.21203809e-02,4.16169243e-02,-6.24572225e-02,-3.89882599e-02,1.57857360e-02,5.85808956e-02
2.92739157e-03,3.20168413e-03,-1.58427849e-02,2.59151821e-02,-5.08600705e-02,-7.80544972e-02,-1.39018547e-01,-2.72341720e-02,8.87339117e-02,-2.77752440e-02,-6.72751726e-03,-2.77545561e-04,7.00359214e-02
-2.25408056e-02,6.40117078e-03,1.78559560e-02,4.69856495e-02,-4.73947693e-02,-5.85879243e-02,-1.26921373e-01,-2.87000441e-02,6.90374544e-02,-6.29763456e-02,-1.86211049e-02,3.98558063e-02,6.92178030e-02
-8.06389451e-02,-3.37624191e-02,1.00369536e-02,3.32806325e-02,-2.88022894e-02,-6.72583086e-03,-9.50152102e-02,-1.27128249e-02,6.92516668e-02,-4.12583384e-02,-2.20622717e-02,1.79641696e-02,5.23700147e-02
-5.82462423e-02,-1.45628045e-02,5.43650072e-03,2.84969219e-02,-4.99754198e-02,3.01482713e-03,-4.58784673e-02,1.27909319e-02,3.93880794e-02,-2.29248820e-02,-4.55338584e-03,4.71998369e-03,4.94996015e-02
-3.28165953e-02,1.37315336e-02,3.15185624e-02,3.07747463e-02,-1.87216297e-02,-1.33574184e-02,-4.36267310e-02,1.40093358e-02,5.05283086e-02,-4.12827990e-02,-2.22419671e-02,-1.41995418e-03,6.60970016e-02
-1.00032395e-02,1.93122692e-02,4.56266988e-02,2.60094295e-02,2.92936412e-02,-1.42537433e-02,-3.15396719e-02,4.68789576e-03,4.72592835e-02,-2.34978047e-02,1.04495494e-02,-1.41668115e-03,1.76296733e-02
-6.41692555e-02,3.08020720e-03,2.27647202e-02,-1.45967507e-02,5.32584328e-02,1.92731088e-02,-3.01128223e-02,-7.33557848e-05,3.96101741e-02,2.07516499e-03,1.95424393e-02,-2.16023960e-02,-2.54740666e-02
-3.69110003e-02,-3.38064702e-02,-7.90745671e-03,-4.09097441e-03,5.89031385e-02,2.27739115e-02,2.17459440e-02,-1.70662738e-04,4.95917730e-03,3.22528514e-02,2.78065415e-02,-2.48057959e-02,-4.50486167e-02
-1.46881478e-02,-2.43114356e-02,3.01652393e-02,3.21354163e-02,7.84781010e-02,1.40206131e-02,3.09748953e-03,-4.73958219e-02,-1.92661197e-02,5.16200776e-03,3.12759322e-02,-1.63515005e-02,-4.57658435e-02
-6.27768749e-03,-2.83600780e-02,2.04883048e-02,1.06633673e-02,5.71891022e-02,5.48931645e-03,-1.44972644e-02,-4.59390652e-02,-2.73287099e-02,2.15140445e-03,5.09820644e-02,-2.57007382e-02,-4.53692950e-02
-2.18978752e-03,-1.31392910e-02,-7.40401734e-03,-5.61499154e-03,5.25656884e-02,5.02954348e-03,-1.36703017e-02,-4.02387699e-02,-3.42820608e-02,-1.01420823e-03,4.16465016e-02,-1.55966050e-02,-3.79548345e-02
-3.91109894e-02,-1.58051539e-02,1.21853495e-02,2.16334506e-02,5.42446084e-02,2.63901429e-02,-8.83364012e-03,-4.32235559e-02,9.85788101e-03,3.57634836e-02,5.52154710e-02,-2.57336853e-02,-4.47240246e-02
-6.37866737e-02,-1.19906738e-02,1.54709421e-02,3.38728072e-02,3.45169755e-02,4.22046708e-02,2.26341714e-02,-2.96000276e-02,2.36756559e-04,3.31291339e-02,5.28595226e-02,-7.83903249e-03,-3.12784971e-02
-4.42848259e-02,8.50247450e-03,2.84688931e-02,4.07715127e-02,3.70795676e-02,4.02252772e-02,2.47215415e-02,-3.82740263e-02,-1.82082881e-02,7.34311065e-03,3.73584575e-02,-1.01610089e-02,-4.10235786e-02
-4.59187697e-02,-1.22031864e-02,2.24996719e-02,3.60049281e-02,4.58256041e-02,7.76266673e-03,-1.00126283e-02,-6.07057201e-02,-3.07419157e-02,1.39210026e-02,6.95755637e-02,1.81232446e-02,-2.07067365e-02
-7.71630950e-02,-1.77439531e-02,3.77717532e-02,4.91058320e-02,4.53881647e-02,6.64364926e-03,-1.28912730e-02,-4.99784651e-02,-2.21585754e-02,2.30606150e-02,6.32039809e-02,7.74132976e-03,-2.79775832e-02
-3.41047892e-02,-4.03974677e-02,2.49111138e-02,5.31073022e-02,-1.70314130e-02,-1.45283456e-02,-1.33150421e-02,-6.15945672e-02,-2.53411645e-02,2.64634564e-02,4.39699950e-02,2.78092420e-02,-2.76227466e-02
3.22216501e-02,-3.60276814e-02,1.59798241e-02,3.22483831e-02,-5.20849832e-02,-3.60728802e-02,-7.25705877e-03,-4.12463349e-02,-6.62508705e-03,4.01770000e-02,3.33679910e-02,1.25357607e-02,2.39615520e-02
8.30650296e-02,-5.87233051e-02,3.23814131e-03,-2.19836774e-02,-8.55525328e-02,-3.93747378e-02,1.37160492e-02,5.16828870e-03,-5.00060283e-03,-4.38011558e-03,4.00511669e-03,6.99215729e-04,4.78142900e-02
8.05403722e-02,-8.31046756e-02,-5.82409354e-02,-5.99016228e-02,-1.25265355e-01,-2.97867409e-02,1.44398730e-02,5.91582991e-02,-1.48275802e-02,-1.28758489e-02,-1.63663915e-02,-1.36203113e-02,8.29754345e-02
1.14890934e-01,-9.44116681e-02,-5.12848157e-02,-4.25801122e-02,-1.05643834e-01,2.08320513e-03,3.77991164e-02,6.41518632e-02,-1.24676668e-02,-7.53539276e-03,-5.59205194e-02,-3.16177783e-02,9.26425444e-02
1.17804940e-01,-8.71495431e-02,-7.13541930e-02,-5.18621277e-02,-6.90647898e-02,4.45542787e-02,6.23546246e-02,8.57099416e-02,-7.29282806e-03,-1.45067564e-02,-1.03601120e-01,-3.24480191e-02,8.98473427e-02
1.59393656e-01,-4.36311613e-02,-6.19523179e-02,-5.30706327e-02,-6.86496288e-02,5.34054631e-02,1.06810203e-01,1.28392967e-01,-3.59087956e-02,-6.47467593e-02,-1.03533795e-01,-2.94400752e-02,3.99118933e-02
1.33690556e-01,-2.04020899e-02,-6.46555219e-02,-5.93417750e-02,-5.06815441e-02,4.58409346e-02,9.82466062e-02,1.20436213e-01,-6.57607537e-02,-9.91302396e-02,-5.91674061e-02,-2.32149052e-03,4.44998135e-02
7.42390713e-02,-2.44796734e-03,-5.04264343e-02,-3.39246226e-02,1.17277193e-02,6.66937538e-02,1.17498309e-01,1.36248132e-01,-2.73330693e-02,-7.36983951e-02,-3.91496153e-02,-1.09366631e-02,-8.41493231e-03
6.56219591e-02,5.45420082e-02,-3.07917640e-02,-2.90178591e-02,1.19656727e-02,1.51470807e-02,7.27765207e-02,1.04838938e-01,-1.25932019e-02,-7.07766526e-02,-4.83621929e-02,2.15087506e-02,-6.67480210e-02
4.92215034e-03,9.15513414e-02,-4.11410959e-02,-2.11034568e-02,-1.84694357e-02,-7.02329299e-02,1.78410394e-02,9.79702401e-02,1.58150119e-03,-1.62445463e-02,-1.99796814e-02,4.89552818e-02,-5.92207089e-02
1.24979179e-02,1.23061005e-01,-2.23920741e-02,-1.16469419e-02,-9.94352840e-03,-6.25640011e-02,-3.07888204e-02,8.62745055e-02,2.80032373e-02,-7.96324340e-03,3.84378742e-02,5.08743825e-03,-6.56428692e-02
-8.17401288e-02,8.78991497e-02,-2.35485452e-02,-3.68547287e-02,-5.34073121e-02,-4.00989334e-02,-7.45454972e-02,7.22125692e-02,1.09075282e-02,-4.81864771e-03,1.05516576e-01,4.71754212e-02,-4.08332617e-02
-9.55344933e-02,3.87416810e-02,-1.33335598e-02,-8.35536939e-03,-2.82303244e-02,-3.30537888e-02,-1.09551155e-01,3.11141301e-02,-2.52287307e-02,1.65878898e-02,8.75642686e-02,3.04853557e-02,-2.49757348e-02
-1.31869067e-01,-1.86039082e-02,-3.47789247e-02,-3.31585031e-02,3.06442656e-03,-4.29664176e-03,-1.07638053e-01,3.40217045e-03,-4.10821139e-02,4.11347121e-02,8.75199059e-02,2.14031832e-02,-1.43328360e-02
-9.06832604e-02,-3.33126214e-02,-2.82638791e-02,-2.99413377e-02,3.93970284e-03,1.12584304e-02,-9.31144453e-02,1.12039258e-02,-4.20033658e-02,4.54587791e-02,1.18282964e-01,5.11574036e-02,2.44799705e-02
-4.76763187e-02,-2.14355110e-02,-3.05368659e-02,-5.27901782e-02,-1.22028306e-02,4.81487752e-03,-5.64648420e-02,3.88925101e-02,-6.17736886e-02,3.84287978e-02,1.46989045e-01,6.78606099e-02,5.29532670e-02
-1.24512258e-02,-5.40968009e-02,-4.69438651e-02,-5.65674141e-02,7.21460603e-03,1.84612129e-02,-4.08047741e-02,5.64649890e-02,-2.68301042e-02,6.19514080e-02,1.41787175e-01,5.68834807e-02,7.03721092e-02
6.82685683e-02,-3.30098871e-02,-1.39414249e-02,-4.69431958e-02,2.47418564e-02,3.31232960e-02,-1.14651783e-02,7.24500243e-02,8.83644825e-03,4.63282794e-02,9.19438282e-02,5.00181590e-02,5.27322271e-02
6.10330763e-02,-2.88562037e-02,-1.45769981e-02,-2.38637629e-02,4.03746597e-03,-1.38242047e-02,-5.11059072e-03,6.50139023e-02,3.54652165e-02,6.81060061e-02,4.07615555e-02,7.05005183e-02,4.38085115e-02
8.42355224e-02,-1.63824743e-02,5.72998122e-03,-1.25841137e-02,-5.75395504e-04,2.34406022e-03,-1.07587546e-02,4.46901672e-02,4.91427132e-02,6.61712319e-02,2.91430254e-02,2.41013859e-02,2.12503972e-02
7.92305257e-02,-2.55173442e-02,1.94507873e-02,-1.68564274e-02,-2.54555775e-02,1.97211448e-02,8.34469139e-03,2.46556189e-02,5.20933399e-02,4.01924431e-02,3.15089122e-02,2.78542618e-02,2.45794008e-02
5.85937677e-02,-1.36101553e-02,2.25763635e-02,1.60761056e-02,-1.33148215e-03,-1.51636327e-02,-6.30035890e-03,-1.78687099e-03,4.25381537e-02,4.33615672e-02,1.01453372e-02,-4.75962853e-03,2.30834547e-03
3.55313963e-03,-3.05415470e-02,3.26167586e-02,2.11142811e-02,1.24057122e-02,-1.66138122e-02,2.20173806e-03,-5.29052919e-02,1.92043151e-02,1.92677591e-02,-4.89293263e-03,-3.14470912e-02,-1.93532829e-02
3.53985401e-02,-5.40377530e-03,4.98777665e-02,2.88684090e-02,1.91886525e-02,-3.64400144e-04,1.10367807e-02,-6.14515026e-02,1.66167785e-02,-1.33896960e-03,-1.13805379e-03,-2.92208667e-02,-4.74740528e-03
1.93715222e-02,5.11843802e-03,3.23789775e-02,2.36837275e-02,2.27447488e-02,1.70367462e-03,3.92672932e-02,-5.69875028e-02,3.75241217e-02,-1.20783613e-02,-1.94124332e-02,-2.19170589e-02,-1.48333306e-02
3.55507265e-03,-1.04732028e-02,-1.14570195e-02,-1.87638980e-03,-2.24970626e-03,-1.65816957e-02,1.58708651e-02,-7.27110856e-02,3.24539176e-02,7.37882815e-04,-9.75545839e-03,-2.02216665e-02,4.68583933e-03
2.14888381e-02,2.05199588e-03,1.76105791e-02,1.89075028e-02,-4.30905791e-03,-2.13212305e-03,3.24157568e-02,-3.56177483e-02,3.98620119e-02,1.58554779e-03,-4.10115172e-03,-2.00441478e-02,2.19778795e-02
-1.25756841e-02,-4.62204178e-03,-1.42905166e-02,1.02821737e-02,-1.51175452e-02,8.56069712e-03,5.74936147e-02,1.31424268e-02,5.74170749e-02,4.68663232e-02,1.19454607e-02,-3.50885603e-04,4.83544869e-02
-4.25955165e-02,-4.65114828e-02,-4.62571366e-02,-1.65440439e-02,-3.64305353e-02,1.21378534e-02,2.98236858e-02,2.60148181e-02,3.78623476e-02,5.37540612e-02,-1.24020096e-02,-5.78679250e-03,2.44890732e-02
-2.10329479e-02,-3.29777402e-02,-3.51182241e-03,7.83425388e-03,-2.78976570e-02,2.64198210e-02,8.48498931e-03,3.39050269e-02,1.13120904e-02,4.49178451e-02,-1.48195189e-02,-1.51753541e-02,1.42466078e-02
-1.46480851e-02,5.30848095e-03,1.92531596e-02,1.69420702e-02,-2.71301112e-02,1.79864909e-02,6.85285971e-03,6.70783195e-02,2.46726402e-02,4.11230100e-02,-3.21225642e-02,-3.20985417e-02,-7.24542503e-03
-4.90200651e-02,7.71454538e-03,-2.39776948e-03,1.05878204e-02,-2.15748841e-02,-8.30615744e-03,-1.18884281e-02,5.09364373e-02,1.03351545e-02,2.90266787e-02,-4.49348525e-02,-3.43158711e-02,-2.90481629e-02
2.83735264e-03,1.71098497e-02,3.11827309e-02,1.55713330e-02,-1.46694863e-02,-1.18630501e-02,-2.54575883e-02,3.41796346e-02,-2.50065770e-02,2.85048386e-02,-4.31342904e-02,-3.90958821e-02,-2.65800792e-02
3.01635360e-02,6.08611478e-02,4.38003051e-02,2.76716644e-02,2.87194969e-02,-4.13310530e-03,-2.40426668e-02,1.73203858e-02,-2.91966830e-02,9.47977553e-03,-4.27358745e-02,-3.04925423e-02,-4.15650419e-02
2.90248548e-02,5.52210764e-02,9.71733779e-03,9.18563234e-03,1.25689105e-02,-1.33914086e-02,-3.06926774e-02,-2.91766611e-02,-3.97848418e-02,1.15979896e-02,-4.42635458e-02,-1.61940989e-02,-4.78312626e-02
3.77418366e-02,7.08198131e-02,4.65260472e-02,3.19139822e-02,6.42661106e-03,-2.52727738e-02,-1.10059292e-02,-4.91454603e-02,-3.63775294e-02,-1.93967447e-04,-4.79003394e-02,-3.70203883e-03,-2.58197188e-02
2.99200909e-02,7.22649766e-02,1.33524408e-02,2.00387546e-02,2.46373621e-02,-2.19532398e-03,2.87310939e-02,-4.82136552e-02,-1.12254950e-03,3.60273273e-02,-3.25768464e-02,1.71790508e-02,1.69156433e-02
-3.08486550e-03,1.06599439e-02,-4.62010533e-02,1.25629239e-02,5.49965903e-02,-1.64590563e-02,-1.65464663e-02,-7.22958888e-02,1.70652214e-02,3.16146320e-02,-2.98520590e-02,2.95897701e-02,3.14456290e-02
2.82759741e-03,1.98315128e-02,-1.99649607e-02,1.30309742e-02,8.48826713e-02,-5.90677127e-02,-5.01219257e-02,-8.64377846e-02,1.01021521e-02,8.84314583e-03,-3.66574183e-04,4.03154689e-02,3.97508276e-02
1.16433363e-02,3.50353627e-02,-3.35772036e-03,-1.82692617e-05,6.71678929e-02,-4.81839432e-02,-4.12468257e-02,-3.55980428e-02,3.87262628e-02,-3.55140445e-02,-2.78219505e-02,3.60961103e-03,5.83631640e-02
-3.20674615e-02,8.03595007e-03,-4.12233730e-02,-4.09385174e-02,3.99298662e-02,-6.28605301e-02,-6.19784962e-02,-5.22451825e-02,3.98024784e-02,-4.97601231e-02,-2.17872149e-02,1.00501504e-02,5.96372036e-02
-2.91704277e-02,-3.67536686e-02,2.24222524e-04,-2.44569993e-02,4.31482328e-02,-4.67451347e-02,-5.20917717e-02,-4.29272117e-02,4.40162880e-02,-3.30063790e-02,-2.45533793e-02,-8.36116975e-03,4.15713221e-02
2.67749470e-02,-1.21849864e-02,2.88473330e-02,-1.28257986e-02,4.79374922e-02,-3.99966680e-02,-3.05595186e-02,-5.18101520e-02,2.01110500e-02,-4.18245039e-02,-1.55383077e-02,-5.23540110e-03,5.36900892e-02
-1.18686051e-03,-4.14776059e-02,-1.49919147e-02,-4.83585003e-03,3.70469989e-02,-2.10125399e-02,-2.66369281e-02,-4.22395994e-02,8.10928103e-03,-5.43007548e-02,5.00306063e-03,-1.02287837e-02,4.31722952e-02
1.43469292e-02,-1.53527508e-02,-1.92252506e-02,7.17845007e-03,5.43763975e-03,-4.18172906e-02,-5.31805794e-03,-6.79021610e-03,-1.74510547e-02,-5.50960332e-02,3.63753006e-02,-1.00083449e-02,2.87400703e-02
6.50548056e-02,3.57456958e-03,-2.83078420e-02,1.97948479e-02,8.81605771e-03,5.27002763e-03,4.07112467e-02,-2.67937948e-03,-2.96340260e-02,-3.52501121e-02,4.05881845e-02,-9.91625835e-03,-5.55142650e-03
4.12840779e-02,-3.04536342e-02,-3.84332846e-02,2.21637520e-02,1.37968880e-02,3.99192694e-02,2.59188049e-02,-3.63688307e-02,-6.18736684e-03,-1.98476753e-02,4.68465495e-02,1.57849911e-02,-4.51812720e-03
3.03135521e-02,-1.53448529e-02,-1.83354179e-02,2.32399128e-02,2.24573657e-02,1.52180878e-02,9.23823478e-03,-5.50443498e-02,1.32414307e-03,-1.48528935e-02,5.92106451e-02,3.38055523e-02,-1.08152925e-02
4.33135281e-02,3.65761758e-02,-3.20933459e-03,9.01672144e-03,2.70534775e-03,4.15660598e-02,2.83993542e-02,-3.67796431e-02,-8.75843992e-03,-3.15966040e-02,1.85545295e-02,-5.94091346e-03,-1.30363206e-02
-4.12947004e-03,5.28081756e-02,2.35934991e-04,-3.38621317e-02,-1.73642822e-02,8.10597547e-03,-2.94033534e-03,-3.90359938e-02,-2.91096259e-02,-1.20542684e-02,1.90527313e-02,-2.08412549e-02,-1.40531672e-02
-2.96069612e-02,2.77444539e-02,8.58813090e-03,-3.42600011e-02,-1.58031234e-02,6.06466726e-03,1.89644031e-02,-2.16235648e-02,-1.55305298e-02,2.45249705e-02,1.09919768e-02,-3.03747751e-02,-1.19733439e-02
1.93344250e-02,5.43647568e-02,3.47954346e-02,-3.79624933e-02,-1.70959283e-02,-1.33970687e-02,2.82747468e-02,-2.62546894e-02,-3.87950873e-02,8.67936977e-03,-2.47167074e-02,-3.33561358e-02,6.69087780e-03
-4.92513733e-02,4.23646378e-03,-5.80554393e-03,-1.76061585e-02,-1.73642191e-02,-1.15705742e-02,-2.86784753e-03,-2.88403990e-02,-1.50146059e-02,-2.86044968e-02,-1.26971262e-02,-2.31135972e-02,2.89758061e-02
-2.52408769e-02,1.19512599e-02,-6.18399501e-03,-2.89742089e-02,-4.74973870e-02,-3.98241067e-02,-5.35947424e-03,4.85300409e-03,-1.11120394e-02,-4.10414988e-02,1.08818932e-02,-3.59242007e-02,3.59828310e-02
-4.69471965e-03,2.32547053e-02,8.91369604e-03,1.32169162e-02,-8.50653754e-03,-1.55010330e-02,-2.58464625e-02,-8.29509091e-03,-2.17896941e-02,-8.04341050e-02,-1.17077446e-02,-1.34074601e-02,2.75430624e-02
1.25816374e-03,4.29558356e-03,3.80901881e-03,-8.95441933e-03,-3.34752875e-02,2.19690516e-02,-5.15466685e-02,-2.49579235e-02,1.08229118e-02,-6.12382540e-02,4.82968322e-03,1.58201153e-02,3.53077867e-02
-1.33180685e-03,-2.42684234e-02,2.73103053e-02,-2.29020934e-03,-3.96194785e-02,4.68797845e-02,-4.68608634e-02,-1.85679608e-02,2.76496969e-02,-6.88421293e-02,9.76211610e-03,2.50389577e-02,3.02666266e-02
2.37179871e-02,-1.06601610e-02,5.49492389e-02,-2.51329914e-02,-5.54295992e-02,7.53317427e-02,-3.46554071e-02,-5.74638633e-02,1.81597422e-02,-7.22277062e-02,-5.05505492e-03,3.06678539e-02,7.35329238e-03
-1.93106760e-02,-2.99365668e-02,7.70116053e-02,-3.31300675e-02,-5.70231263e-02,9.05609837e-02,-2.68341638e-02,-3.89606624e-02,3.83639737e-03,-3.62411048e-02,9.44096583e-03,4.93987915e-03,-1.81491556e-02
-2.81275714e-02,-5.71528736e-02,4.21716603e-02,-1.76665011e-02,-7.86846825e-02,6.40844433e-02,-1.16393496e-03,-2.81731214e-02,-1.30408143e-02,4.17578468e-03,1.49415771e-02,6.36053308e-03,1.22000102e-03
-2.22434429e-02,-5.03821111e-02,3.17121715e-02,-2.22640652e-02,-5.36946595e-02,4.41273222e-02,8.68288513e-03,-2.38664459e-03,-4.73708921e-02,-5.92058312e-03,1.17951028e-02,-2.18498790e-02,-1.17893076e-02
-3.15997867e-02,-7.89468759e-02,-2.01409670e-02,-2.26661821e-04,-4.57929719e-02,6.29132830e-03,-7.40663275e-03,5.79884384e-03,-4.36024215e-02,7.91136304e-03,2.74396113e-02,-1.22467754e-02,1.08043318e-03
-3.05945650e-02,-6.97893981e-02,-2.12154940e-02,7.34867450e-03,-4.35279740e-02,1.56534063e-03,2.80310349e-02,3.81856657e-02,-5.67094887e-02,4.47004477e-03,2.76736399e-02,-3.83972715e-02,-2.85227759e-02
-5.83814787e-02,-6.37176133e-02,-3.79293836e-02,2.52333500e-02,-1.31673336e-02,-1.99608928e-02,9.78604000e-03,2.60645241e-02,-3.96929026e-02,-3.78042640e-03,-2.23716895e-02,7.81772590e-03,-2.03094152e-02
-3.49180313e-02,-1.44361216e-02,-5.07011233e-02,3.21518752e-02,-4.39218522e-06,-2.78862389e-02,-1.70340002e-02,2.99383966e-02,-1.20407164e-02,-1.92898999e-02,-3.28894264e-02,2.16239993e-02,-3.05719550e-02
-3.32101179e-02,-1.03677894e-02,-3.41027117e-02,6.13701922e-02,2.99109506e-02,9.02651606e-03,7.36911444e-03,3.16284139e-02,6.79768694e-03,-5.96049392e-02,-6.14667860e-02,3.09341458e-02,-6.32416869e-02
-2.89444454e-02,3.06931798e-02,-4.06963139e-02,4.86446948e-02,3.99625790e-02,-1.01901888e-02,4.85256491e-03,7.17382434e-03,1.32579147e-02,-9.12920657e-02,-1.15410318e-01,7.42152397e-02,-7.82863195e-02
-2.46767209e-02,5.15508367e-02,-5.74033840e-02,3.28352265e-02,4.85926871e-02,6.53764326e-03,8.86649418e-03,8.63469449e-03,4.21398490e-02,-7.31493601e-02,-1.23975085e-01,7.58059944e-02,-8.05686984e-02
-3.81166225e-02,6.57268568e-02,-6.40715765e-02,1.67596610e-02,1.42251017e-02,-3.52030557e-02,6.50284652e-03,-7.27884607e-03,3.24990643e-02,-5.98201348e-02,-1.20763930e-01,8.60952917e-02,-8.14803163e-02
-1.65634160e-02,6.45896186e-02,-4.05523709e-02,8.90633611e-03,2.08410260e-02,-3.67699180e-02,-1.58848829e-02,-1.52159869e-02,3.64723146e-02,-5.11298418e-02,-8.50553437e-02,5.08655312e-02,-7.27832441e-02
-7.09177041e-03,6.26804017e-02,-2.33315096e-02,-2.42105762e-03,5.04501056e-03,-4.33994352e-02,-9.37663623e-03,-1.77296195e-02,5.29842421e-02,-7.62654601e-04,-3.91955692e-02,1.14797100e-02,-5.72041959e-02
-4.99570083e-02,3.21443884e-02,7.31093022e-03,5.29481825e-04,7.76118782e-03,1.57710549e-02,2.74109933e-02,6.69088923e-03,3.53993146e-02,5.57101302e-03,-1.47247411e-02,-3.27128903e-02,-5.19510911e-02
-9.69234162e-02,-3.07747498e-03,2.76045625e-02,-5.34141151e-03,5.83207657e-03,-1.18555835e-02,-9.60249328e-03,-2.33668524e-02,-4.50843104e-03,3.37037863e-02,3.11361898e-02,-2.43462305e-02,-1.83605932e-02
-7.60992374e-02,-9.58168871e-04,6.20323934e-02,-1.27557199e-02,1.03786525e-03,-5.04490723e-02,-2.99128053e-02,-2.73185186e-02,-1.20677317e-02,3.63820486e-02,8.58844170e-02,-6.32113591e-02,-1.99503477e-02
-5.82364498e-02,-3.07674909e-02,6.31578914e-02,-3.29782806e-02,1.57884563e-02,-1.66592506e-02,-1.88097334e-02,-4.16908843e-02,-1.19859236e-02,1.97432160e-02,1.34620582e-01,-7.39294966e-02,-4.20381876e-02
-6.13575629e-02,-4.15708782e-02,2.68621633e-02,-4.35791892e-02,-1.01195783e-03,-4.31049089e-02,-2.33433864e-02,-5.69666692e-02,-3.86033883e-02,1.28159630e-02,1.30095462e-01,-6.70639385e-02,-5.53643655e-02
-2.18953799e-02,-1.60687506e-02,-2.38328701e-02,-7.65409807e-02,-2.22807907e-02,-7.47392331e-03,-2.20909395e-02,-6.40016870e-02,-2.42752055e-02,1.35689591e-02,7.59478422e-02,-7.72510816e-02,-4.43520782e-02
-6.60651035e-03,-1.68089913e-02,-5.88694117e-02,-1.07092003e-01,-5.08698529e-02,-1.33918426e-02,-4.07377572e-03,-8.23516519e-02,-4.33405164e-02,6.94960614e-04,6.52211554e-02,-3.39470105e-02,-5.76952689e-02
7.30464440e-02,1.35454347e-02,-6.02090766e-02,-7.00756676e-02,-1.21474412e-02,2.78288723e-02,2.12062648e-03,-1.06564469e-01,-3.89416657e-02,1.48799773e-02,5.11078272e-02,1.36496979e-02,-2.07297928e-02
1.11632349e-01,1.21723676e-02,-5.44388919e-02,-5.04486670e-02,-9.37499940e-03,2.15593139e-02,3.76259970e-02,-1.09095543e-01,3.19254025e-04,3.10703845e-02,1.59178706e-02,2.61869305e-02,7.20230509e-03
1.01040690e-01,1.29087777e-02,-3.96270948e-02,-2.05950881e-02,-2.56727433e-03,7.85125301e-02,6.65483180e-02,-5.17147031e-02,9.03604487e-03,1.95420320e-02,-2.08742164e-02,2.34846883e-02,1.96984750e-02
6.82066263e-02,5.34860192e-03,-1.92555634e-02,7.30836118e-03,7.97505753e-03,8.91715466e-02,5.66928422e-02,-1.32479458e-02,-1.48270396e-03,1.50895552e-02,-2.25313565e-02,5.38587357e-02,3.41846123e-02
6.26492647e-02,-9.62567019e-03,2.47691449e-02,4.10388199e-02,1.15859988e-02,6.97410064e-02,4.76484416e-02,1.63793571e-02,4.93804544e-03,2.63472850e-02,-1.68571871e-02,4.84304009e-02,1.69011590e-02
5.46879135e-02,-4.22155606e-02,1.90279736e-02,1.81183772e-02,4.90401726e-03,5.60457563e-02,3.85733449e-02,3.92724227e-02,6.09890376e-03,1.31336519e-02,1.39369253e-02,3.42084883e-02,1.43985372e-02
-1.81900659e-02,-8.51679825e-02,1.64573031e-03,1.78298046e-02,1.73335745e-02,4.34917102e-02,5.37512177e-02,7.28985830e-02,4.05591207e-03,1.39609250e-02,3.98143209e-02,-7.60362968e-04,-9.79756886e-03
-2.82726037e-02,-5.38898116e-02,6.70678717e-03,-3.36934565e-03,-3.49651929e-03,6.25224778e-03,3.48047587e-02,7.62768114e-02,-1.43274239e-03,1.78114533e-02,2.33180407e-03,-5.19099258e-02,-2.41741202e-02
-2.01371588e-02,-5.95313537e-02,-1.35201786e-02,-2.21045612e-02,-2.26100233e-02,-1.35207957e-02,3.30945699e-02,6.94672164e-02,-1.97641061e-02,-8.85775170e-03,4.31092447e-03,-6.73163423e-02,-5.96767216e-02
-1.31534247e-02,-3.02090378e-02,-2.16963784e-02,-8.78130191e-03,-2.15847336e-02,-1.27170558e-02,3.86069129e-02,4.35317414e-02,-5.62813285e-03,3.46337768e-02,5.77967802e-03,-5.93170794e-02,-6.76749583e-02
-6.09094365e-03,-8.34440871e-03,-4.15449424e-02,-5.33918139e-03,-3.49977697e-02,-4.07060357e-02,4.00555029e-02,-3.03343031e-04,1.08708018e-02,5.21339629e-02,-5.89270257e-02,-5.07119638e-02,-2.59472515e-02
-1.34068531e-02,1.56658819e-02,-3.30774259e-02,8.95897469e-03,-2.38819834e-02,-5.81227887e-02,-2.23584253e-03,-1.02699419e-02,-1.53226736e-02,4.59683565e-02,-6.52058892e-02,-3.42269909e-02,3.15485588e-02
-2.35807994e-02,3.72788113e-02,-2.23572753e-02,1.94682784e-02,-1.86405518e-02,-5.91175630e-02,-4.99988081e-02,-4.08533618e-03,-3.69296403e-02,9.48457222e-03,-6.73126152e-02,-2.80789342e-02,9.03221796e-02
1.00243323e-02,4.54731773e-02,-1.75246817e-02,8.58287333e-03,-9.32334023e-03,-6.48372640e-02,-8.36065141e-02,3.28719261e-02,-1.80217106e-02,6.14598618e-03,-6.88195994e-02,-2.39620620e-02,1.05255753e-01
3.54659689e-02,3.72436571e-02,-2.78190333e-02,-2.12803455e-02,-1.91434296e-02,-8.71570362e-02,-1.25426904e-01,5.04665128e-02,-2.51276655e-03,-4.49853904e-03,-2.63833205e-02,-1.75974838e-02,1.33714574e-01
1.98394790e-02,-5.40618962e-04,-4.89351190e-02,-4.21064223e-02,3.43018671e-03,-5.65131545e-02,-9.53277719e-02,7.92414041e-02,1.99716473e-02,-2.30570644e-02,-1.03957098e-02,-2.32641672e-02,1.38493784e-01
2.00116223e-02,-6.70668090e-03,-5.15929133e-02,-3.68955177e-02,2.14342200e-02,-7.68709792e-02,-7.55156012e-02,7.06721014e-02,-4.25066616e-03,-4.10273042e-02,-2.00472593e-02,-3.49785925e-02,1.24393515e-01
4.63893298e-02,-1.16643371e-02,-3.97476293e-02,-2.08382421e-02,3.90671901e-02,-6.01039983e-02,-7.54510440e-02,4.24327813e-02,-1.85949403e-02,-6.75519068e-02,-1.58188936e-02,-2.69662263e-02,1.11549922e-01
5.37587219e-02,-1.97233831e-02,-2.50445022e-02,-1.56294140e-02,2.58171232e-02,-3.72215376e-02,-3.65201590e-02,2.02040681e-02,1.55382336e-02,-4.58315262e-02,-1.48576608e-02,-2.76214367e-02,5.76147766e-02
3.63917469e-02,1.80425995e-03,-3.92752115e-02,-1.72091560e-02,-1.29010123e-02,-1.96182706e-02,-1.11033171e-02,-5.99699254e-03,4.69841747e-02,-7.44827490e-03,-4.03984687e-02,-3.47871205e-02,1.94440420e-02
7.42411914e-03,-1.26490135e-02,-3.69209051e-02,-2.46365932e-02,-1.70903111e-02,-8.10888441e-03,9.29335256e-03,-9.70339674e-03,5.54000681e-02,4.07756197e-03,-4.37345681e-02,-1.03515568e-02,1.46883330e-03
-2.21854390e-02,4.49358452e-03,-4.06915291e-03,2.91868530e-03,-1.73983674e-02,-1.44413197e-02,-1.42542614e-03,-4.04834042e-02,3.16524871e-02,-1.45440320e-02,-4.51607272e-02,6.91015566e-04,1.90478930e-03
-3.02676744e-02,-6.03096618e-04,-4.46838218e-03,1.67064543e-02,-4.17066196e-03,8.71018895e-03,1.96913719e-02,-1.76560726e-02,2.96448136e-02,-1.27769724e-02,-4.68858098e-02,3.70175407e-03,4.33002269e-03
-2.66654240e-02,8.62425439e-03,-9.23995228e-04,1.33743240e-02,-1.24899513e-02,1.75154450e-02,7.02876790e-03,-6.02515214e-03,4.76503318e-02,-2.32395047e-02,-1.60950784e-02,1.80259617e-02,-5.22395616e-03
-9.96401115e-03,1.22970287e-02,-6.22013309e-03,1.00374671e-02,-3.26034925e-02,-6.77738513e-03,-1.15498644e-02,-6.81161990e-03,4.90793326e-02,-3.30395740e-02,7.44743907e-03,1.21661076e-02,-2.47059644e-02
-8.53234957e-03,-3.17173470e-03,-3.09896970e-02,-8.39874858e-03,-2.62502948e-02,-1.93371675e-03,1.68273777e-02,-1.03096313e-02,2.65915039e-02,-5.81149095e-02,-5.87096949e-03,-1.85777879e-03,-3.07439573e-02
-1.52659771e-02,5.06512936e-04,-4.77137014e-03,-2.49494134e-02,-3.53833973e-02,1.58221082e-02,2.43271917e-02,3.67997966e-03,1.98331333e-02,-3.46081229e-02,2.34232563e-02,1.12103202e-02,-1.83148340e-02
-4.32808684e-03,1.28124042e-02,1.57751804e-02,-1.96728746e-02,-3.04883745e-02,2.63238365e-02,4.66148334e-02,-1.83123001e-02,-7.97040372e-04,-2.28871906e-02,-6.76430573e-03,5.40203414e-03,-1.26643397e-02
1.76408138e-03,1.62225057e-02,4.41984669e-02,-1.95800123e-02,-4.72459002e-02,4.56738989e-02,4.12283822e-02,-7.17734615e-03,7.55364157e-04,3.19073974e-03,-4.72089315e-04,-1.14951652e-02,1.39465891e-02
-1.95058451e-02,-1.33043583e-02,7.76640634e-02,-2.15446485e-02,-4.00177372e-02,7.47281854e-02,4.59711209e-02,8.24548189e-03,1.64426608e-03,7.09011692e-03,6.01680736e-03,-2.89112018e-02,2.54869733e-02
3.33240288e-04,-1.98799086e-02,8.71355949e-02,-2.85789636e-02,-4.28452758e-02,6.31539957e-02,4.98401628e-02,-2.87662440e-03,4.44191157e-03,1.80455673e-02,5.11247423e-03,-2.03273181e-02,3.25288886e-02
-3.22700406e-03,-2.64533584e-02,8.36663786e-02,-1.31726160e-02,-4.52502197e-03,7.35236298e-02,5.05708018e-02,-1.54563069e-03,-1.03768066e-02,3.85571659e-02,-7.59786501e-03,-1.57064102e-02,5.60145657e-02
1.92437382e-02,-2.63596516e-02,8.23302682e-02,-1.17831220e-02,-1.83897463e-02,7.36017239e-02,4.44514542e-02,1.18681824e-02,-4.87693529e-03,3.93227948e-02,-1.37625781e-02,-2.01038277e-02,6.29606422e-02
2.08230518e-02,-2.57169814e-02,7.54010838e-02,8.92216154e-04,-1.73586312e-02,5.19863066e-02,2.98511519e-02,9.20317538e-03,-6.62202680e-04,3.69188173e-02,2.24860163e-03,-2.76636083e-02,6.34054583e-02
2.42865418e-02,-2.34153996e-02,4.75697705e-02,1.35810456e-02,-1.34517734e-02,3.07886592e-02,1.21663569e-02,-3.97867337e-03,-5.95439420e-03,1.78177422e-02,-1.67309168e-04,-2.55153666e-02,5.89022143e-02
8.33934207e-03,-3.20139663e-02,2.38874673e-02,-1.50815343e-02,-4.04845033e-02,3.03385054e-02,3.64248278e-03,6.85831503e-03,3.16120834e-03,1.02709824e-03,1.92796767e-02,-1.66315020e-02,3.76925951e-02
5.91791918e-03,-1.52894112e-02,1.68200003e-03,-8.55737462e-03,-3.10974766e-02,9.82911772e-03,-2.23049009e-03,-1.02511315e-02,-2.74266518e-04,-4.75952074e-03,7.89881960e-03,-1.06268344e-02,2.09464152e-02
1.67641067e-02,-7.04217032e-03,-1.87272840e-03,-8.23998116e-03,-2.36418178e-02,2.89731992e-03,-1.13782751e-02,3.05990649e-03,7.89693419e-03,-6.98958017e-03,5.05022388e-03,-1.57566191e-03,8.51057760e-03
1.51174088e-02,-2.18811747e-02,4.13969815e-03,-1.14439745e-02,2.23426119e-03,7.05868895e-03,-9.27885668e-03,-2.87578454e-04,2.43205270e-02,-5.18030901e-03,2.41983278e-02,1.58044035e-02,3.89413066e-03
-2.57018312e-03,-5.46143547e-02,-8.82191180e-03,-5.56654972e-03,3.27349288e-03,5.83277579e-03,4.54469136e-03,6.01796785e-03,3.12974841e-02,-7.55851937e-03,1.85959582e-02,2.02229040e-02,-1.31427997e-02
-4.60890371e-03,-6.47051823e-02,-3.99713087e-02,-1.35627322e-02,-1.89799521e-03,-2.11359648e-02,-1.02152020e-02,-3.15077168e-02,1.63690736e-03,-2.20156112e-02,-5.10117121e-03,2.76686244e-02,-4.42896119e-02
-4.29502252e-02,-4.97850649e-02,-6.06570407e-02,9.41512776e-03,8.15555679e-03,-2.20632504e-02,2.61359207e-02,-2.01587460e-02,-2.49296417e-02,2.44119234e-02,-3.86246751e-02,4.35102720e-02,-6.04400834e-02
-1.21636056e-01,-4.87089422e-02,-4.43784557e-02,-3.47671571e-02,-1.76822025e-03,-7.54850623e-02,5.56131871e-02,1.77570405e-02,-4.21296281e-02,8.87000332e-02,-4.68315061e-02,4.58390610e-02,-4.57344219e-02
-1.21990483e-01,-9.37576999e-03,-1.27209580e-02,-3.01239699e-02,8.49466732e-03,-9.11751716e-02,7.04329343e-02,3.27952039e-02,-7.35322637e-02,1.60042082e-01,-1.81434523e-02,3.51688529e-02,-6.12506236e-02
-9.61713135e-02,3.90587165e-02,5.99595668e-03,-2.60463745e-02,-8.77968729e-03,-1.02835831e-01,7.85613912e-02,4.14005512e-02,-9.56772724e-02,1.73552784e-01,-1.58345528e-02,-1.45737615e-03,-8.06020545e-02
-1.05394122e-01,6.01273290e-02,1.85713328e-02,-2.81139019e-02,-1.23257543e-02,-8.98908140e-02,8.68883758e-02,4.66617567e-02,-8.77106932e-02,1.75855388e-01,9.38292900e-03,-8.72011431e-03,-8.14879976e-02
-6.97493050e-02,7.70429301e-02,2.62258287e-02,-1.42874854e-02,-1.15161892e-02,-8.24424531e-02,9.74414571e-02,3.67979118e-02,-6.50046986e-02,2.01677326e-01,3.38211916e-02,-5.25098859e-03,-8.29858250e-02
5.18228703e-03,9.80116810e-02,4.40443001e-03,-1.50279134e-02,-2.13074682e-02,-6.78335700e-02,8.73664118e-02,-9.54209940e-03,-5.40864278e-02,1.95047753e-01,6.93739897e-02,3.58293825e-02,-4.63740671e-02
-4.40078977e-03,5.72077379e-02,-1.95491020e-02,-1.12104334e-02,-4.36386929e-02,-3.61400825e-02,5.99357239e-02,-6.35818054e-03,-1.56227997e-02,1.64786967e-01,7.70233775e-02,4.26080892e-02,-3.31667471e-03
2.45617077e-02,3.98871572e-02,-3.32552427e-02,-3.84577139e-03,-9.87178439e-02,-2.49153383e-02,2.00589513e-02,-3.03602909e-02,4.05638961e-03,8.02817801e-02,8.02948398e-02,5.40869954e-02,1.85864813e-02
2.25778739e-02,2.72971728e-02,-6.61773096e-02,3.46469861e-02,-8.62915925e-02,1.94267329e-02,1.83788172e-02,-3.65094832e-02,1.76633061e-02,4.12090588e-02,4.83082282e-02,7.74881023e-02,4.42527200e-02
-5.07447068e-02,-4.71250247e-03,-6.12224772e-02,1.84414178e-02,-1.14765414e-01,-2.70470842e-02,-8.34143548e-03,-1.99331369e-02,1.16141317e-02,1.95164550e-02,3.26910340e-02,9.26473766e-02,5.71627820e-02
-2.91412951e-02,-1.79753858e-02,-6.21437820e-02,-1.55883650e-03,-9.04709413e-02,-2.98954761e-02,-2.33178485e-02,-1.40147229e-02,-5.46431906e-03,1.75735031e-02,2.40243271e-02,8.04220377e-02,5.63231299e-02
-8.99270109e-03,3.75024915e-02,-1.74659025e-02,8.25521900e-04,-5.51748984e-02,-4.74626304e-02,-3.74248340e-02,1.90169437e-02,-2.73573035e-02,-1.37418408e-02,2.53001326e-02,3.72879650e-02,2.37002639e-02
-2.10093943e-02,3.08734242e-02,-2.18901620e-02,-2.19414204e-02,-2.53012517e-02,-6.05806905e-02,-5.17450261e-02,2.65766196e-02,-2.56570235e-02,-4.62591569e-02,1.01719235e-02,1.50658763e-03,9.43208836e-03
-1.62999502e-02,2.70739345e-02,9.22075391e-03,-3.56164570e-02,2.47064892e-02,-3.19132502e-02,-2.90677130e-02,3.45996842e-02,-7.32051460e-04,-4.82896557e-02,1.08638612e-02,-2.90848499e-02,-4.20628648e-02
3.12231855e-02,4.50076795e-02,-2.22782060e-03,-3.74235110e-02,4.24910380e-02,-3.29266087e-02,-3.70096265e-02,-2.31119235e-02,-1.90392995e-03,-3.98919172e-02,-2.32107022e-03,-4.29721414e-02,-6.34605859e-02
4.07664753e-02,4.36926484e-02,2.79286778e-03,-5.92335328e-02,5.36139970e-02,-1.64346006e-02,-3.53622925e-02,-1.11533627e-02,2.90040382e-02,-4.49395289e-02,-7.59638596e-03,-4.59011148e-02,-5.27772026e-02
9.73890658e-03,1.79422332e-02,1.33858038e-02,-8.13395787e-02,2.81227540e-02,-1.42277098e-02,-4.42263531e-02,-9.63530874e-03,4.72334609e-02,-5.17031852e-02,-4.12380859e-03,-3.54030776e-02,-3.38951956e-02
1.68643301e-02,-9.25920205e-03,9.20293508e-03,-1.02356485e-01,2.26445748e-02,-4.89081290e-03,-4.95111162e-02,-9.18502944e-03,5.47642050e-02,-5.28382646e-02,-2.30575441e-02,-3.94865899e-02,-9.03008955e-03
-8.45218829e-03,-3.68847246e-02,2.68607545e-02,-1.09427216e-01,1.61680938e-02,-1.28687048e-02,-4.66154370e-02,8.62485898e-03,5.91844533e-02,-5.10889324e-02,-1.62051316e-02,-3.05673946e-02,8.48363970e-03
3.03072667e-02,-4.06093819e-02,2.15369408e-02,-7.62384890e-02,2.11133113e-02,-3.01189659e-02,-3.65135042e-02,2.30995097e-02,3.99432997e-02,-5.48760642e-02,-3.53660768e-02,-2.31597181e-02,2.62749163e-02
2.02675698e-02,-2.85853976e-03,3.23222894e-02,-4.04941051e-02,4.55436690e-02,-3.97873300e-02,-3.16190335e-02,7.97932422e-02,1.86986857e-02,-5.48328933e-02,-2.18811215e-02,-2.62910512e-02,2.67542092e-02
1.72113142e-02,-1.10373503e-03,1.53328175e-02,-3.34126395e-03,3.08505501e-02,-6.16124941e-02,-4.41877610e-02,6.96355298e-02,-1.32958390e-02,-3.29834525e-02,-2.57260891e-02,-2.35310629e-02,4.04738077e-02
-1.59771650e-02,-1.59065119e-02,9.04893566e-03,1.34089291e-02,3.27399701e-02,-3.88397319e-02,-3.53450780e-02,6.20488098e-02,-2.66791031e-02,-8.64216813e-03,5.14719735e-03,6.90838479e-04,1.83273209e-02
-1.12567244e-02,-1.62564565e-02,3.90906153e-03,3.64356837e-02,2.25024853e-02,-3.66203523e-02,-3.47950240e-02,1.70441767e-02,-2.24314517e-02,2.12556293e-02,-1.84502777e-03,-4.61093944e-03,-9.74300675e-04
2.75656676e-02,1.18462116e-02,3.44507348e-02,5.24715130e-02,2.86255660e-02,-2.27884843e-02,-4.44007851e-03,-4.90938509e-03,-2.20646517e-02,1.69874950e-02,1.40328818e-02,1.54409844e-02,-1.78399651e-02
2.87115160e-02,1.83791636e-02,7.64351500e-02,8.89017369e-02,1.44773466e-02,-4.41909791e-02,-1.53440199e-02,-2.94722475e-02,-1.46352816e-02,2.69172037e-02,2.88206968e-02,2.04700490e-02,-2.00620000e-02
3.24302657e-02,3.74182267e-02,7.57117203e-02,7.13301308e-02,1.21283231e-02,-2.15507495e-02,1.06052273e-02,-2.09165874e-02,-2.67648971e-02,2.56602619e-02,3.63379969e-02,2.12420479e-02,-1.94740942e-02
2.83334848e-02,3.21824063e-02,8.37796845e-02,7.60143174e-02,1.47527860e-02,-1.47974493e-02,8.11416283e-04,-4.46928867e-02,-6.57115449e-03,3.27481219e-02,3.17667434e-02,-8.73923273e-04,-1.14133098e-02
5.38582917e-02,4.64934815e-02,6.95742557e-02,5.34672291e-02,2.05180208e-02,2.76120454e-03,5.01205768e-03,-2.82535503e-02,-1.52023576e-02,-3.25679843e-03,4.55449974e-02,-8.22879766e-03,-1.67943798e-02
4.63262766e-02,4.29033154e-02,2.89464290e-02,4.94962913e-02,5.07734203e-02,2.88881648e-02,1.00677435e-02,1.23495912e-02,2.06085890e-03,-1.76605315e-02,2.83995538e-02,-3.07440805e-02,1.18468296e-02
4.61623448e-02,4.53932700e-02,2.49725484e-02,3.06610131e-02,4.09294258e-02,5.59071595e-02,5.20498816e-04,8.79872195e-03,7.14692168e-03,-2.46873615e-02,3.27098141e-03,-4.21683136e-02,4.33379539e-02
-5.49873549e-03,-1.83921741e-02,1.10908749e-03,1.09534852e-02,1.36691497e-02,6.18381712e-02,-2.30992453e-02,-5.68755881e-03,3.97237703e-02,2.54406232e-03,-1.23686737e-02,-2.33273650e-02,3.97332671e-02
-8.79172967e-03,-3.06895838e-02,-1.72453674e-02,-3.25242260e-02,3.43720200e-03,9.11363612e-02,-3.04794047e-02,-1.62681619e-02,5.46484806e-02,5.74253441e-03,-2.11903902e-02,-5.07341984e-03,1.26810618e-02
-2.54288564e-02,-5.15211122e-02,-7.39043154e-02,-7.29245151e-02,-8.64497099e-03,1.01477720e-01,-4.79382287e-02,-5.88736733e-02,3.91798650e-02,-3.30029299e-02,-3.93606197e-02,2.27019135e-02,7.60033807e-03
1.78475221e-03,-3.25927792e-02,-6.40602810e-02,-3.68922614e-02,5.64395302e-04,7.50178163e-02,-7.43655463e-02,-6.58713768e-02,4.60164815e-02,-5.93285292e-02,-5.44222084e-02,3.10390333e-02,1.55469574e-02
-1.71837848e-02,-1.79724579e-02,-6.15089031e-02,-2.42258165e-02,-6.27389812e-04,7.40594059e-02,-3.48860875e-02,-1.28258063e-02,4.00682626e-02,-8.11677119e-02,-6.77655947e-02,2.05105836e-02,4.89609502e-03
-9.04300399e-03,-2.14367578e-02,-4.90543138e-02,1.68478878e-02,-8.01625519e-03,2.18185593e-02,-4.51234201e-02,-2.75884269e-02,3.80462340e-02,-6.09447387e-02,-5.19338217e-02,2.13268179e-03,-1.37117201e-02
-1.33515701e-02,-3.78896159e-03,-6.11791856e-02,3.80335572e-02,1.59144542e-02,8.91236321e-03,-1.62420460e-02,1.17856337e-02,1.99236543e-02,-8.41092685e-02,-1.80606455e-02,-1.40009957e-02,-3.71956563e-02
-3.97758927e-03,-1.76292688e-03,-6.50745024e-02,6.76803348e-02,2.34661399e-03,-1.88909905e-02,-7.16893589e-03,2.49769303e-02,2.86402810e-03,-8.55476598e-02,-1.88130286e-04,-3.23427371e-02,-4.04696257e-02
-1.15693631e-02,-2.28926264e-03,-3.85020715e-02,6.72384368e-02,-4.79720363e-04,-1.04270691e-02,2.30560070e-02,3.96631805e-02,2.01214546e-03,-8.20584619e-02,-1.68278025e-04,-3.73628888e-02,-1.49302267e-02
-8.08939288e-03,-2.98148446e-02,-2.33863797e-02,4.43467612e-02,-4.67828312e-02,-4.82482048e-02,2.50229558e-02,1.79587594e-02,2.25260097e-02,-4.80491834e-02,-2.20650864e-02,-2.21898800e-02,-4.31993148e-03
9.04509100e-03,-3.13522973e-02,1.00816596e-02,4.14251169e-03,-4.58989819e-02,-2.25712857e-02,3.90201256e-02,-7.21018718e-03,1.67395040e-02,-1.15777665e-02,2.34216912e-03,1.29079936e-03,-1.72891754e-02
-7.42623362e-03,-4.49636593e-02,-3.10161225e-02,-5.23232302e-02,-6.95359434e-02,-4.18707496e-03,1.27890842e-02,-6.36798135e-02,-1.95793772e-02,-1.05890625e-02,5.54010554e-03,2.28833457e-02,-6.76878611e-03
-3.22620132e-03,-3.34194613e-02,-3.33449071e-02,-6.37416151e-02,-4.40228780e-02,1.42968879e-02,1.96404701e-03,-7.87428012e-02,-2.68583590e-02,5.64859512e-03,1.09286892e-02,4.30134841e-02,3.13933655e-02
1.56735398e-03,-2.78373757e-02,3.06158401e-03,-4.80957049e-02,-2.72369652e-02,4.06962242e-02,2.09927074e-02,-8.20281011e-02,-2.79929963e-02,1.28485194e-02,-6.76278387e-03,2.78172975e-02,3.28783597e-02
2.07283332e-02,-3.74243041e-02,3.16333643e-02,-5.11651964e-02,-2.62639311e-02,2.61324493e-02,-9.23696923e-04,-9.18954237e-02,-3.72839194e-02,2.33679867e-02,6.88162927e-03,2.33249722e-02,2.93000416e-02
1.38113664e-02,-2.60657894e-02,5.43656661e-02,-2.09963448e-02,-1.99473293e-03,3.48340446e-02,2.87419596e-02,-6.82264197e-02,-2.59080898e-02,1.15868707e-02,8.47606918e-03,-9.14282618e-03,3.14100010e-02
2.79168102e-02,-4.53001754e-03,7.80254405e-02,6.09307538e-03,-1.79950891e-02,2.27772626e-02,2.51979897e-02,-6.92756556e-02,-4.32282670e-02,-4.58457179e-03,2.23599699e-02,-3.09490190e-02,2.06772075e-02
8.88960290e-03,-2.30811407e-02,9.36398132e-02,4.42575844e-02,-1.84289965e-02,2.16607185e-02,3.55177753e-02,-2.84441015e-02,-2.71241664e-02,-3.01871872e-02,1.49328871e-02,-5.04021774e-02,-6.30349990e-04
2.11118230e-02,-1.82897917e-02,6.21591387e-02,4.48218399e-02,-3.97230760e-02,1.82222681e-02,3.20162642e-02,-2.27466380e-02,-8.71699340e-03,-2.47171151e-02,-1.64577693e-03,-4.86834267e-02,-1.16695005e-03
-6.42757846e-03,-3.04688799e-02,3.22726680e-02,6.61956098e-02,-6.81021970e-03,4.54271151e-02,1.45773364e-02,9.72686085e-03,2.62557268e-03,-3.76942069e-02,-1.90542867e-02,-6.33940286e-02,-5.39483971e-02
-1.40732637e-02,-2.90715176e-02,-1.16878556e-02,5.75784392e-02,-2.64942547e-02,3.86869221e-02,-2.82616745e-02,3.63817196e-03,8.84124724e-07,-4.65683836e-02,-3.04723617e-02,-3.56621124e-02,-3.91648759e-02
-1.23526125e-02,-2.54918043e-02,-4.07888659e-02,7.65970741e-02,9.69550005e-03,3.37348056e-02,-4.47269411e-02,1.85533937e-02,-4.84741169e-03,-2.61187232e-02,-1.77370041e-02,-1.41915872e-02,-1.73602982e-02
1.23169367e-03,-2.14221702e-02,-4.68427238e-02,7.79608190e-02,2.70440590e-02,2.18423153e-02,-5.98687751e-02,1.79763708e-02,-3.15277434e-03,-1.47125645e-02,-1.87986826e-02,1.02652453e-02,-2.72491511e-02
-1.87877716e-02,-3.19982056e-02,-5.82905569e-02,8.06429545e-02,5.11963848e-02,3.69642881e-02,-3.62405130e-02,6.93927361e-02,7.45397544e-03,-1.06816773e-02,-2.58638632e-02,2.79350943e-02,-3.20214754e-02
-7.59188270e-03,-4.90440265e-03,-3.79608520e-02,8.89798449e-02,3.33873487e-02,9.53466585e-03,-3.48166611e-02,4.27616845e-02,-5.11380486e-03,7.78117972e-05,-2.82937183e-02,3.52555120e-02,-3.22242202e-04
-3.26640700e-02,1.86891063e-02,-1.02969086e-02,7.41663509e-02,2.69698117e-02,3.12447220e-03,-2.07161143e-02,3.12394123e-02,-1.02388031e-02,-2.11564108e-02,-2.94011369e-02,3.39507747e-02,-2.62949548e-02
-3.15219062e-02,2.53692794e-02,1.56247719e-02,6.83739691e-02,3.29451008e-02,-2.26479473e-02,-1.03666737e-03,2.73358386e-02,8.55814593e-03,-2.51969304e-02,-6.74087315e-04,5.36852254e-02,-2.77475677e-02
-2.62473318e-02,2.29233584e-02,6.00966857e-03,1.68778915e-02,1.14942728e-02,-2.79220441e-02,1.70045533e-02,-1.11314857e-02,3.64671781e-03,-1.52650536e-02,2.79194817e-02,4.79085636e-02,-1.38994706e-02
-6.97286937e-02,-3.54631905e-03,-3.22694863e-02,-2.54696507e-02,9.74417658e-03,-3.45278756e-02,-6.31764913e-03,-2.53099118e-02,-1.23684724e-02,-4.35408185e-02,2.23770202e-02,3.41384066e-02,-5.84615557e-02
-7.14814846e-02,-4.81823592e-04,-2.65644794e-02,-4.97634810e-02,-7.18558789e-03,-4.20113312e-02,-2.11897222e-02,-4.06315664e-02,5.56713538e-03,-2.90346152e-02,2.22018591e-02,5.74225340e-02,-3.26365316e-02
-1.98634202e-02,1.06013188e-02,-2.48275371e-02,-6.48638685e-02,1.34854949e-02,-5.91239169e-02,-4.37432039e-02,-4.38604614e-02,6.41580388e-03,-2.26903496e-02,4.68446150e-02,4.87506958e-02,-1.39043442e-02
-1.65081268e-02,2.20339949e-02,-1.66606858e-03,-6.74159054e-02,3.07983035e-02,-6.81176414e-02,-7.15598671e-02,-6.25495340e-02,1.81194494e-02,-3.08590899e-02,4.35072223e-02,4.54941609e-02,-3.30772786e-02
-2.68013636e-02,1.82298915e-02,-1.30462006e-02,-5.85590912e-02,6.37065206e-02,-7.13007923e-03,-1.61307236e-02,-1.77858411e-02,3.07027055e-02,5.59016960e-03,4.41113425e-02,3.23485336e-02,-2.79977550e-02
1.84067549e-02,5.21033928e-02,-1.56685748e-02,-5.63318152e-02,5.81512616e-02,5.05508098e-03,-2.11545116e-02,-3.21187890e-02,1.21561542e-02,3.03233111e-02,5.32624900e-02,1.83406319e-02,-1.40854131e-02
1.73193792e-03,6.66978035e-02,-2.08259970e-03,-4.72556019e-02,4.80809676e-02,2.92569125e-02,-1.55845672e-02,4.10503490e-04,3.38452077e-02,2.40302244e-02,3.80499234e-02,-1.13730661e-02,-4.15703937e-02
2.21564557e-02,5.71671166e-02,-1.76568383e-03,-1.58935442e-02,4.99190491e-02,4.08027384e-02,3.73855587e-02,1.60704117e-02,5.42555050e-02,5.83369882e-02,5.30902825e-02,-2.39646366e-02,-4.37783902e-02
3.14862190e-02,2.87006083e-02,4.66763623e-03,-3.82556869e-02,3.00186278e-02,3.12514012e-02,2.90272456e-02,-6.70024028e-03,3.34901132e-02,5.20617775e-02,4.83598793e-02,-4.05681646e-02,-5.27732165e-02
2.16027633e-02,1.64841394e-02,7.58559111e-03,-4.43006875e-02,-1.13713594e-02,3.65651647e-02,7.56563127e-03,-1.44137508e-02,-1.07497387e-02,3.02742483e-02,3.07628180e-02,-4.04121711e-02,-4.76892397e-02
2.49255229e-02,5.91584660e-03,8.12296524e-03,-2.65380853e-02,-3.60459193e-02,4.70439776e-02,3.32249928e-02,-6.93478029e-03,-1.10214433e-02,5.26425206e-02,-4.85666460e-03,-5.35396989e-02,-2.87734619e-02
4.50399023e-02,-6.07039840e-03,-4.58333041e-03,-6.84240748e-02,-6.43406676e-02,3.59403915e-02,2.08981648e-02,-4.42272025e-03,-2.05656274e-02,3.90412113e-02,-4.68388441e-03,-5.24230632e-02,-4.56687234e-03
-1.55253562e-02,-5.48958127e-02,-9.40463765e-03,-6.92103707e-02,-7.55155420e-02,-1.51533359e-02,-3.58731623e-03,-2.17366302e-02,-2.02818286e-02,1.93674066e-02,-1.07504964e-03,-4.93029327e-02,4.88816648e-03
-1.11523788e-02,-6.88567540e-02,-2.94987578e-02,-2.45204297e-02,-3.71241947e-02,-2.02689115e-03,6.77515418e-02,1.17289160e-03,-3.01624293e-02,4.69448743e-02,-1.87330045e-03,-4.04279118e-02,2.64716892e-02
2.47795093e-03,-6.40582860e-02,-3.55171672e-02,-3.69604723e-03,-1.85304571e-02,-1.40298958e-02,4.14316184e-02,-1.30069807e-02,-5.56751807e-02,3.67393222e-02,-2.61151094e-03,-2.62810552e-02,3.90343709e-03
-5.49781337e-04,-5.33800387e-02,-2.88839180e-02,1.90915688e-02,-1.22781915e-02,-2.59186898e-02,2.00189079e-02,-4.12984973e-03,-4.61111290e-02,2.04989067e-02,-8.35468663e-03,5.23441241e-03,1.86767051e-02
2.24190418e-02,-6.15309670e-02,-2.97619341e-02,6.19806204e-02,4.10560344e-03,-2.97426041e-02,4.06143202e-02,4.17457953e-03,-3.44334518e-02,2.73573473e-02,-3.52594114e-02,-2.08736209e-03,1.34505706e-02
2.83363824e-02,-8.01444613e-02,4.83221690e-04,8.00409035e-02,8.40563953e-03,-4.37139628e-02,1.13427800e-02,-1.29990792e-02,-2.51473669e-02,1.74458506e-02,-3.67793727e-02,2.30213471e-02,-2.10026922e-03
1.52430830e-03,-6.35816848e-02,9.82412752e-03,6.83816827e-02,-1.11887007e-02,-3.80435866e-02,-2.61785789e-02,2.67394575e-02,-2.10282607e-02,-2.08171171e-03,-2.40414023e-02,4.70884488e-02,2.00716406e-02
-7.47911712e-03,-1.99483391e-02,4.05841982e-02,7.98059771e-02,1.82280397e-02,1.21107301e-02,-2.04002798e-03,5.26005606e-02,6.55557992e-03,2.34684296e-02,-1.22682281e-02,2.83526048e-02,4.34030320e-02
-3.50333955e-03,-1.34133828e-02,6.69726350e-03,4.36128829e-02,8.32233278e-03,4.67632668e-02,-1.44293089e-02,8.54648950e-02,8.86181559e-03,-2.03431076e-02,-7.78509960e-03,3.65605206e-02,7.82155511e-02
-1.27619299e-02,-1.20774438e-02,9.43462527e-03,2.80591606e-02,6.43406898e-04,2.88989973e-02,-5.82576309e-02,8.61242404e-02,1.75545239e-02,-6.23284968e-02,1.05306408e-02,3.51346418e-02,9.44684896e-02
1.35557321e-02,-4.07697818e-03,2.38668473e-03,1.66012679e-02,1.57438354e-02,3.42319364e-02,-1.06607553e-02,1.10563898e-01,3.34050333e-02,-6.92860931e-02,3.03071414e-03,5.31029873e-03,9.57945463e-02
3.48609090e-02,-1.67255545e-03,-2.37163602e-02,-1.49808038e-02,8.05304958e-03,3.11869020e-02,-2.94373240e-02,9.13590112e-02,1.62732611e-02,-1.00427384e-01,-5.81154594e-03,1.51742843e-02,8.64867178e-02
3.07386781e-02,1.34840632e-02,-1.66763978e-02,-1.99696927e-02,-6.07939387e-03,2.79231532e-03,-2.35159900e-02,6.31745506e-02,1.19531252e-02,-1.04769472e-01,-1.34420214e-02,1.42769698e-02,8.39827798e-02
3.78027667e-02,2.10768467e-02,-1.82306210e-02,-2.85205686e-02,-4.53897039e-03,-1.06494239e-02,-1.40469745e-02,3.39939679e-02,2.43948051e-03,-9.99106793e-02,-5.40805492e-02,-2.82622482e-02,5.68334467e-02
3.75385468e-02,2.69318906e-02,1.68761565e-02,3.67336809e-03,6.61132899e-03,-1.74825036e-02,-1.04971509e-02,-2.30239805e-03,-1.00505120e-03,-6.93228072e-02,-5.29814780e-02,-2.57740725e-02,1.55810053e-02
-1.34225267e-02,3.08427677e-02,8.50844437e-03,-2.25910895e-02,-2.37004608e-02,-6.10910093e-02,-3.18199745e-02,-1.70817951e-02,-8.70399618e-03,-3.54430518e-02,-5.25728017e-02,-2.51825633e-02,2.09726585e-03
-3.03956779e-02,5.31215404e-02,2.80801029e-02,-3.40400373e-02,1.64612561e-03,-1.47462936e-02,-5.28078492e-03,-2.63473402e-02,6.86970661e-04,1.09179730e-02,-1.66306193e-02,-3.50666086e-02,-3.65702932e-03
-6.82410883e-02,1.09832388e-02,-8.22484530e-03,-4.98347962e-02,2.92180510e-03,-1.20383968e-02,-1.30404090e-02,-2.65502412e-02,-5.45590942e-03,1.85598750e-02,-3.46553858e-03,-2.57686926e-02,-4.42787196e-04
-3.47821093e-02,1.69289656e-02,-2.05694845e-06,-1.20323867e-02,1.29898375e-02,-8.76512103e-03,-5.39682734e-03,-2.24648420e-02,4.62415753e-05,2.27040799e-02,3.45050512e-03,-1.82514012e-02,5.42182341e-03
-4.48462400e-02,6.33403119e-03,5.32105333e-03,-5.25287438e-03,1.14833226e-02,-1.10469622e-02,-8.85096620e-03,-3.76795842e-02,-1.50566652e-02,2.17813636e-02,-1.19502104e-02,-3.95753961e-02,-1.83980109e-02
-1.61607904e-03,1.46934421e-02,-5.62927145e-03,-1.64662961e-02,1.11816495e-02,9.45195911e-03,-1.12681376e-02,-2.89312483e-02,-5.28813839e-03,8.59455393e-03,-1.01473323e-02,-5.60236439e-03,8.13962015e-04
2.87092868e-04,2.00623382e-02,8.08104912e-03,-2.53586297e-03,1.31412436e-02,1.88973755e-02,2.56678994e-02,-1.30121532e-02,5.04051999e-03,1.51880479e-03,-2.85960382e-02,1.99149301e-04,1.30156203e-02
1.41319995e-02,3.45654685e-02,2.51518208e-02,-2.10144388e-02,1.01840843e-03,2.00790613e-02,2.91274292e-02,-2.35671793e-02,3.62792325e-03,-1.41413878e-02,-2.90053608e-02,-1.48059220e-02,2.54786320e-02
5.46731280e-03,3.05251065e-02,3.34696358e-02,-9.31208621e-03,2.21719856e-02,4.60365498e-02,5.80404717e-02,3.16741173e-03,2.22947988e-02,-1.54970250e-02,-3.25156828e-02,-7.59507829e-03,3.95235915e-02
1.45699936e-03,3.68373521e-02,3.37414693e-02,-2.30521497e-02,-2.08818604e-03,6.62402683e-03,3.60034636e-02,-1.63298233e-02,1.52588153e-02,1.48500852e-02,-3.73509098e-02,-8.42335912e-03,3.40148677e-02
1.41843275e-02,3.16954549e-02,2.19357685e-02,-5.06619571e-02,-1.59623560e-02,2.14264035e-02,1.64316777e-02,-6.18780597e-04,1.48135678e-02,-7.55563664e-03,-3.35476139e-02,-1.88151611e-02,2.38745638e-02
1.81679391e-02,1.31052723e-02,2.94772655e-02,-7.42825742e-02,-2.52872793e-02,3.82690000e-02,1.77593145e-03,-2.48832625e-03,3.03392949e-02,-1.00148903e-02,-2.40706968e-02,-1.96077360e-02,1.48170146e-02
3.43622695e-02,2.39421257e-03,1.05470898e-02,-5.97001908e-02,-3.33317662e-02,3.33786558e-02,1.73468588e-02,-4.51382948e-03,4.90136180e-02,8.04527553e-03,-1.80579861e-02,-2.84382974e-02,2.86810917e-02
7.14194029e-03,-2.02767260e-02,-1.99930088e-02,-7.53798572e-02,-5.23411721e-02,2.40444241e-02,-8.89181578e-03,-2.74313773e-02,2.00242777e-02,-9.54918488e-03,-3.46389729e-02,-4.44925438e-02,1.56715253e-02
2.80450869e-02,6.92569841e-03,3.88632760e-04,-4.92279383e-02,-4.01996813e-02,3.97863122e-02,-1.47281735e-02,-1.91839211e-02,2.38934422e-02,1.41547574e-02,5.63762137e-03,-2.93573553e-02,1.77642171e-02
1.98789488e-02,-1.04073245e-02,-3.09803005e-02,-1.56022664e-02,-1.89241207e-02,5.07386331e-02,1.50416804e-02,8.16158422e-03,2.06035598e-02,1.50518109e-02,-2.48803290e-02,-4.11595135e-02,6.23417193e-03
1.68417636e-02,-1.93156409e-02,-1.01974609e-02,-2.55979628e-02,-2.51715695e-02,3.02847370e-02,-8.45094607e-03,-1.37336852e-02,-5.73010621e-03,8.86439618e-03,3.33988540e-03,-3.84126599e-02,-3.75967947e-04
1.29210663e-02,-3.61585417e-02,-5.31226099e-03,2.49285081e-02,1.77039954e-02,5.68335475e-02,1.82829761e-02,2.90143913e-03,-3.30796462e-03,4.35418031e-03,3.94103138e-04,-2.26791788e-02,3.84234059e-03
1.53748082e-02,-2.42407748e-02,-9.16514635e-03,3.93009620e-02,4.12809912e-02,-3.74765641e-03,3.13085736e-02,-8.35930403e-03,-2.51010180e-02,3.76003100e-02,-2.09788614e-02,1.59878951e-02,-6.20702524e-03
-2.10392863e-02,-9.01962863e-03,2.69083239e-02,7.26606737e-02,8.22582822e-02,1.44518495e-02,1.32734967e-02,3.71959361e-02,-1.99869195e-02,5.43666044e-02,-7.87619588e-04,4.00710948e-02,-5.68085510e-02
-1.09896415e-02,1.29035307e-02,4.93067304e-02,7.75959911e-02,6.58022033e-02,1.95821966e-02,2.39094825e-02,6.26947834e-02,-1.70397483e-02,5.13194321e-02,9.33856694e-03,6.03199123e-02,-7.39317464e-02
-1.72346800e-02,4.95197574e-02,7.92878369e-02,1.20146867e-01,1.08860897e-01,4.70244945e-02,4.37731225e-02,7.51261825e-02,-4.79805104e-03,8.66692197e-02,2.08126060e-02,7.38292340e-02,-6.14974018e-02
-2.78629403e-02,5.72856943e-02,1.00136820e-01,1.18182540e-01,9.17847790e-02,5.43862835e-02,6.05259992e-02,7.26824786e-02,-2.59039282e-02,9.17515814e-02,5.26030713e-02,9.44218109e-02,-5.34067575e-02
-4.80460143e-02,9.60343337e-02,1.25570523e-01,1.23882521e-01,1.02575037e-01,7.74247791e-02,7.37091510e-02,9.57935759e-02,-1.68587675e-02,1.00352987e-01,1.15301253e-01,9.12001504e-02,-5.86694120e-02
-3.76829065e-02,1.00809540e-01,1.20881132e-01,1.32639430e-01,8.20366366e-02,7.76783659e-02,7.59520685e-02,1.30392660e-01,8.28981550e-03,9.82623054e-02,8.24412499e-02,4.94100352e-02,-5.46547796e-02
2.07079527e-02,9.46724932e-02,1.16185509e-01,9.70640004e-02,2.80629208e-02,6.95340996e-02,8.84297588e-02,1.21458502e-01,-1.45020761e-02,5.08923249e-02,7.72650778e-02,2.08497946e-02,-3.54592780e-02
4.55711723e-02,5.50543613e-02,7.40795695e-02,9.87524779e-02,1.81544298e-02,6.60636952e-02,9.87023642e-02,9.37382471e-02,-2.94774531e-02,3.07122372e-02,8.64268439e-02,2.72668033e-03,-4.40624368e-02
8.02759480e-02,2.86179000e-02,2.23125541e-04,5.02947624e-02,-1.45405984e-02,-9.72440776e-03,7.68949678e-02,3.93851637e-02,-5.55938741e-02,-7.97397193e-03,6.00970535e-02,1.03714422e-02,-9.08427508e-03
6.29755737e-02,3.49996022e-02,8.73633602e-03,7.16071636e-02,3.89741467e-02,2.04076736e-03,7.86632845e-02,4.17047945e-02,-6.44715805e-02,-3.28799701e-02,1.36710442e-02,-6.35467121e-03,-8.85799926e-03
1.03907717e-01,2.03282370e-02,-1.53857029e-02,4.24455966e-02,7.37553883e-03,-4.70042409e-02,5.92344774e-02,2.19647290e-02,-9.72265858e-02,-5.63372489e-02,-1.51937064e-02,-5.48869248e-03,-2.39544750e-02
1.02753185e-01,1.83003693e-02,-2.20382807e-02,3.54252209e-02,5.12644724e-02,-4.46989528e-02,2.30196416e-02,-1.21520651e-02,-1.06300688e-01,-6.52396223e-02,-6.06325345e-02,-1.96102531e-02,-3.11366317e-02
9.66590116e-02,4.87846543e-03,-1.89657418e-02,6.15848718e-03,2.53528181e-02,-4.02169534e-02,1.54092029e-03,-5.49524471e-02,-1.09162982e-01,-2.54326052e-02,-1.08547424e-02,-1.00331095e-03,-1.55952813e-02
5.44415739e-02,3.69166716e-03,-5.68374861e-02,-2.07048258e-02,3.59429350e-02,-1.70756694e-02,2.47459252e-03,-6.97481301e-02,-7.77295157e-02,-1.87339445e-02,1.13228500e-02,-1.70602097e-02,-1.96675353e-02
3.94918438e-02,9.21619428e-03,-5.92111431e-03,-1.19902601e-02,3.42403567e-02,-9.56800258e-03,-3.60845138e-02,-6.51610594e-02,-1.13265924e-02,1.04493402e-02,-1.47687922e-02,-2.99123984e-02,-1.83008798e-02
6.86772313e-02,-2.73094916e-03,4.12566173e-02,3.23103423e-03,4.18882821e-02,1.48495874e-02,-2.18378854e-02,-4.75369535e-02,5.44714785e-03,2.68344137e-04,-3.77380468e-02,-2.10660088e-02,5.18537449e-03
4.13575447e-02,-2.52598247e-02,2.97303136e-02,1.38937403e-02,4.53526193e-02,2.85161457e-02,-3.88372756e-03,-6.08404115e-02,1.79752189e-02,5.59558616e-02,-6.86955717e-03,-1.56527591e-02,-1.44886596e-03
3.00573072e-02,-3.81633355e-02,-4.13436312e-03,2.90294293e-02,1.87907187e-02,1.88625139e-02,-3.38710445e-02,-6.75626566e-02,4.92576030e-02,4.01355665e-02,1.91967280e-02,-1.13979658e-02,2.12524292e-02
3.25422467e-02,1.79528231e-02,1.80044938e-02,6.16859690e-02,2.78840504e-02,2.14454354e-02,4.36481319e-03,-3.44174608e-02,5.04088790e-02,2.25099292e-02,-1.34520054e-02,-3.15492987e-02,5.13464256e-02
5.11648542e-02,1.25153802e-02,4.72015874e-02,8.10147167e-02,2.09591276e-02,1.76963205e-03,1.93439057e-02,-2.86893582e-02,3.38690668e-02,3.50609492e-02,-1.54337090e-02,1.28182304e-03,3.89392257e-02
2.18022586e-04,-2.47434067e-02,4.62928629e-02,6.60501097e-02,2.32023960e-02,-7.67468510e-03,1.42887706e-02,-2.30202504e-02,5.85203663e-03,-1.39534811e-02,-4.80845568e-02,4.69765349e-03,1.42650912e-02
-1.59453518e-02,-5.74337327e-03,6.41231848e-02,4.78485207e-02,-1.41196910e-02,1.99488314e-03,-1.47994832e-02,-1.48792484e-02,1.45496464e-02,-5.48519291e-03,-2.97146062e-02,1.27022755e-03,2.42055904e-02
-2.59149997e-02,1.05372195e-02,5.27236892e-02,1.28949201e-02,-5.49700115e-02,1.24940234e-02,1.61915957e-02,2.75509892e-02,1.36744598e-02,-3.87579896e-02,-4.15858226e-02,-1.49856816e-02,3.02904051e-02
-7.06664496e-02,2.24858418e-02,7.69006031e-02,7.02420324e-03,-7.67536147e-02,1.52878118e-03,5.11078050e-03,3.38974533e-02,5.64694207e-03,-6.68883059e-02,-6.06691541e-02,-1.24724093e-02,2.28258402e-03
-8.64937573e-02,-2.56303155e-02,6.42152393e-02,-2.45779751e-03,-6.58414884e-02,1.85834840e-03,9.43545897e-03,6.06732187e-02,-1.64751266e-02,-6.30535292e-02,-5.33774189e-02,3.06755633e-02,4.32425475e-03
-9.14155127e-02,-1.26576381e-02,3.71435297e-02,-1.41637872e-02,-4.40453350e-02,3.78706656e-03,1.49574692e-02,5.22223446e-02,-3.61342675e-02,-3.42926547e-02,-1.58520107e-02,2.38158976e-02,9.17244806e-03
-8.74841690e-02,-1.22245712e-02,-2.83290529e-03,2.23415695e-02,-1.10236280e-02,-1.50978400e-02,7.86617349e-03,4.31756000e-02,-5.71691801e-03,-3.65704597e-02,-3.17943789e-02,2.73579107e-03,-4.01430813e-03
-7.42802872e-03,3.70669680e-02,-3.92408639e-02,5.03560206e-02,-1.68302151e-03,-4.10451337e-02,2.09467826e-02,6.86148125e-02,-1.15315766e-02,-2.78559808e-02,-1.31305705e-02,-1.48390319e-02,1.35521514e-02
-3.67132415e-02,8.46909332e-03,-5.65063617e-02,4.26670756e-02,1.53032361e-02,-7.19812765e-02,-2.66819033e-02,1.52731544e-02,2.49227287e-02,5.10667203e-02,4.59841072e-02,1.46164332e-02,1.27806887e-02
-5.06301151e-02,2.47080269e-03,-8.93935317e-02,2.66720625e-02,2.01908768e-02,-8.00421601e-02,-2.73575222e-02,-2.12674860e-02,1.49482401e-02,2.92757287e-02,1.85519630e-02,5.68719028e-03,-1.90925441e-02
-5.20922004e-02,3.35460110e-02,-6.23647566e-02,2.29791413e-02,3.48045732e-02,-2.40857349e-02,-5.35787555e-03,-3.25556550e-02,6.11098357e-02,6.21546943e-02,-3.79486490e-02,-2.08297918e-02,-2.18201127e-02
-2.47513576e-02,7.59359337e-02,-4.54956817e-02,-8.55547508e-04,3.21539610e-04,-1.31164191e-02,3.51210730e-02,-1.42668054e-02,5.96823762e-02,6.92893233e-02,-5.54790128e-02,-2.14293725e-02,-2.30479243e-02
-7.10244794e-02,6.09805925e-02,-3.69722139e-02,-6.74716386e-02,-2.95204275e-02,1.17709367e-02,5.13796751e-02,-3.85257837e-02,4.05771215e-02,5.86095780e-02,-5.89650587e-02,-2.64204628e-02,-6.78160149e-02
-8.51334607e-02,4.06229216e-02,-5.19486912e-02,-1.18492124e-01,-4.43095894e-02,4.91830042e-02,1.08250913e-01,-6.51463588e-04,8.66148473e-03,6.69020636e-02,-7.51057461e-03,1.48307104e-02,-8.63971368e-02
-4.82432259e-02,7.94058621e-02,-1.01490450e-02,-1.29093100e-01,-3.56115640e-02,6.99752768e-02,1.01210430e-01,4.80610481e-03,-3.09257268e-03,7.87154279e-02,8.87552797e-03,9.00551810e-03,-8.97308035e-02
-5.48389971e-02,5.74407221e-02,-1.48690054e-02,-1.35910460e-01,-2.10853551e-02,7.30828997e-02,1.15892171e-01,2.36900623e-02,7.28403935e-03,5.70214666e-02,-2.05219147e-02,-7.55017254e-04,-9.65313004e-02
-1.47409065e-02,3.05977995e-02,-3.20279997e-02,-6.70219492e-02,2.68619597e-03,7.90235895e-02,1.13087868e-01,4.73645239e-02,1.10216954e-03,2.74740680e-02,-3.04179733e-02,1.21818500e-02,-5.43687021e-02
-2.60428922e-02,-4.81066538e-03,-2.17938964e-02,-3.97944125e-02,4.25525745e-03,3.42244721e-02,1.88856108e-02,2.47486942e-02,1.60485238e-02,6.85703473e-02,3.29871855e-02,4.20030344e-02,-1.87744173e-02
-2.02155328e-02,-1.46847649e-02,-3.79340814e-02,-3.19781528e-02,1.48483227e-02,1.81280566e-02,-1.98841422e-02,1.15879971e-02,-7.05386080e-04,3.37777603e-02,3.49794824e-02,1.09850125e-02,-3.39809930e-02
5.69598435e-03,7.39500772e-03,-8.90756962e-03,1.77431804e-02,3.22626424e-02,8.73810687e-03,-2.03480636e-02,1.89048516e-02,1.54239814e-02,3.62565128e-02,-3.27341176e-03,-1.55418533e-02,-1.40673654e-03
3.64195251e-02,3.37635294e-02,-4.08235517e-03,5.57542065e-02,2.49582659e-02,-3.23730694e-02,-1.91574085e-02,1.67200314e-02,-1.38424523e-02,2.80331960e-02,9.77504472e-03,-5.39239565e-03,2.03846810e-02
1.34306298e-02,-2.38577312e-02,-3.13156666e-02,1.38117493e-02,-3.16093729e-03,-5.28972356e-02,-5.82098814e-02,-4.31234877e-02,-3.17626613e-02,1.54236320e-02,6.18201778e-03,-2.07795488e-02,2.00369536e-02
2.99384933e-02,-8.28962303e-03,-2.57914461e-02,1.79470404e-02,2.00690490e-02,-4.39908258e-02,-1.56597018e-02,-1.24585116e-02,-4.99427259e-02,5.45124159e-04,4.79464061e-02,-1.86127959e-02,9.19605267e-03
8.72559088e-02,1.56767916e-02,1.16407926e-02,1.40478296e-02,2.22559348e-02,-3.08187093e-02,-2.28486388e-02,-1.70539859e-02,-3.95088349e-02,3.99190565e-03,5.10361215e-02,-1.90246579e-02,3.54998903e-03
5.48433088e-02,1.79804771e-02,1.52797221e-02,-3.07173121e-02,2.16907605e-02,-3.40241847e-02,-2.23740171e-02,-2.56767272e-02,-3.93892616e-02,-1.88496266e-02,5.45567809e-02,-5.06085626e-03,2.64576580e-02
4.18132146e-02,-4.00027644e-02,-9.29622149e-03,-2.22291892e-02,2.95457592e-02,-2.27292800e-02,-1.94746575e-02,-2.29377443e-02,1.53849026e-02,-2.03260076e-02,1.22583994e-02,2.73745635e-03,3.99749667e-02
5.94749560e-02,-3.66262828e-02,8.83848925e-03,-5.81746229e-06,1.73456847e-03,-2.46050167e-02,-3.00990358e-02,-1.77771906e-02,2.79346920e-02,-1.20131887e-02,2.04361824e-02,4.21014603e-02,3.97807186e-02
7.02719583e-02,-6.82712444e-02,-5.33493531e-03,-2.80343408e-02,1.05068937e-03,9.64721073e-03,3.30481100e-03,-2.55233770e-02,4.62574342e-02,-2.33217257e-02,-9.99253046e-03,1.86064436e-02,-6.97536455e-03
9.14362606e-02,-2.19016323e-02,2.19401061e-02,-8.88385160e-03,-1.81013499e-02,-1.53788401e-02,1.60500439e-02,-1.61732409e-02,5.18872962e-02,-1.21979678e-02,-1.50872206e-02,1.22033094e-02,-2.46054263e-02
8.14448388e-02,-7.13521150e-03,3.65937741e-03,-1.47057684e-02,-1.80017715e-02,-1.28132687e-02,4.39914991e-02,3.38094048e-02,4.50309363e-02,-3.94949945e-03,2.20062101e-03,2.48265904e-02,-3.39928025e-02
5.26886237e-02,-1.64503383e-02,-3.21451084e-02,-2.91214751e-02,-3.27976966e-02,-2.37236634e-02,1.29780063e-02,1.47407139e-03,1.88260095e-03,-9.27739500e-03,-6.03610139e-03,9.94528694e-03,-2.95375107e-02
5.08678280e-02,-7.67331964e-03,-2.36717034e-02,1.52668769e-02,-7.75150284e-03,-4.33457670e-02,1.16057264e-03,3.99310322e-02,1.59792211e-03,1.19952320e-02,-1.27513817e-02,-1.60996492e-02,-4.80344226e-02
5.24128542e-02,1.75722118e-02,-9.82047732e-03,5.13947655e-02,1.36801740e-02,-2.95874892e-02,2.40025281e-02,7.64469084e-02,-1.31958489e-02,-3.78317797e-03,-2.25076509e-03,-1.01590720e-02,-5.68307919e-02
4.20564110e-03,5.07042436e-02,1.24928744e-02,2.90775625e-02,8.97605155e-03,-2.55145912e-02,2.29710775e-02,4.98191814e-02,-4.58081322e-02,-4.87249328e-02,-6.43731054e-03,8.53127459e-03,-6.65129738e-05
-1.75403836e-02,1.73536700e-02,-1.72346224e-02,1.84652099e-02,1.99580015e-02,-5.13134278e-02,-1.77885500e-02,5.79711656e-02,6.88170490e-03,-1.67301927e-02,-4.39693336e-02,-1.28286095e-02,2.22240659e-02
-2.27779418e-02,3.11848370e-02,-2.26726597e-02,3.17704024e-02,2.26007832e-02,-2.58305505e-02,-1.66176587e-02,6.03330706e-02,5.42999934e-03,-2.34711201e-03,-2.96245217e-02,7.69587978e-03,4.38395161e-02
1.08054708e-02,1.05417803e-02,-1.21852503e-02,4.20427728e-02,3.22429928e-02,-5.55501855e-03,-7.40534871e-03,2.30456170e-02,2.27325290e-02,-6.89099345e-03,-5.95191438e-02,-1.07292145e-02,3.69023160e-02
-1.86272330e-02,1.64168604e-02,1.81678657e-02,2.09782603e-02,-3.22683002e-03,-4.51247599e-03,-4.18713498e-02,-4.42044739e-02,1.08131745e-02,-2.84782123e-02,-6.32149247e-02,6.08396286e-03,2.18728825e-02
-6.42725102e-02,1.10346127e-02,3.17704526e-02,1.31058443e-02,-2.73741838e-02,1.47622342e-02,-3.52672298e-02,-2.55633246e-02,5.56323544e-02,3.59447834e-03,-6.61321929e-02,5.32804406e-03,1.98570160e-02
-5.56912301e-02,6.60820327e-03,2.02450515e-02,4.14701823e-03,-6.56007001e-02,3.11847181e-02,-3.43746092e-02,-5.94446184e-02,3.13943119e-02,1.27114321e-02,-5.46594964e-02,2.17717467e-03,5.61604825e-03
-4.23833412e-02,-5.42973664e-02,-7.73283968e-03,-2.46445160e-03,-7.32074454e-02,3.08854214e-02,-5.95977547e-02,-7.58792456e-02,3.59101730e-02,3.92648139e-02,-3.50476134e-02,4.57548551e-04,-1.21202485e-02
-3.17809415e-02,-4.18033560e-02,4.30429426e-02,3.30343227e-02,-5.03660545e-02,4.19444375e-02,-4.95118103e-02,-6.35294782e-02,2.87545738e-02,1.01643492e-02,-8.92442118e-03,2.59416773e-02,1.22782514e-02
-4.44097226e-02,-6.19157380e-02,4.72938964e-02,9.83198347e-03,-5.21080744e-02,4.51201872e-02,-3.16393815e-02,-4.94378622e-02,1.58584576e-02,-3.53668480e-02,5.19138545e-03,3.80937931e-02,3.00247777e-02
-3.65840120e-02,-6.43575119e-02,2.80733191e-02,-2.74708180e-03,-6.51433995e-02,1.19525148e-02,-4.95867074e-02,-6.73951896e-02,1.70961925e-02,-3.24720635e-02,1.23520946e-03,5.97425280e-03,1.88475155e-02
-7.16953740e-03,-1.23609432e-02,2.46767993e-02,1.81868310e-03,-2.40804008e-02,4.04845811e-02,-1.48046986e-02,-2.22121194e-02,2.45848261e-02,-2.57983698e-02,-5.40906794e-03,-2.38761232e-02,3.37906242e-02
1.48089740e-02,4.71493037e-03,3.42153536e-02,2.66506756e-02,6.13800801e-04,1.87946165e-02,6.94493124e-03,2.50842461e-03,1.52353250e-02,-1.54312467e-02,2.02588049e-02,-3.37179953e-02,2.45713308e-02
-1.00766873e-02,5.55738651e-03,8.35426977e-03,-1.92481552e-03,-1.28888289e-02,4.61905973e-03,-4.46217948e-02,-4.06953239e-02,-2.77677402e-02,-1.90555919e-02,2.83647063e-02,-3.63818036e-02,4.84054647e-03
-7.30237867e-03,7.15427642e-02,2.43100909e-02,-1.38258193e-02,4.22343480e-04,1.40128822e-02,-2.94294433e-02,-1.57251607e-02,-1.43683713e-02,1.49115749e-02,6.77671194e-03,-6.13834924e-02,3.86268365e-03
2.41784561e-02,7.96511338e-02,3.38754958e-02,8.11396821e-04,-1.86769041e-02,8.85542531e-03,-3.07547383e-03,1.51832368e-02,-3.66031970e-02,4.78701473e-02,-1.75587417e-03,-8.19555326e-02,-3.80675370e-02
1.89212118e-02,-7.07019962e-03,-2.55251483e-02,4.96345697e-03,-1.53274798e-02,-9.42669358e-03,-1.20842667e-02,1.41447839e-03,-8.80087688e-02,7.56494235e-02,3.91606819e-03,-6.28613588e-02,-6.70569498e-02
4.50240814e-02,-1.73374231e-02,4.65647205e-03,3.46505698e-02,2.90229958e-02,1.77160243e-02,-9.35912377e-03,1.79406080e-02,-9.69232325e-02,5.43357285e-02,-4.71511170e-03,-2.70659984e-02,-1.18763635e-02
6.70107488e-02,-3.62799442e-02,-1.18135099e-02,1.81164678e-02,4.36110249e-02,1.18321549e-02,2.55360264e-03,5.23170914e-02,-6.98817571e-02,4.79765784e-02,1.59375513e-02,-1.04857139e-02,-3.25045376e-03
7.50547572e-02,-6.05073158e-02,-6.94609770e-02,-7.62845863e-03,1.33034928e-02,-2.42596702e-02,3.86112202e-02,2.72314075e-02,-7.26762538e-02,4.25851828e-02,3.44114220e-02,-2.37558572e-02,-2.55442939e-02
8.59882057e-02,-1.48492312e-02,-2.87159214e-02,6.12541166e-04,2.43477762e-02,-7.32436370e-03,5.46299313e-02,2.01873028e-02,-2.30721148e-02,3.16484339e-02,1.65458596e-02,-3.61848721e-02,-1.49197110e-02
7.25205664e-02,-2.63701346e-03,-1.31238817e-02,1.92472864e-02,2.56530678e-02,-1.27649232e-02,9.18152800e-02,1.48019895e-02,-1.45558389e-02,4.40588298e-03,4.02801044e-02,-5.48325530e-03,1.05741470e-02
7.30967683e-03,-3.17543131e-02,-3.15082382e-02,-5.78732267e-03,1.70877601e-03,-2.78998105e-02,5.93483315e-02,-2.01257446e-02,7.69222529e-03,8.20312889e-03,5.47560930e-02,2.84806913e-03,-2.02675514e-02
1.82857467e-02,2.51316795e-02,-1.58195825e-02,-3.85715828e-02,9.66045632e-03,9.15437977e-03,7.58345396e-02,-2.49494133e-02,3.33375211e-02,-1.91980458e-02,-7.76450639e-03,3.79000683e-03,-2.34671310e-02
3.16576374e-02,5.15349886e-02,2.36035496e-02,-2.39022530e-02,4.16418219e-03,1.93951438e-02,6.62095982e-02,-1.99470266e-02,4.30124315e-02,-8.95573391e-03,-5.50422407e-03,1.85969646e-02,-4.17764181e-02
-2.67262387e-02,-2.03004176e-02,3.30008326e-03,-3.61744639e-02,-1.16882112e-02,-1.75201659e-02,2.29794348e-02,-4.13987352e-02,2.66098135e-03,3.38657681e-03,1.60809734e-02,7.85660416e-02,-6.61356408e-02
-4.62544743e-02,-2.78482169e-02,1.24927453e-02,-9.81913514e-03,2.12147537e-02,1.02204287e-02,1.29476568e-02,-1.57731962e-02,-1.16101877e-04,-9.37058356e-03,-2.14165645e-02,8.73896742e-02,-4.79415711e-02
-6.69300429e-03,-1.86091272e-03,2.98755302e-02,-1.32061641e-02,1.72352128e-02,1.21373795e-02,1.59268231e-02,1.70881231e-02,1.12659398e-02,-7.93895147e-03,-1.49421347e-02,9.08993345e-02,-3.18509646e-02
-2.42453493e-03,-1.72763017e-02,-2.44912630e-02,-2.99794332e-02,4.89514840e-03,-3.81254117e-02,2.05009532e-02,4.02813744e-02,3.97629006e-03,1.13486719e-02,9.05789960e-03,7.34014246e-02,-1.87395065e-02
-2.77535916e-02,-5.31765301e-03,7.47332061e-03,2.25433575e-03,1.17500469e-02,-4.12441405e-02,-5.86194821e-03,1.42179389e-02,-1.34412916e-02,9.18931149e-03,2.73011923e-02,6.71280736e-02,2.53558483e-02
-1.15483679e-02,4.83909784e-02,2.31815727e-02,3.27565662e-02,2.02303872e-02,-4.28939958e-02,6.95262940e-03,5.04760916e-03,-2.96447018e-02,-5.97793258e-03,5.31272679e-02,2.37456878e-02,7.13113758e-02
-3.43252347e-02,5.23254656e-02,-2.42649071e-02,-1.51729620e-02,-7.59964524e-03,-7.70117551e-02,-6.20668516e-03,5.36033322e-03,-3.23469372e-02,-1.87687848e-02,8.12387170e-02,-1.72597053e-02,7.40151421e-02
-4.03846050e-02,7.99262797e-02,-2.29798749e-02,-4.05149399e-02,-2.60117006e-02,-4.39225307e-02,2.38017445e-02,6.97781943e-03,-2.47786888e-03,-5.99187447e-02,-1.50075615e-02,-8.00259705e-02,3.65141327e-02
4.77647251e-03,1.11432256e-01,-3.61572230e-03,-3.10502021e-02,-3.05421574e-02,-2.87541393e-02,1.34532590e-02,3.85399565e-03,-2.58589183e-03,-6.92768780e-02,-2.96819437e-02,-8.34949341e-02,2.19723281e-02
-3.00794488e-02,7.11333922e-02,-1.81590454e-03,-6.82959832e-02,-5.17872455e-02,-1.30934754e-02,1.62287430e-03,1.48190049e-03,-6.23859544e-03,-7.15487277e-02,1.22735810e-02,-3.74723777e-02,-3.11844266e-03
-7.06624656e-02,5.32022702e-02,-2.82917610e-02,-9.96104612e-02,-5.78487160e-02,1.13791299e-02,1.81566692e-02,8.30495764e-03,2.64164877e-02,-5.23413730e-02,-2.29408484e-02,-3.78274670e-02,-5.80527588e-03
-4.43439262e-02,6.52147896e-02,4.06689962e-03,-8.74723234e-02,-5.88803177e-02,4.48990688e-02,4.53901697e-02,9.44579932e-03,3.69489141e-02,-4.14423568e-02,-3.40327192e-02,-3.42358257e-02,-3.00926212e-02
-1.82687691e-02,3.53369517e-02,-1.52883690e-04,-7.41597919e-02,-5.78749027e-02,4.38068358e-02,4.06403391e-02,9.06010704e-03,3.08224465e-02,-2.29300568e-02,-2.31977414e-02,-6.94983167e-03,-4.15288207e-02
-5.99920034e-02,-1.62708759e-02,1.74765890e-03,-2.92719979e-02,-3.97335679e-02,3.05934301e-02,-1.06725876e-02,-2.27863083e-02,1.32130620e-02,-1.53778553e-03,-3.45255698e-02,2.45739429e-02,-1.84189377e-02
-3.47590293e-02,-7.33979832e-03,8.75500914e-03,1.91322107e-02,-8.95964403e-03,5.61742373e-02,-1.23059605e-02,-2.61628238e-02,3.59548701e-02,4.59482841e-02,-1.17521913e-02,2.38926057e-02,3.28330079e-03
-1.30120900e-02,-1.84124911e-03,-2.67438170e-02,3.01798894e-03,-1.53898029e-02,2.41204463e-02,-1.07491188e-02,-1.65712131e-02,4.05932253e-02,6.84605721e-02,2.37387340e-02,3.15197098e-02,5.71872483e-02
-5.65719822e-02,-2.90612686e-02,-3.89978749e-02,5.56636601e-03,-2.03321517e-02,2.41968448e-03,-4.87680510e-03,-9.02574693e-03,5.38855010e-02,4.57537364e-02,-4.24657875e-02,-1.94893778e-02,2.68647530e-02
5.91061327e-03,-2.57789473e-03,-2.70018054e-02,3.33655581e-02,1.24989853e-02,-6.66373429e-03,-2.74256993e-02,-3.85360692e-02,2.22470212e-02,4.02830205e-02,-5.59968648e-02,-2.04523335e-02,3.67727593e-02
1.24189904e-02,-3.53844379e-03,-1.93598063e-03,5.68410331e-02,4.04643384e-02,1.00139922e-02,2.68373056e-03,8.58168441e-04,1.32091499e-02,3.10990600e-02,-3.84005466e-02,-1.81279437e-02,2.87630373e-02
-1.35359742e-02,-5.17525596e-04,-1.70714265e-02,4.44199134e-02,3.15789120e-02,-4.67103645e-02,-3.90385907e-02,1.71430297e-02,4.21391042e-02,4.34277865e-02,-6.19467558e-02,-4.47448634e-02,3.46805246e-02
2.89190506e-03,-2.27161627e-03,7.29623773e-03,4.16614045e-02,3.54557333e-02,-2.69961877e-02,-4.25311434e-02,-1.83479988e-04,2.21725867e-02,1.52031588e-02,-4.89579093e-02,-3.44221843e-02,1.71212901e-02
3.87419998e-02,-2.21848090e-04,2.79040603e-02,4.96212870e-02,4.64739074e-02,-1.02702612e-02,-2.01744321e-02,-1.95794043e-03,9.41800306e-05,-2.79077313e-03,-2.01571497e-02,-1.91280091e-03,1.86141810e-02
1.50269162e-02,1.82608643e-02,4.06448780e-02,3.15210412e-02,3.82447264e-02,-3.01423500e-02,-5.15479691e-02,-1.46917335e-02,-1.67043015e-02,-3.02874018e-02,-3.74502689e-02,-2.02026484e-02,-1.46586544e-02
3.44006826e-02,-2.07663424e-02,2.00277147e-03,2.83574911e-02,5.13279671e-02,1.71433204e-02,-2.80026636e-02,6.09412468e-03,2.77344685e-02,-5.05115337e-03,-1.43156722e-02,6.62755236e-03,-3.05149783e-02
6.07635153e-02,-8.77032415e-03,3.17790276e-03,-2.98462095e-04,2.12121614e-02,2.47278686e-02,1.68556509e-02,1.76650229e-02,3.99875763e-02,-1.51033350e-03,2.42111310e-02,5.97949883e-02,-1.11698942e-02
2.51038637e-02,-5.12788913e-02,-8.88480089e-03,-2.01685056e-02,1.77643817e-02,9.37576779e-04,8.53604652e-03,4.04187913e-02,3.91860909e-02,-2.77402533e-02,-2.61710001e-04,3.78270471e-02,-3.35985260e-02
3.61312478e-02,-3.95404574e-02,-2.90683401e-02,-2.38976884e-02,1.54092728e-02,1.96985589e-02,1.95227373e-02,6.30534199e-03,9.54213249e-03,-1.84130726e-02,1.40929432e-02,4.58853631e-02,-2.61840639e-02
4.83269542e-02,-2.42843437e-02,-3.18339760e-02,5.86150574e-03,2.01578999e-02,2.27443982e-02,6.93363838e-02,4.12391198e-02,1.79796293e-02,2.26617750e-02,1.66547768e-02,3.56706699e-02,-1.16420693e-02
3.93440715e-02,-1.95126238e-03,-2.36489226e-02,1.33394236e-02,-2.79667875e-03,-4.02195179e-02,2.01633406e-02,4.69571234e-02,7.09693209e-03,3.70543199e-02,6.47370104e-03,-1.42310545e-02,-1.08938012e-02
1.30206098e-02,-3.52987066e-02,2.44629233e-03,1.54098835e-02,9.62536966e-03,-3.52839935e-02,-1.97381331e-02,2.73007616e-02,-1.47259649e-02,1.45940005e-02,3.18099579e-02,-2.65590570e-02,-1.33559164e-03
2.65628171e-02,-4.78885018e-02,4.09430088e-02,7.03344033e-02,3.59288013e-02,-3.59196019e-02,-3.51021421e-02,-6.06304711e-03,-3.61389072e-02,8.59170440e-03,3.42194601e-02,2.76454686e-02,3.16395755e-02
-2.69092731e-02,-2.31791986e-02,6.78179946e-02,7.18730633e-02,5.19547358e-02,-5.22365164e-02,-6.74871059e-02,-1.19269528e-02,-6.56114101e-02,-2.17141047e-02,4.04828187e-02,2.62508663e-03,3.21903973e-02
-6.24909064e-02,-5.19439047e-02,7.04868663e-02,5.84759570e-02,7.82500441e-02,-7.14851304e-03,-4.42745355e-02,-3.57511579e-02,-6.21115134e-02,-1.67418793e-02,6.60100708e-02,1.04875062e-02,4.49585173e-02
-8.90832594e-02,-6.16913894e-02,5.82543277e-02,3.91188101e-02,8.77228231e-02,5.16485470e-02,1.86889238e-02,-2.79822608e-02,-5.43880184e-02,-4.04448537e-02,7.94559420e-02,2.41344227e-02,3.12944109e-02
-8.79285352e-02,-8.42467764e-02,3.57195019e-02,4.05722492e-02,1.01827867e-01,6.29148144e-02,2.65298187e-02,-1.57693129e-02,-6.24292377e-02,-5.94084693e-02,6.35141121e-02,2.25104363e-02,5.16097088e-03
-7.63962783e-02,-8.90823490e-02,-1.54264007e-02,1.90923781e-02,8.35913740e-02,4.91541325e-02,1.70267450e-02,-3.39025503e-02,-5.00055086e-02,-2.95569332e-02,6.30711759e-02,2.57277053e-02,-5.88760533e-03
-1.15558455e-01,-1.24226796e-01,-7.31373147e-02,-1.54821931e-02,2.36609606e-02,1.51555516e-02,3.59808202e-02,-2.80609116e-02,-6.78625115e-03,3.97878574e-02,6.88501704e-02,1.93733189e-02,-2.99962155e-02
-8.52952929e-02,-9.22703629e-02,-1.06793261e-01,-4.09768521e-02,-2.69427877e-03,5.44093864e-03,3.32047607e-02,1.30698609e-03,1.39426146e-02,5.51215525e-02,2.80163203e-02,4.64752367e-05,-5.52779309e-02
-9.23131021e-02,-1.13868642e-01,-1.09703902e-01,-8.47608362e-02,-3.11393598e-02,1.37672475e-02,3.33327537e-02,1.37002023e-02,-1.20687076e-02,2.61728646e-02,4.80594465e-02,-1.46280503e-02,-5.01441824e-02
-3.62894311e-02,-7.24939277e-02,-5.96407277e-02,-5.91754532e-02,-2.72477419e-02,1.29189852e-02,-9.34728992e-03,-5.22320421e-03,-1.04541719e-02,1.46008140e-02,9.28359871e-03,-7.15530512e-03,-5.32950768e-02
-9.34131264e-03,-5.31839580e-02,-5.46640759e-02,-5.42512253e-02,-6.00157875e-02,-3.73437551e-02,-5.00966934e-02,2.36968522e-03,-1.63367102e-02,-9.30680387e-03,-4.54794305e-03,8.20265723e-03,-4.28854859e-02
8.89964685e-03,-1.25439674e-02,-5.35213549e-03,-4.13976411e-02,-6.82916573e-02,-2.36713038e-02,-5.32493353e-02,-1.54486598e-02,-4.53856404e-02,-2.60452587e-02,-1.22022676e-03,1.67236644e-02,-2.60412739e-03
1.02620546e-02,3.36457241e-02,4.65632221e-02,-2.00553506e-02,-2.54619356e-02,2.90409054e-02,-1.67654612e-02,-8.79626019e-03,-3.65633701e-02,-5.01720328e-02,-3.15039837e-02,-2.30773331e-02,-1.29711377e-02
6.23962476e-02,6.34016648e-02,7.43528411e-02,5.58324118e-03,-2.61694640e-02,3.71130712e-02,5.63463204e-03,4.74658279e-03,-3.05064469e-02,-5.19071361e-02,-4.74898709e-02,-6.25392269e-05,-5.70712330e-03
1.06980408e-01,9.19235129e-02,3.77397441e-02,2.46523759e-02,-6.90938783e-03,1.90095883e-02,-1.47236997e-02,-3.52117905e-03,-1.88247977e-02,-4.71148198e-02,-6.87710176e-02,3.05071152e-03,-5.48644784e-03
6.32567224e-02,3.87445241e-02,2.83081094e-03,2.09984249e-02,-3.68230027e-02,-7.43834392e-03,-2.82647049e-02,-2.23951961e-02,-2.09375578e-02,5.31063037e-03,-2.76849218e-02,-7.47719311e-03,-2.22186273e-02
3.97427061e-02,3.39178202e-02,-6.66487004e-03,2.31592369e-02,-1.77035872e-02,6.78525508e-04,-1.54654831e-02,3.15171747e-03,4.37321494e-02,6.35783093e-02,-2.14919892e-02,2.08652537e-02,-2.13578198e-02
5.88878776e-03,-2.95141581e-02,-2.98600368e-02,2.64508363e-02,-1.06651254e-02,1.48903844e-02,5.54983433e-03,-6.85348515e-04,-3.20638280e-03,3.36271178e-02,-2.62653652e-03,4.88039674e-02,-1.09141657e-02
-2.44945568e-02,-2.05058758e-02,-4.53607624e-03,3.82711586e-02,2.95798730e-02,3.45098979e-02,-3.27421984e-03,-2.52102987e-02,-4.94676131e-03,5.17906971e-02,2.14609883e-02,1.71605285e-02,-1.94303865e-02
-2.22616357e-02,-1.55016966e-02,-1.38759634e-02,2.68429531e-02,2.16435036e-02,4.50104069e-03,4.65088709e-03,-3.01095956e-02,-3.58827007e-03,5.07377157e-02,9.09749427e-03,5.08109856e-03,-2.40915553e-02
-8.31151222e-03,-7.34907432e-03,-1.60066533e-02,2.02020447e-02,4.58965308e-03,1.61429812e-02,7.12781195e-03,-1.42468305e-02,-1.40784260e-02,4.18959922e-02,1.57067141e-02,2.31125430e-02,3.62630837e-03
-4.22576187e-02,3.15108139e-02,2.02280937e-02,2.55439804e-03,1.63209294e-02,2.34884368e-02,-3.23208394e-03,-5.50502626e-02,-3.22078806e-02,3.95611644e-02,1.77110298e-03,-1.08136969e-02,2.52891598e-02
-3.36741159e-02,3.34328431e-02,3.88972629e-02,1.34775027e-02,2.01289317e-02,1.95980668e-02,-1.40095605e-02,-5.25060097e-02,-2.67641402e-03,4.11797800e-02,-3.22733285e-03,-4.18583644e-02,1.90952050e-02
-1.89285825e-02,5.02339007e-02,1.74013133e-02,-2.16572748e-02,3.68486655e-02,1.84117059e-02,-3.43817540e-02,-4.38265048e-02,1.82993990e-02,1.17112710e-02,-4.07316965e-02,-3.93559449e-02,1.35385179e-02
2.50950713e-02,8.29693100e-02,2.39614433e-02,-2.78193253e-02,3.45744417e-02,2.24852892e-02,-6.64947585e-02,-2.55319252e-02,1.68904287e-02,-2.07937913e-02,-2.67769729e-02,-6.06574897e-02,5.45566037e-03
-3.82201549e-03,5.42440322e-02,2.07160111e-02,-3.07211544e-02,3.45196562e-02,2.15886499e-02,-5.64579154e-02,-4.08890248e-03,4.92816842e-02,-4.46687303e-03,-5.78998783e-03,-4.25509641e-02,1.57243049e-02
-5.20220394e-04,6.48733118e-03,-3.14514824e-03,-3.40631676e-02,-4.01740517e-03,1.15951839e-03,-6.53946059e-02,6.98766338e-03,4.14227899e-02,-3.74104491e-02,-8.87451218e-03,-2.75463822e-02,2.43750962e-02
1.97753697e-03,1.97814783e-02,1.09671439e-02,-2.24894014e-02,8.27904842e-03,3.55782588e-02,-4.85051060e-02,2.42174694e-02,3.51633158e-02,-4.88070773e-02,1.02829155e-02,-2.33821909e-02,1.46594997e-02
-2.93393694e-02,-2.49215371e-02,-4.30250886e-03,-6.36958803e-04,3.78332418e-02,1.95916483e-02,4.74054924e-03,7.19809485e-02,5.57494086e-02,-3.03542401e-02,4.12911227e-03,-1.50892517e-02,-1.55041361e-02
-2.38199839e-02,-1.57861750e-02,1.78477150e-02,3.42920753e-02,2.77542146e-02,-1.12930279e-02,3.17061088e-02,8.55229934e-02,4.07003572e-02,-1.98945574e-02,1.07505775e-02,1.60498900e-02,-3.64475403e-02
-4.69961148e-02,1.79815092e-02,3.73862584e-02,3.20463436e-02,1.83742596e-02,9.24939817e-03,1.33112294e-02,1.12228626e-02,-6.30483754e-04,-1.48489820e-02,1.02414977e-02,5.14192748e-02,2.31174507e-02
-7.50126560e-02,-1.44462795e-02,-1.20674747e-02,5.77634520e-02,1.82671418e-02,-7.51528510e-03,5.21890494e-02,7.91174559e-03,-1.11175904e-02,2.12694310e-02,2.08197195e-03,2.01646081e-02,8.60058759e-03
-8.17213955e-02,-3.03594202e-02,-5.47254881e-02,2.37240704e-02,-1.03444916e-03,-5.05079191e-02,3.37095115e-02,-4.14532307e-04,-4.76520016e-03,3.75400852e-02,-2.68584339e-02,3.94021673e-02,1.04436368e-02
-2.59566039e-02,5.29279241e-02,-3.80648225e-02,-1.97279320e-03,-3.24555617e-03,-4.84640722e-02,1.45699886e-02,-1.77657051e-02,1.00590014e-02,1.26719373e-02,-4.60539867e-02,3.51523785e-02,3.42054373e-03
-2.64647984e-02,4.41788005e-02,-5.50398960e-02,1.08906700e-03,2.00380336e-03,-2.06269529e-02,1.73600740e-02,-2.68947940e-02,-8.66044446e-03,-6.15473476e-04,-5.96988979e-02,1.36011216e-02,-6.76790339e-03
-2.13137668e-02,8.28807554e-03,-5.10082349e-02,5.76695357e-03,-3.19599872e-02,-3.81789448e-02,1.25382566e-02,-3.85979384e-02,-2.30689251e-02,-1.50672882e-02,-5.77612993e-02,-2.21935119e-02,-3.26422066e-03
2.24385003e-02,3.99285231e-02,-2.84508660e-02,-2.09227492e-03,-5.13221137e-02,5.51343917e-03,-9.58761350e-03,-2.96377881e-02,-2.03152040e-02,-4.19919866e-02,-5.00548086e-02,-3.98592857e-02,-5.21765159e-03
6.86380525e-03,-1.70269196e-02,-6.63020009e-02,-3.51053444e-02,-2.45019361e-02,4.21409676e-02,1.69462231e-02,3.21233987e-02,4.33670632e-02,-8.30815772e-03,-1.63397461e-02,-1.73550816e-02,-1.98188457e-02
1.19125167e-02,-1.21040978e-02,-1.63703864e-02,1.02656826e-02,-1.13891790e-02,6.71832255e-03,2.79026050e-02,4.24469259e-02,2.54516380e-02,3.61101730e-03,-2.90535677e-03,-3.87040422e-02,-4.27872421e-02
-7.90758206e-03,-2.50883659e-02,2.98569131e-02,3.76338729e-02,6.76107093e-03,3.61906022e-02,-1.17280927e-02,1.71280850e-02,4.09649579e-03,9.74266639e-04,1.71206131e-03,-1.28860458e-02,-3.33129839e-03
-5.65530625e-03,-6.99765092e-02,2.68043283e-03,3.94480989e-02,2.59806704e-02,5.16060508e-02,2.98057763e-02,1.43061084e-02,5.20520173e-03,3.32554938e-02,1.43754049e-02,-1.70505419e-02,1.39232178e-02
2.86558247e-02,-6.17200847e-02,-1.04993874e-02,3.20206827e-02,1.58439718e-02,2.66696223e-02,1.97449214e-02,-1.20671335e-02,-9.47559746e-03,2.41105629e-02,8.63565319e-03,1.47229210e-02,2.18988272e-02
1.76744431e-03,-3.92499441e-02,-3.12655760e-02,-4.89631534e-03,3.10525714e-03,5.66399188e-04,2.36949954e-02,-3.48840150e-02,-1.09040390e-02,-1.21194454e-02,-2.21275134e-02,3.19799919e-02,3.69410872e-02
-7.87922156e-03,-3.35956907e-02,-3.80234648e-02,-3.55104237e-02,-1.71864314e-02,1.35672343e-03,2.76233735e-02,-2.63485635e-02,-2.79038556e-02,-1.80580169e-02,1.26827467e-02,5.00262273e-02,2.72165910e-02
-2.44411402e-02,-5.58851709e-02,-2.73602754e-02,-2.74562384e-02,-3.08553651e-02,-1.84555238e-02,4.93709149e-02,-1.35301065e-02,-2.69976420e-02,-3.00397369e-02,4.76643467e-03,2.55003202e-02,1.83664567e-02
5.67655024e-03,-1.45529449e-02,1.38022903e-03,-3.17986724e-02,-5.52487612e-02,-5.46781307e-03,1.87379178e-02,-3.98258993e-02,-4.14904807e-02,-5.80517643e-02,9.74257731e-03,-7.32260923e-03,9.24192715e-03
6.34651284e-04,-2.32418068e-02,-4.24001471e-02,-7.13056237e-02,-7.28019721e-02,2.17937289e-02,3.10581319e-02,-3.48632907e-02,2.87159326e-03,-5.75964639e-02,3.50422250e-02,-1.50394620e-02,-2.52575978e-02
3.17968203e-02,2.45927252e-02,-3.43318398e-02,-6.97084208e-02,-8.45097130e-02,-1.19205445e-02,1.23127814e-02,-1.94355792e-02,-1.07968780e-03,-6.14402212e-02,2.71301352e-02,-5.45119134e-02,-5.87103295e-02
3.91570521e-02,4.23588611e-02,-1.98071204e-02,-5.28697009e-02,-7.22849425e-02,-4.08207270e-02,-1.81893900e-02,-4.49418637e-03,1.47593886e-02,-3.45833090e-02,1.12566392e-02,-4.85890011e-02,-4.85961366e-02
3.02913483e-02,2.23806709e-02,-4.05092711e-02,-4.89322165e-02,-3.03335905e-02,-6.43271722e-04,2.03485749e-02,3.33183166e-02,4.68091266e-02,5.64172187e-03,1.55057625e-02,-5.36815767e-02,-4.63912729e-02
1.00276411e-01,6.85209041e-02,-8.54887088e-03,-3.82802024e-02,-9.75716269e-03,2.40063475e-03,2.03883685e-02,5.11825214e-02,5.46364101e-02,2.70628144e-02,1.08531680e-02,-3.47417611e-02,-4.18567608e-02
8.64859956e-02,6.29817369e-02,-1.94859435e-02,-3.94540410e-02,6.91160767e-03,-6.18049221e-03,1.28138358e-02,4.55897486e-02,4.70793822e-02,2.65524140e-02,-2.60867697e-02,-4.80875250e-02,-2.44987186e-02
5.82741197e-02,4.96560578e-02,1.43518828e-02,-1.19287947e-02,1.38314479e-02,-1.92076504e-02,-6.11208464e-03,5.16692731e-02,4.48042879e-02,3.08714852e-02,-2.32641274e-02,-1.99903323e-02,1.26372552e-03
3.07459632e-02,2.32867750e-02,2.46121256e-02,1.47706634e-02,2.79007361e-02,-1.81065600e-02,8.09724043e-03,7.33836612e-02,5.10712720e-02,2.52812826e-02,-5.25811594e-02,4.40357198e-03,2.95442873e-02
3.22356391e-02,2.51776003e-02,4.95379728e-02,3.34213614e-02,3.54676492e-02,-3.80031890e-02,-1.74218314e-02,5.06540411e-02,1.75093833e-02,3.15394763e-02,-3.60666059e-02,-8.78400627e-03,5.14174897e-02
-9.14033906e-03,-3.02941385e-02,3.23337659e-02,1.46191497e-02,-2.28306560e-04,-3.09120718e-02,-1.52547677e-02,8.63195675e-03,1.37513321e-02,2.48764287e-02,-5.02637719e-02,-1.44768034e-02,7.99884945e-02
7.45698586e-03,-1.86439151e-02,1.17675776e-02,-4.28025081e-03,-2.35049469e-02,-3.93531116e-02,-3.93655176e-02,-2.06089887e-03,1.17903467e-02,-2.71007038e-03,-5.98795465e-02,-1.26554252e-02,8.38245706e-02
5.55996975e-03,-4.63516340e-02,6.80198196e-03,2.78654680e-02,-3.41150376e-02,-3.44457492e-02,-5.82545236e-02,-1.79305610e-02,3.92793234e-02,-2.12566763e-03,-6.58477551e-02,5.65228270e-03,7.42949764e-02
-5.73665493e-02,-6.31966103e-02,-2.04311409e-02,5.07768952e-02,-1.82378342e-02,-8.71018134e-03,-3.40161631e-02,4.47754561e-02,4.31826405e-02,2.53895483e-02,-1.81661533e-02,3.12127207e-02,3.42598890e-02
-5.28046390e-02,-6.35202300e-02,-2.87758247e-02,2.41932348e-02,-3.39824583e-02,-1.66113738e-02,-7.07909768e-03,7.50366819e-02,2.35527271e-02,6.63055281e-02,3.32264033e-02,4.52090590e-02,4.54280203e-02
-4.00040491e-02,-4.21613261e-02,-2.33078869e-03,4.66407762e-03,-2.12824894e-02,-1.02465521e-02,-1.05411808e-02,6.46777990e-02,-1.10634853e-02,6.14291369e-02,5.37941396e-02,1.01466285e-02,2.54812314e-02
-1.20532929e-02,-4.75473423e-02,2.25328708e-02,7.84723846e-03,-1.71185426e-02,-1.92506573e-02,-4.02440058e-02,5.54811405e-02,-3.72539243e-02,-6.08969109e-03,4.97170100e-02,2.62455610e-03,3.25793586e-02
1.54880375e-02,-3.72366765e-02,5.99959361e-02,2.89510031e-02,1.71202760e-02,-2.41799572e-02,-5.07634980e-02,3.08696711e-02,-5.54630801e-02,-3.20722163e-02,5.97543012e-02,9.56042322e-03,3.65369320e-02
9.64679486e-03,-4.36024383e-02,7.71599349e-02,2.97027713e-02,2.19332320e-02,-3.98512498e-02,-5.56655274e-02,2.18722750e-02,-9.41577986e-02,-7.03127194e-02,6.78181625e-02,-3.21777690e-02,9.75895292e-04
-1.22583942e-02,-6.14836554e-02,6.09669230e-02,5.17583738e-03,2.30406043e-02,-2.24290570e-02,-5.85030528e-02,-1.84328235e-02,-1.02347706e-01,-6.72138654e-02,7.90027312e-02,-2.60218883e-02,5.97612240e-02
3.42595623e-02,-2.08830380e-02,5.28464379e-02,-1.68050498e-02,3.56217339e-02,-2.83655719e-03,-6.43641904e-02,-5.42204672e-02,-1.17463610e-01,-1.03355351e-01,4.26941370e-02,-1.38038228e-02,8.95771900e-02
3.28410512e-02,-4.88379200e-02,3.74820519e-02,1.00119958e-02,4.76139863e-02,5.03881029e-02,-1.34093956e-02,-4.09687849e-02,-7.48170716e-02,-1.10881390e-01,6.13502937e-03,-3.87174769e-02,5.03187143e-02
-1.47547943e-03,-1.68699001e-02,6.06531986e-02,5.23850077e-02,4.21860177e-02,6.70362339e-02,6.98216978e-03,-1.01994986e-02,-4.60743688e-02,-6.25782743e-02,2.85036667e-02,1.57434720e-03,-1.59376349e-02
2.80183742e-02,1.62490164e-02,3.60941156e-02,4.76734374e-02,1.59681445e-02,7.58689135e-02,4.40962191e-02,4.28128512e-03,-3.93051882e-02,-1.88339911e-02,1.64694274e-02,5.63436813e-04,-2.11002210e-02
-1.77928919e-03,3.54223530e-02,5.48771794e-02,4.70448684e-02,3.12506602e-02,1.19387738e-01,8.27081992e-02,1.18752853e-02,-1.62503366e-02,3.20662237e-03,-1.11223473e-03,-1.28280038e-02,-7.87207733e-02
4.73374036e-02,6.79451104e-02,3.63733142e-02,3.24014983e-02,8.35034866e-03,1.01050108e-01,9.36969419e-02,1.42718470e-02,-1.87030533e-02,-2.76420125e-02,-1.68710225e-02,-2.41045584e-02,-8.15140988e-02
5.68737864e-02,7.16897708e-02,7.87423073e-02,6.61409761e-02,3.79485045e-04,4.15513590e-02,6.80115141e-02,2.60023719e-03,3.05881486e-03,2.82087628e-03,-1.60321226e-03,-2.09229716e-02,-7.66000278e-02
5.96506454e-02,8.59270669e-02,8.38280539e-02,4.52264865e-02,-2.39617732e-02,2.98933118e-02,7.24275567e-02,2.60145141e-02,1.62989129e-02,-3.75458654e-03,-7.47434891e-03,-5.55573351e-02,-1.19191754e-01
6.77162818e-02,7.34666769e-02,6.36556957e-02,3.72203591e-02,-4.24966605e-02,7.19699435e-03,3.46516075e-02,3.88971602e-02,3.23652537e-02,2.48072342e-02,2.17080799e-02,-3.04379571e-02,-5.17613360e-02
5.50561075e-02,6.48376514e-02,4.88205444e-02,2.55610990e-02,-4.10675285e-02,-1.30950201e-02,6.38418488e-03,2.77569282e-02,2.36262066e-02,1.26141083e-02,-3.84793681e-04,-2.66565377e-02,-1.07525929e-02
4.95267340e-02,2.01882997e-02,1.89832179e-02,1.88906456e-02,-3.42644861e-02,-7.27175356e-03,9.76445799e-03,4.60154977e-02,3.07797738e-02,9.69315768e-03,-1.56591919e-02,-4.97265836e-02,3.73788256e-03
3.93397310e-02,6.82475437e-03,4.57709157e-02,6.55184207e-03,-5.24764518e-02,-3.23510746e-02,-6.82917091e-03,1.36170955e-02,3.96342139e-02,3.86671484e-02,-1.20325404e-02,-3.22264946e-02,8.35249588e-03
5.12750543e-02,1.27426636e-02,3.01105556e-02,-4.95584596e-03,-3.38329498e-02,-2.08391238e-02,3.35936864e-03,-1.39527179e-02,1.29351251e-02,2.90479316e-02,-5.11531989e-02,-3.27214766e-02,3.25380533e-02
1.12578238e-02,-2.62082535e-02,2.66879559e-02,-1.03204836e-02,4.59966647e-03,1.86662796e-02,-1.32103693e-03,-3.60829222e-02,2.99689892e-02,1.82890136e-02,-5.23217426e-02,-1.22241550e-02,3.26506172e-03
3.78334431e-03,-1.95242077e-02,1.40851196e-02,-1.88410326e-02,-1.50078215e-03,1.84313933e-02,1.80315453e-02,-4.74307575e-02,1.85466654e-02,6.75937028e-03,-4.50502314e-02,-1.43399781e-02,4.94107275e-03
-5.59245381e-02,-3.09387426e-02,8.24298782e-03,-1.39578160e-02,-1.42596463e-02,-2.63597848e-02,-1.65144696e-02,-7.30810829e-02,2.56073516e-02,-1.42946347e-03,-3.79568125e-02,1.11367948e-02,-1.11398827e-03
-9.29141057e-02,6.68413646e-03,-5.35474380e-02,-4.69004137e-02,-3.02964216e-02,-5.63545297e-02,-2.01735185e-02,-7.75822543e-02,3.65344854e-02,-3.04465152e-02,-3.73669318e-02,3.03815243e-02,-3.19972020e-02
-7.55225141e-02,5.73756507e-02,-7.33171501e-02,-4.17261810e-02,-2.86815646e-02,-5.86274511e-02,-2.57837535e-02,-4.52555882e-02,3.94832848e-02,-4.09719746e-02,-3.36961800e-02,3.63681285e-02,-3.64156378e-02
-8.42255050e-02,6.36641864e-02,-1.10367688e-01,-5.02769010e-02,-1.87043175e-02,-4.59220421e-02,-4.83227212e-03,1.42201451e-04,6.99730582e-02,-3.47928540e-02,-1.82736159e-02,5.80631740e-02,-3.16744365e-02
-5.83926171e-02,9.66178765e-02,-8.36178837e-02,-4.73280492e-02,-1.80127014e-02,-5.58748589e-02,-3.85564860e-02,1.19912118e-02,5.32262617e-02,-2.47941066e-02,-8.29748810e-03,6.42441277e-02,-5.26633289e-02
-5.41355210e-02,6.47819498e-02,-9.44885167e-02,-6.48928878e-02,-3.32040824e-02,-6.12392240e-02,-2.43584115e-02,1.21464964e-02,5.41381271e-02,1.03633670e-02,-7.76223376e-03,5.08822971e-02,-4.54740369e-02
-2.93213923e-02,4.64165713e-02,-1.19860694e-01,-6.26678165e-02,-1.65387361e-02,-3.50332540e-02,3.05388041e-02,1.95143751e-03,1.26193265e-02,4.17896791e-02,-7.03057080e-03,3.90501333e-02,-2.53442647e-02
-6.32390233e-02,-1.30981134e-03,-1.14931505e-01,-6.26577335e-02,-1.94093413e-02,-4.41951374e-03,4.23622596e-02,1.33195976e-02,1.22239136e-02,5.67659176e-02,5.44126792e-03,3.64782937e-02,-2.07857684e-02
-5.82974106e-02,-2.29996634e-02,-1.02975441e-01,-3.92056672e-02,7.61260202e-03,4.55458862e-02,6.23101093e-02,1.04219640e-02,-2.06170498e-02,7.92511228e-02,1.35202152e-02,7.65018235e-03,6.55881849e-03
-6.08097449e-02,-4.38221412e-02,-7.77078230e-02,-4.18024617e-02,-6.28046367e-03,4.90031876e-02,4.99177226e-02,-4.96412344e-03,-1.76584465e-02,1.02577957e-01,5.10608300e-02,1.96316913e-02,1.49697293e-02
-6.07708862e-02,-2.57450468e-02,-7.31167957e-02,-4.11292080e-02,-3.25885197e-03,2.37042733e-02,3.07108575e-02,-2.63447130e-02,-3.86903623e-02,6.93672520e-02,2.93533585e-02,7.74855926e-03,6.82024694e-03
-4.56067448e-02,1.46389880e-02,-5.62465094e-02,-3.08173321e-02,1.95252722e-02,2.35187916e-02,2.88817310e-02,-2.59755372e-02,-4.44095524e-02,3.39910789e-02,7.66794484e-03,1.50163613e-04,9.08311300e-03
-6.62850625e-02,-3.15315931e-02,-8.57295111e-02,-3.75084484e-02,2.01233201e-02,6.08933766e-03,1.97545590e-02,-8.79901764e-03,-8.85981078e-03,2.30965065e-02,2.56299682e-03,1.94501441e-02,3.33331325e-02
-6.44076595e-02,-2.43120309e-02,-5.95800181e-02,-5.58151466e-02,6.46791419e-03,-1.73150685e-02,-3.15049243e-02,-2.77482336e-02,-2.53021645e-02,-1.35926870e-02,1.02041078e-02,1.29077105e-02,2.02269704e-02
-3.30201746e-02,-3.95786216e-02,-2.99696925e-02,-7.25337790e-02,5.47350954e-03,-2.40368034e-02,-5.34198938e-02,-5.29393881e-02,-3.39312840e-02,-3.33972452e-02,-2.45366422e-04,1.92866277e-02,3.26992603e-02
5.18399249e-02,-1.54852500e-02,-5.63988913e-03,-6.52697385e-02,2.48624196e-03,-4.32617616e-02,-6.61115518e-02,-7.51470917e-02,-3.00750366e-02,-3.77585641e-02,5.67210822e-03,2.73694109e-03,3.62841775e-02
6.04675316e-02,-1.92447643e-02,3.61558628e-02,-5.41808696e-02,2.38304758e-04,-3.91862179e-02,-4.66813536e-02,-5.50394650e-02,-1.36770509e-02,-6.03466881e-02,1.40809778e-03,-1.68850719e-02,3.75675312e-02
8.15021877e-02,-2.44777057e-02,2.08730918e-02,-2.71421545e-02,2.83335847e-02,-2.51728632e-02,-3.46534906e-02,-3.75764705e-02,-2.64816887e-02,-6.05409607e-02,-1.14888300e-03,-3.00980898e-02,3.41434602e-02
9.84601476e-02,5.01804416e-04,5.95837152e-02,-2.78127861e-02,1.71316221e-02,-8.98750703e-04,-2.20913462e-02,-2.74341509e-02,-9.57502813e-03,-3.27088463e-02,1.81303777e-02,-3.94699254e-02,7.75839604e-03
1.09703338e-01,9.00570978e-03,8.20658363e-02,-1.35696217e-02,3.22047600e-02,5.84168888e-03,-6.39746090e-03,1.48351410e-03,-5.74500392e-03,-2.39564176e-02,2.08724436e-02,-4.02409079e-02,-2.98217028e-02
1.12240834e-01,4.56239679e-02,7.82193917e-02,-2.09882734e-02,4.09977521e-02,3.61180697e-02,9.25408062e-03,2.34083248e-02,1.35339479e-02,-2.87228911e-02,6.10361486e-03,-3.05827239e-02,-4.91531868e-02
5.95421845e-02,2.95922402e-02,6.44343122e-02,1.72541903e-02,3.46417390e-02,2.02012759e-02,3.32178270e-02,7.59124384e-02,3.19432719e-02,-2.40555171e-02,-1.81876052e-02,-3.00932789e-02,-6.34052637e-02
-4.96260297e-03,5.57805143e-03,4.19836003e-03,1.61383526e-02,9.15766232e-03,1.06739111e-02,4.57736273e-02,8.79479100e-02,7.75296604e-03,-1.40987946e-02,-1.88887296e-02,-3.39723818e-02,-8.00701450e-02
2.36734107e-03,5.93707463e-03,-2.73207698e-02,1.17730467e-02,-2.12248468e-02,1.21225119e-02,3.78117852e-02,7.87124862e-02,-2.43620970e-02,-1.21877918e-02,-6.87897611e-03,5.13882525e-03,-5.93236164e-02
7.45327210e-03,1.11848758e-02,-2.77086265e-02,3.94466288e-02,-2.38003293e-02,7.90039777e-03,4.35036215e-03,5.49527635e-02,3.92343454e-03,2.84847003e-03,-2.93111102e-02,7.60287225e-05,-5.95779110e-02
5.05088438e-02,2.63747239e-02,-1.13338940e-02,6.86010659e-02,-3.31388112e-02,-3.33980825e-03,1.11401034e-04,2.89683111e-02,1.51048049e-02,4.85186042e-03,-5.27148783e-02,-2.19722441e-04,-2.52594803e-02
6.56731444e-02,1.35900292e-02,-4.34575399e-02,9.05193590e-02,-2.12706929e-02,-8.30518943e-03,-1.20547371e-02,3.80970904e-02,4.30409580e-02,-6.21526409e-03,-7.50743400e-02,4.29576102e-02,2.11801828e-03
7.87924226e-02,3.12065377e-02,-1.45157390e-02,9.75541151e-02,-2.71170002e-02,-1.09628767e-02,-4.20085795e-02,1.50266310e-02,4.07953818e-02,-7.47446414e-04,-8.20548834e-02,3.30307975e-02,1.11125477e-02
5.21413855e-02,-1.76852587e-02,-3.21873289e-02,6.28170196e-02,-1.10059458e-02,-1.62934566e-02,-4.56595926e-02,-8.03767565e-04,4.23207346e-02,2.35424744e-02,-5.74672355e-02,6.04898294e-02,3.23542326e-02
4.95876559e-02,-2.60424519e-02,-3.40863037e-02,2.67867873e-02,2.27304235e-02,3.06513935e-02,-4.41632547e-02,-3.09536423e-02,4.85666332e-02,3.50352968e-02,-6.14515676e-02,4.14000633e-02,4.51917857e-02
9.84766157e-03,-2.15417009e-02,1.49133178e-02,3.98574414e-02,9.49777396e-03,6.20144476e-03,-2.49948309e-02,-1.82874495e-02,7.10391111e-02,5.71599710e-02,-3.21009912e-02,2.43575162e-02,5.13935019e-02
-2.21874666e-02,-2.32472740e-02,3.02381977e-02,-3.90573618e-03,3.93291069e-02,9.89931244e-03,-3.45491468e-02,-9.40876372e-03,5.08545474e-02,5.89035823e-02,-2.35095800e-02,-1.61857295e-02,5.88273150e-02
-6.06444840e-02,-1.07704817e-02,2.90870245e-02,-7.87001678e-02,-8.01160152e-03,-2.02982735e-02,-1.52661937e-02,1.22628638e-02,1.72650972e-02,9.40476861e-02,2.17103061e-02,-7.15925955e-03,9.55496661e-02
-1.05873924e-01,-4.18095047e-02,3.28571183e-02,-8.61924950e-02,-2.72199871e-02,-3.21705627e-02,-2.11174495e-02,2.01600918e-02,-2.13437256e-04,1.28721918e-01,6.39374062e-02,-3.59783237e-02,8.42592948e-02
-9.81859679e-02,-3.48605276e-02,6.66283530e-02,-8.65548379e-02,-6.33718927e-02,-1.06258345e-01,-4.55744106e-02,1.22797733e-02,-4.77912237e-02,1.40758233e-01,1.02261482e-01,-4.49261824e-02,8.63697308e-02
-9.23445757e-02,-3.98955994e-02,4.56090253e-02,-8.67444589e-02,-6.77571583e-02,-1.10766223e-01,-2.05206297e-02,5.30428747e-02,-3.18947524e-02,1.15967243e-01,1.14845841e-01,-2.61517795e-03,8.94944446e-02
-1.38244070e-01,-8.13229570e-02,-2.63789997e-03,-1.09819925e-01,-1.24826319e-01,-1.61555949e-01,-5.41335082e-02,3.72595423e-02,-5.64774186e-02,6.63969699e-02,1.17116163e-01,1.64103430e-02,8.25003702e-02
-1.26589869e-01,-6.67055820e-02,-1.20229414e-02,-1.03959706e-01,-1.29582701e-01,-1.45404026e-01,-2.81230211e-02,4.03408473e-02,-6.63632492e-02,1.40334400e-02,1.15998732e-01,3.91035371e-02,6.18205623e-02
-7.33104565e-02,-5.96406721e-02,-1.46384579e-02,-5.21239109e-02,-7.72604404e-02,-6.00441165e-02,1.27467112e-02,2.42363056e-02,-5.43076000e-02,-1.35916916e-02,9.96238523e-02,4.28571425e-02,3.01242250e-02
-2.64051102e-02,-3.57678028e-03,2.81226410e-02,1.65351813e-02,-8.70699158e-02,-6.02049707e-02,6.98398889e-02,3.46900974e-02,-1.34446704e-02,-2.72303594e-02,9.79200777e-02,6.80576076e-02,2.81379281e-03
3.32860160e-02,3.78602512e-02,8.10134970e-02,3.44911985e-02,-3.75637323e-02,7.46777847e-03,8.21300348e-02,8.50763131e-03,9.04371479e-03,-7.48536378e-02,6.49203617e-02,4.63050894e-02,-2.49626091e-02
5.02964539e-02,6.17477120e-02,8.18256144e-02,-6.73391566e-03,-3.82471493e-02,4.10373429e-02,1.31836514e-01,1.56031791e-04,1.09058688e-02,-6.66701050e-02,3.78202700e-02,6.70266854e-02,-1.98959360e-02
1.35755287e-02,1.78920367e-03,4.05507001e-02,-1.56743806e-02,-6.31413660e-02,6.26104316e-02,1.41801006e-01,2.07278071e-02,5.12401396e-02,-1.98736299e-02,2.60180568e-02,4.73069896e-02,-3.63729257e-02
1.12009492e-02,-3.19653903e-02,3.58784585e-02,-2.06326016e-02,-5.54169909e-02,5.74175783e-02,1.11567376e-01,2.75016614e-02,6.53546439e-02,8.38242959e-03,1.45315795e-02,2.02163738e-02,-4.69289898e-02
5.17151141e-02,-3.50214662e-02,1.56638144e-02,3.12093501e-03,-7.71104019e-03,6.88480381e-02,9.00251753e-02,2.01882369e-03,4.41589265e-02,1.75994275e-02,1.43744155e-02,8.34156755e-03,-3.40866612e-02
2.86767333e-02,-7.13610330e-02,-5.70475045e-02,-3.03912786e-02,-1.55496925e-02,4.39821460e-02,3.17636883e-02,-4.84305088e-02,1.98744810e-02,3.44842065e-02,1.70814594e-02,-6.93748138e-03,-4.45095158e-03
4.78895608e-02,-2.15481841e-02,-5.47802247e-02,3.72860031e-03,-8.22512886e-03,3.03792706e-02,-2.48785710e-02,-5.41858824e-02,1.24437621e-02,3.44475939e-02,5.44316913e-03,-3.52570699e-02,1.79242771e-02
5.07190386e-02,-2.24954101e-02,-7.65554027e-02,4.42875475e-02,3.67724414e-02,7.31124435e-02,-3.82474126e-02,-7.11985433e-02,-2.74660024e-03,1.28760469e-02,-1.21073407e-02,-6.32292343e-02,2.81263175e-02
7.26461389e-02,2.80860852e-02,-6.09910218e-02,9.87029333e-02,3.12967381e-02,4.76767499e-02,-2.67547378e-02,-4.69385592e-02,-1.58614188e-02,-3.17550690e-03,1.78975937e-03,-4.79241359e-02,4.64129927e-02
9.26746693e-02,6.71801203e-02,-3.51137007e-02,1.15795286e-01,2.22653707e-02,3.92219031e-02,-3.64702348e-02,-6.10870506e-02,-5.38894936e-03,-1.59376288e-02,-1.72565819e-02,-5.44708847e-02,3.58781410e-02
1.15127362e-01,1.00696372e-01,-1.44157807e-02,1.07381459e-01,1.28098967e-02,4.38451212e-02,-2.82543088e-02,-7.09869732e-02,-4.80340718e-02,-4.50976001e-02,-2.62817309e-02,-1.78379779e-02,5.60597772e-02
5.36466451e-02,5.27167942e-02,-2.27404935e-02,9.02016084e-02,9.58129279e-03,2.96872058e-02,-2.04915388e-02,-2.53732089e-02,-4.88652546e-02,-5.60959242e-02,-3.42578773e-02,-4.06422774e-03,5.40688719e-02
8.45512639e-03,5.14671525e-03,-1.72449754e-02,5.77167847e-02,8.98073123e-03,2.73615930e-02,-6.62421155e-03,3.69230912e-02,-1.73422483e-02,-5.12993148e-02,-4.35745262e-02,1.71756867e-02,1.78787243e-02
-3.16560964e-03,-4.32629767e-03,-1.42030051e-02,1.58089437e-03,2.68292154e-02,1.07505108e-02,-2.83948039e-02,3.62167756e-02,-1.15785234e-02,-6.17305408e-02,-4.16726754e-02,3.97730224e-02,1.07420836e-03
-3.87032916e-02,-2.27381645e-02,-2.06764370e-03,-2.54416390e-02,3.51179357e-02,-2.10515924e-03,-3.16766503e-02,2.81619637e-02,1.01804153e-02,-2.79948146e-02,-1.77131711e-02,5.36076074e-02,-8.46862619e-03
-8.48466665e-02,-4.67951504e-02,-1.48519877e-02,-5.08758650e-02,1.72529455e-02,-6.61621481e-02,-7.04383069e-02,2.46157551e-02,7.08705829e-03,-4.24201611e-03,1.46209282e-03,5.24898684e-02,-2.12512651e-03
-8.24663300e-02,-2.78349567e-02,-9.94380445e-03,-7.30473813e-02,4.57114913e-02,-6.43014654e-02,-7.83347465e-02,2.34575815e-02,1.90804423e-02,-3.90637361e-03,1.11618857e-02,4.98628883e-02,-1.18409197e-02
-4.02518409e-02,6.02930214e-03,1.66634632e-02,-4.19585328e-02,3.70039605e-02,-7.29929629e-02,-4.72368795e-02,1.61170077e-02,1.10209543e-02,1.28319670e-02,3.92198852e-02,3.37540012e-02,-1.71368078e-02
-1.06402567e-02,1.50396642e-02,1.33169439e-02,-2.24159681e-02,3.56828151e-02,-6.04576448e-02,-7.71809857e-03,7.72707825e-03,2.48635708e-02,2.47764582e-02,3.68025744e-02,1.96960527e-02,-2.98656118e-02
1.53399090e-02,2.36965086e-02,1.72181923e-02,-1.34897560e-02,1.41111263e-02,-5.83274680e-02,1.04310090e-02,-8.79682331e-03,1.82666663e-02,3.19471372e-02,3.84674665e-02,2.26251164e-02,-7.65774110e-03
2.61566966e-02,-4.38951102e-03,6.79355549e-03,-5.61637064e-03,2.31658920e-02,-4.17859852e-02,3.36266267e-02,6.50747609e-03,5.48892964e-03,8.75358250e-03,4.43854041e-02,8.15977758e-03,1.34612461e-02
4.19999585e-02,-1.64990658e-02,9.37591976e-03,4.39818437e-03,2.74912354e-02,-4.75338937e-02,3.41328283e-02,9.70283844e-03,-1.90341473e-02,5.98720385e-03,6.02535963e-02,1.44670727e-02,6.64069328e-03
6.68998888e-02,5.72004820e-04,2.77884862e-02,-1.70073823e-02,3.25176087e-02,-1.90856975e-02,4.24567434e-02,4.89382704e-02,-6.00845115e-03,3.81730586e-03,4.90920941e-02,-2.85739294e-03,-2.32643390e-03
6.25249137e-02,4.37979641e-03,5.61944781e-02,-7.80823151e-03,2.42115229e-02,-2.64342500e-03,3.83373464e-02,4.52092955e-02,6.82306128e-03,9.56243806e-03,5.25466691e-02,-5.06181427e-03,-2.08696089e-03
1.41619417e-02,-3.70327972e-02,1.12258914e-02,-3.59583277e-02,-3.46099503e-03,-3.90790273e-02,2.10731715e-02,1.73160617e-02,-1.96269488e-02,-9.63448457e-03,2.85819279e-02,-2.20329010e-02,-7.05186595e-03
-2.02422413e-03,8.74851479e-03,2.24703771e-03,-3.78840571e-02,-1.68713640e-03,-1.81839129e-02,-1.26269435e-02,-3.81029524e-03,-2.08991565e-02,-1.89945768e-02,2.34607433e-02,-1.52930463e-02,-2.47271189e-02
-1.83250703e-02,2.98626162e-02,-2.24121743e-02,-2.76528727e-02,-1.92752951e-02,-9.76339582e-03,-2.67876558e-02,-5.24546456e-02,-2.22968506e-02,-1.24242637e-02,-2.35410427e-02,-3.36681377e-02,-3.14869784e-02
-1.69460838e-02,3.20649243e-02,-5.51557085e-02,-1.81921315e-04,-4.37099611e-02,-1.94099430e-02,-3.76333095e-02,-7.06606864e-02,-2.73611259e-02,-3.45669009e-02,-6.66519585e-02,-4.21829777e-02,-6.51574410e-02
-5.77794805e-03,6.01866353e-02,-5.46970826e-02,1.92886264e-02,-4.62586145e-02,-4.02816924e-03,-2.22040412e-02,-7.75112618e-02,-3.00670195e-02,-3.65197819e-02,-9.97626333e-02,-2.99738574e-02,-7.97321816e-02
-7.65211366e-03,4.37920429e-02,-6.73104961e-02,1.59595034e-02,-3.10802936e-02,2.58675399e-02,-6.42358724e-03,-7.03287915e-02,-2.89696243e-02,-4.94719254e-02,-1.13063731e-01,-9.60113318e-03,-7.63201969e-02
-2.83674867e-02,3.64080240e-02,-8.06097554e-02,1.68145678e-03,-2.35184990e-02,1.67411357e-02,3.48794862e-03,-4.02808143e-02,-1.60492482e-02,-1.98340737e-02,-7.86130745e-02,2.78757098e-02,-6.84873441e-02
-5.67381508e-02,1.58600973e-03,-8.05933081e-02,-1.34349317e-02,-8.30248036e-03,4.29602067e-02,2.43561633e-02,2.34652865e-02,4.17627805e-03,2.39044723e-02,-4.08462755e-02,2.71934994e-02,-6.37991317e-02
-7.92581027e-02,-1.65830542e-02,-7.19355419e-02,-2.65792074e-02,2.08425008e-03,6.46334932e-02,2.14217813e-02,5.12422146e-02,1.68869023e-02,3.67314193e-02,9.43659419e-03,5.65446012e-02,-2.29367961e-02
-7.53447398e-02,-2.58072417e-02,-3.43562482e-02,-2.38793189e-02,2.73015076e-02,5.11323909e-02,3.74986528e-02,8.78057485e-02,4.83547254e-02,5.71782887e-02,3.04327659e-02,4.23461458e-02,5.53841295e-03
-7.64896931e-02,-1.55112278e-02,-3.23767075e-03,-1.36007696e-02,4.08230984e-02,6.88873828e-02,5.08532173e-02,1.01394675e-01,5.45902109e-02,5.28308767e-02,5.45364590e-02,2.35664622e-02,1.76109648e-02
-7.51023297e-02,-1.11156068e-02,1.72464144e-02,-3.58207324e-03,6.82250820e-02,9.32898438e-02,5.91304252e-02,2.67353437e-02,1.90199447e-02,5.84270721e-02,4.19975735e-02,2.59781741e-03,4.46746118e-02
-9.21065720e-02,-4.76073481e-02,1.08952874e-02,2.87222856e-02,6.10916781e-02,7.04788614e-02,4.86190218e-02,9.20610549e-03,2.51923204e-02,5.07835033e-02,1.53056033e-02,-2.32580991e-02,2.06244099e-02
-7.69048400e-02,-1.34285821e-02,3.73805810e-02,3.77071171e-02,2.67469744e-02,1.97220000e-02,1.27602937e-02,-9.81510809e-03,6.13790009e-03,1.37906893e-02,-2.56641475e-02,-4.00052338e-02,4.33066541e-03
-6.93205929e-02,-2.58485306e-02,4.14710067e-02,4.41378550e-02,6.82263988e-03,4.15654134e-03,1.08649935e-02,-3.95688925e-02,-2.01927155e-02,-4.23327799e-02,-3.84118067e-02,3.25015293e-03,3.25471762e-02
-3.08035796e-02,-9.97810480e-03,5.47369002e-02,6.07329519e-02,1.54805495e-02,-1.13390133e-02,-2.51063956e-02,-7.38945459e-02,-2.23374633e-02,-7.11414496e-02,-6.90159355e-02,2.22088166e-02,3.25158031e-02
-2.43537312e-02,-2.66085086e-02,2.60272707e-02,5.82735472e-02,-5.38834936e-03,-4.79610609e-02,-3.66174830e-02,-6.32072178e-02,-2.79932226e-03,-6.85094821e-02,-4.85828862e-02,1.56143163e-02,4.77220327e-03
-1.18840356e-02,-3.08885966e-02,-1.93711619e-02,1.23534907e-02,-4.34378851e-02,-6.64125252e-02,-6.21930992e-02,-6.85027531e-02,1.20348698e-03,-7.50549496e-02,-2.24942866e-02,4.23441540e-02,6.63498269e-03
3.96680101e-02,3.60480619e-04,-8.26564941e-03,9.91296330e-04,-6.88055235e-02,-7.95401465e-02,-6.23709640e-02,-7.01991091e-02,4.72050257e-03,-7.49401141e-02,-1.13187313e-02,4.98059951e-02,-4.02165165e-03
5.79668430e-02,4.05995533e-03,-1.36405463e-02,-4.28115417e-02,-1.14446649e-01,-1.03357042e-01,-5.12665780e-02,-3.33490034e-02,1.98508907e-02,-1.00894025e-01,-2.78787172e-02,1.36042624e-02,-3.87197002e-02
1.17450853e-01,3.41387040e-02,1.10329935e-02,-6.59260371e-02,-9.98729528e-02,-7.40260644e-02,-6.74171074e-04,-2.68484996e-02,-6.77772709e-03,-7.17035489e-02,-1.41816183e-02,2.77226442e-03,-3.53589948e-02
1.03993602e-01,2.66864873e-02,1.43396445e-02,-5.53486792e-02,-8.07566207e-02,-3.91851513e-02,3.22719149e-02,-3.37860401e-03,-3.31357963e-02,-5.60380171e-02,-2.09817615e-02,-2.22463371e-02,-5.11858992e-02
1.08252007e-01,6.12688920e-02,3.46148558e-02,-3.68114873e-02,-5.90444659e-02,-3.90675585e-02,1.01274160e-02,2.64432006e-02,-4.17700307e-02,-1.93001016e-02,-5.40448965e-02,-6.40342803e-02,-7.06440770e-02
6.07905613e-02,4.22113316e-02,1.63277951e-02,-1.35761643e-02,-7.16955988e-02,-2.24315833e-02,5.15938973e-02,7.49949141e-02,-2.44637717e-02,1.60815096e-02,-3.19301847e-02,-3.53776434e-02,-1.24103268e-02
5.97658770e-02,3.89932891e-02,3.79468015e-02,5.11837415e-02,-8.21440821e-03,9.60838437e-04,2.65651169e-02,5.55082445e-02,-3.03808737e-02,1.86621363e-02,-4.67151687e-02,-3.03912310e-02,2.17897552e-02
4.66031282e-02,2.02972665e-02,9.63071544e-03,8.10503715e-02,3.22550594e-02,-1.12463189e-02,3.19734012e-04,5.32296573e-02,1.23707683e-02,3.57546960e-02,-3.04608422e-02,-5.00392730e-02,2.80073496e-02
4.93541874e-02,5.22180065e-03,-2.39323583e-02,8.90171795e-02,8.35390929e-02,-2.14334346e-02,2.02627065e-03,6.65231912e-02,3.21919166e-02,6.70504010e-02,-2.04542576e-02,-5.60399752e-02,3.82749215e-02
3.29843939e-02,2.05830291e-02,1.27904045e-03,7.96557742e-02,1.08719089e-01,-3.68101713e-02,-3.71627926e-02,4.49218507e-02,1.88513203e-02,5.56129374e-02,-4.28148305e-03,-5.39627877e-02,6.13669187e-02
5.94256005e-03,1.74196235e-02,2.22389713e-02,1.36611791e-02,1.10288880e-01,-2.07921493e-02,-6.75446878e-02,3.25657675e-02,5.66796343e-03,4.22216715e-02,-2.13850229e-02,-7.72918686e-02,7.21585073e-02
1.67573146e-02,2.28118432e-02,6.55613148e-02,-2.38594284e-02,1.12522857e-01,-1.30363551e-02,-6.99018256e-02,2.73933578e-02,1.17444509e-03,3.35062164e-02,1.06635208e-02,-6.21717244e-02,8.22340451e-02
2.19022623e-03,2.82630709e-02,1.18279019e-01,-4.37845136e-02,1.01029814e-01,-6.43281876e-03,-8.47833096e-02,1.20824635e-02,-3.81068087e-02,1.45999638e-03,4.91396593e-02,-6.39290084e-02,7.79069341e-02
-2.33672995e-02,1.44415176e-02,1.36180414e-01,-3.80514552e-02,1.15253962e-01,3.23887083e-02,-8.62294681e-02,4.49273002e-03,-4.76501276e-02,5.93232066e-03,5.48521904e-02,-6.63822410e-02,5.94167240e-02
-3.36843654e-02,-1.72118230e-02,1.25618352e-01,-3.28080513e-02,7.75863231e-02,4.84555024e-02,-6.38895289e-02,-7.92797592e-04,-4.77672889e-02,1.58408466e-02,6.40703408e-02,-5.08253887e-02,7.23225458e-02
-4.72095431e-02,-2.26463670e-02,1.28252724e-01,2.62029921e-02,5.83851852e-02,4.68113999e-02,-4.55309665e-02,1.31959707e-02,-2.84096774e-02,2.11871112e-02,9.65162438e-02,-2.35157129e-02,6.20400839e-02
-6.94239889e-03,-1.08134908e-02,1.03068491e-01,4.18936399e-02,2.38035550e-02,7.04080447e-02,-3.65740630e-02,3.64007270e-03,-4.65057950e-04,2.07845224e-02,1.12698346e-01,-6.58050560e-03,5.30911383e-02
1.09470822e-02,-3.36860973e-02,5.35109322e-02,5.46982864e-02,4.99919481e-03,8.02669742e-02,2.14818581e-02,2.59489496e-02,2.22413166e-02,5.49345205e-02,1.08077525e-01,1.24420964e-02,3.63249317e-02
-4.74011708e-05,-7.45304435e-03,3.90102865e-02,4.49477445e-02,-6.16027696e-03,7.01078412e-02,2.45607664e-02,3.03990146e-02,3.35544794e-02,4.04412482e-02,8.86499688e-02,1.59281632e-02,3.63258239e-02
-1.66039855e-02,4.13694260e-03,3.68005221e-02,3.42623451e-02,-9.78768267e-03,1.08654233e-01,5.08296566e-02,3.80179046e-02,2.92279292e-02,4.61447463e-02,3.66497987e-02,-2.63158012e-02,5.11514701e-02
-1.02491964e-02,1.93527658e-03,9.99227298e-03,2.90014967e-02,-3.87408678e-03,1.09996743e-01,3.65182324e-02,1.24120087e-02,3.08193712e-06,1.54247718e-02,2.61485516e-02,-2.55442516e-02,3.77096448e-02
2.12999035e-02,1.93433564e-02,1.23535178e-02,3.68243068e-02,-1.58983007e-02,9.68804318e-02,3.08319874e-02,3.23181669e-02,-2.71955737e-03,1.31897575e-02,2.48758212e-02,-3.04877366e-02,1.62598518e-02
2.56161794e-03,2.28010039e-02,2.60690668e-02,4.47347537e-02,-6.64404835e-03,6.84488115e-02,2.26936688e-02,1.59878855e-02,8.64887950e-04,9.69155319e-03,2.91066880e-02,-3.33697869e-02,-1.32975583e-02
4.23212097e-02,-4.76001952e-03,2.05082653e-03,2.69570910e-02,-1.85672698e-03,6.04916494e-02,2.19607355e-02,-9.74899495e-03,-3.02582272e-02,-3.03621828e-02,-3.73151153e-03,-2.91702574e-02,-7.10548974e-03
3.56628855e-02,-3.19056813e-02,-1.95410679e-02,2.10888360e-02,-2.07912716e-02,3.63450025e-02,4.10445974e-02,-2.62773404e-03,-1.69835445e-02,-3.15289154e-02,1.01624490e-02,9.59665025e-03,-3.66074283e-02
3.74099820e-02,-2.63931126e-02,-1.07036592e-02,1.00947162e-02,-3.34824183e-02,1.98820063e-02,3.78614440e-02,1.18546838e-02,-1.07940667e-02,-1.38685742e-02,1.62367670e-02,2.51203694e-02,-4.25280574e-02
2.66365237e-02,-2.28500880e-02,1.88917873e-02,-1.97130755e-02,-3.46477379e-02,9.18980512e-03,4.96020106e-02,4.49298190e-03,-2.36169815e-02,-7.21083841e-03,1.56037184e-02,6.36849232e-02,-1.93220519e-02
4.22482216e-02,-1.14717631e-02,3.58638812e-02,-4.30054369e-02,-4.54486725e-03,-2.48808836e-03,6.60625238e-02,-1.91555964e-02,-3.99807754e-02,-1.39731487e-02,2.76631257e-02,7.48025176e-02,-3.33342162e-02
1.16749093e-02,-8.29099984e-03,6.45856331e-02,-3.78988185e-02,-1.00932104e-03,1.79945035e-02,9.97873262e-02,-6.41070185e-04,-4.38456056e-02,-1.25580835e-02,1.58625600e-02,4.89975334e-02,-3.67790296e-02
-1.16508952e-02,1.58877502e-02,8.39980270e-02,-2.67772364e-02,1.28334756e-02,2.85088828e-02,6.74236924e-02,-3.16021632e-02,-4.88505564e-02,-1.46281859e-02,-2.40881566e-03,3.75372713e-02,-2.36532929e-02
-1.09313623e-02,2.63424976e-02,8.30252611e-02,-1.41060862e-02,-5.72298222e-03,1.52977551e-02,5.61113774e-02,-1.21777710e-02,-5.30179530e-02,-1.17042643e-02,-1.39040855e-02,4.69222063e-02,-2.16153072e-02
-1.83397458e-02,4.82600080e-02,1.19455145e-01,2.20703244e-02,1.80009535e-02,-1.54704824e-02,1.14188021e-02,-3.72707731e-02,-5.13799574e-02,1.36895124e-02,8.22868719e-03,4.80060905e-02,-4.54784693e-02
1.22975882e-02,3.65934508e-02,9.13027683e-02,4.05387819e-02,3.32440825e-02,-1.17689985e-02,8.74165346e-03,-3.58965215e-02,-3.89971201e-02,-1.39619168e-02,-2.85584128e-02,1.91471720e-02,-3.28711739e-02
-3.11931372e-02,-6.75638370e-04,4.79657477e-03,5.96945687e-02,3.90358087e-02,-3.84699723e-03,1.70368123e-02,-3.83207355e-02,-6.29600963e-03,-3.62036106e-02,-2.23754382e-02,2.07223282e-02,-3.92113201e-02
-5.34706472e-02,1.25202582e-02,-6.83204775e-02,6.63350895e-02,3.67647672e-02,-1.84587494e-02,-1.58659055e-02,-3.25882846e-02,1.69290997e-02,-1.34028039e-02,-3.15260057e-02,1.26424893e-02,-4.39624909e-02
-7.35422927e-02,2.88447301e-02,-9.38002452e-02,6.63063257e-02,4.49865163e-02,-2.43550891e-02,-8.08459330e-03,-3.98420832e-02,4.14018802e-02,-1.29245508e-02,-7.04590936e-02,7.85039062e-03,-4.09500376e-02
-3.67676642e-02,3.34723364e-02,-1.41264255e-01,6.06987700e-02,2.82561583e-02,-4.60793990e-02,1.94457064e-02,-5.23181153e-02,4.56733086e-02,-1.97741955e-02,-7.67121553e-02,-6.39288033e-03,-6.88339453e-02
-4.97067431e-02,3.28274757e-02,-1.71752284e-01,3.62310416e-02,1.46020202e-02,-4.15533974e-02,3.33739702e-02,-1.60904153e-02,5.83925407e-02,-2.27204988e-02,-5.53833844e-02,1.65203560e-02,-6.85315832e-02
-5.88951412e-02,5.88311424e-02,-1.48236370e-01,2.04933403e-02,-1.88063612e-02,-4.09146480e-02,2.34764866e-02,-1.84336943e-03,8.86312536e-02,-6.13414862e-03,-7.69543118e-02,4.77180868e-03,-3.56751830e-02
-3.93831207e-02,6.12800183e-02,-1.30370822e-01,1.18336635e-03,-2.93498029e-02,-4.34096091e-02,2.53019020e-02,1.76952800e-02,8.64416864e-02,5.45940679e-03,-9.09038383e-02,1.08959758e-02,-1.98013394e-02
-3.35755715e-02,4.82040349e-02,-8.96532434e-02,-1.89835906e-03,-2.74829277e-02,-3.08672749e-02,-3.02464274e-04,3.74512600e-03,4.24599250e-02,3.95755064e-02,-6.66384269e-02,3.59617542e-02,6.56108045e-04
-2.06776594e-02,9.76872426e-03,-6.37236798e-02,-3.50514136e-02,-6.09145349e-02,-2.75678722e-02,7.48984298e-03,2.61350774e-02,4.65839557e-02,5.94432452e-02,-5.69196123e-02,2.31387617e-02,1.92855654e-02
-4.20403810e-02,-1.75168022e-02,-5.89170976e-02,-2.31408373e-02,-3.85646252e-02,-2.59127365e-02,3.97309021e-04,4.06240071e-02,5.24799127e-02,3.62496166e-02,-2.79325466e-02,1.65388516e-02,2.81715364e-02
-3.28585809e-02,-5.50229598e-03,-6.36442327e-02,5.96407479e-03,1.44460933e-02,-1.38229522e-02,-2.80704347e-02,-2.19601748e-03,7.59129519e-03,3.70563569e-02,-6.70762207e-03,6.44195712e-03,4.80136406e-02
-3.66226882e-02,-4.22702885e-03,-4.40604582e-02,1.76991282e-02,5.98051404e-02,-1.68586015e-02,-2.56059945e-02,-7.03642096e-03,-2.31459745e-02,4.75970984e-02,-3.29885947e-03,-3.98040058e-02,1.73942146e-02
-1.40368753e-02,1.01369930e-03,-5.79769697e-02,1.32715805e-02,4.66830737e-02,-2.49190113e-02,-2.67843402e-02,-1.04290796e-02,-3.01550941e-02,3.63191445e-02,7.04277833e-03,-5.42327427e-02,-2.57301863e-03
-2.19352377e-02,3.63980295e-04,-4.05522604e-02,3.66074544e-02,7.41891063e-02,-1.97953718e-02,-4.22084975e-02,-3.85254775e-02,-5.84934974e-02,3.19604227e-02,3.29436864e-02,-3.97631619e-02,1.89931161e-02
-3.22339431e-02,-2.03964447e-02,-9.12251820e-03,3.36395542e-02,7.02432819e-02,-1.49304095e-03,-3.67780649e-02,-3.44572630e-02,-4.11792416e-02,1.96765167e-02,6.52134503e-02,-1.66957833e-02,2.41475987e-02
2.00561820e-03,-2.24159671e-02,2.32917923e-02,2.53409928e-02,8.39895298e-02,9.33910236e-03,-3.29594808e-02,-2.35996552e-02,-1.10591048e-02,-3.60350197e-03,3.66936096e-02,-3.03724333e-02,-3.24725879e-03
2.18923976e-02,-1.84197838e-02,3.12727981e-02,1.35724102e-02,8.29990942e-02,2.64350048e-02,-3.80713076e-02,-4.13914864e-02,-3.35400174e-02,-3.06125946e-02,1.04392253e-02,-3.69898906e-02,2.75704366e-03
9.00627408e-03,-5.51187385e-02,1.79600075e-02,-8.35988293e-03,4.44905344e-02,2.49979552e-02,-3.62280995e-02,-2.49051397e-02,-2.27314256e-02,-5.01807523e-02,1.58247162e-02,-4.28171014e-02,-2.08776032e-02
4.52876196e-02,-4.37659620e-02,4.20623224e-02,-3.18076272e-02,-1.12770734e-02,-2.07446347e-04,-2.98196437e-02,-3.24266448e-04,5.92802595e-03,-5.74030405e-02,-9.34053758e-03,-2.73029634e-02,-3.16119375e-02
5.32045146e-02,-3.82550352e-02,3.00576682e-02,-6.18586137e-02,-2.28707448e-02,2.08603257e-02,-2.49647883e-02,-2.69314709e-02,2.29658732e-02,-3.07302013e-02,-9.40349533e-03,-2.55284687e-02,-1.87572635e-02
5.35775853e-02,-1.69387694e-02,4.08891872e-02,-7.02642825e-02,-3.77944154e-02,-1.60504243e-02,-4.23064675e-02,-1.65222390e-02,5.34558878e-03,-3.68316230e-02,-1.18914823e-02,-2.86736121e-02,-2.53876745e-02
4.77010680e-02,2.69165816e-02,1.34982581e-02,-6.31705871e-02,-3.67655209e-02,-4.39530717e-02,-3.75654687e-02,2.10708786e-02,1.86392222e-02,-2.48863840e-02,-1.10469557e-02,-4.52340188e-02,-4.04384081e-02
4.71356047e-02,5.37295581e-02,1.74142650e-02,-1.99274762e-02,-1.06354159e-02,-5.02649825e-02,-3.51545596e-02,2.07740102e-02,-1.70535590e-02,-4.45428132e-03,-2.24196983e-02,-3.86346631e-02,-2.09125228e-02
-1.75721941e-02,-2.95799746e-03,-1.09231513e-02,5.70510197e-03,-1.40736680e-02,-3.34481328e-02,-2.59435392e-02,4.36951487e-02,2.15958049e-02,3.12953116e-02,1.68617742e-02,1.41116042e-02,-6.60131889e-03
-5.84662536e-02,-3.37383887e-02,-2.16489684e-02,2.18790882e-02,-1.30029781e-02,-3.05327776e-02,-4.44030670e-04,6.25530992e-02,3.41949228e-02,2.10547629e-02,-1.95005326e-03,2.95964365e-02,-1.05937382e-02
-4.68325120e-02,-3.63195338e-02,-4.32907874e-02,2.18140608e-02,-1.64123626e-02,-1.61737107e-02,9.75591850e-03,3.42703469e-02,2.26749750e-02,5.19832012e-03,-3.87852432e-02,2.22115533e-02,-8.90540662e-03
-3.19686833e-02,-6.23076444e-02,-6.62058791e-02,5.38952074e-02,2.26853477e-03,-4.40768152e-03,2.12853278e-02,3.18033641e-02,8.95741757e-03,-3.11958017e-02,-6.63732337e-02,2.46141136e-02,-3.94502040e-02
2.84344608e-03,-5.83904877e-02,-4.77842374e-02,6.85158322e-02,-2.26496020e-02,-1.97891517e-02,2.42975272e-02,1.32034536e-02,-2.91158598e-03,-4.24624752e-02,-9.56511774e-02,3.97721042e-02,-2.40836213e-02
-1.67767292e-02,-7.15430442e-02,-4.81578737e-02,-2.03106302e-02,-2.89823333e-02,1.50105962e-02,-6.94582459e-03,-7.50546290e-03,6.81478824e-03,-1.07687874e-02,-8.51759177e-02,3.32099739e-02,-1.06983595e-02
-3.32631013e-02,-5.05798093e-02,3.18009821e-03,-2.46463411e-02,-7.13415876e-03,1.63717662e-02,-6.40904331e-02,7.76031838e-03,-2.46775360e-03,-3.50043655e-02,-5.19326348e-02,5.07143863e-02,1.59142537e-02
-2.71042892e-02,-2.75566723e-04,6.21890634e-02,-1.97694359e-02,4.54406626e-02,9.44400176e-03,-7.89328816e-02,2.54937472e-02,-2.35716626e-03,-5.79519750e-02,-7.73696182e-03,2.89237457e-02,2.95580105e-02
-1.65817748e-02,3.66374745e-02,1.27257032e-01,1.29576421e-03,5.51205446e-02,9.90441423e-04,-8.85875870e-02,4.88115997e-02,-5.86642411e-03,-7.98740925e-02,-2.15604628e-02,3.70580454e-03,2.63025425e-02
-1.62904588e-02,-5.75772631e-03,1.31940433e-01,5.92877701e-03,5.71888839e-02,-2.04530587e-02,-8.83930135e-02,6.65762846e-02,1.16644163e-02,-5.02363891e-02,3.81226303e-02,3.14163516e-02,3.71692805e-02
1.36188681e-03,-1.96082389e-02,1.11433067e-01,3.42453487e-02,5.56588401e-02,-4.03579607e-02,-3.37724539e-02,5.57804864e-02,-9.45716799e-03,-5.70309037e-02,7.74797201e-02,4.99764851e-02,4.41712640e-02
1.80049098e-02,-3.71898587e-02,7.33269035e-02,3.50800145e-02,5.10684258e-02,-2.68370000e-02,-5.33190104e-03,2.60689317e-02,-3.18855762e-02,-7.05576535e-02,8.52508500e-02,6.00138000e-02,2.40344876e-02
4.36270935e-02,-7.01985990e-02,2.57324670e-03,3.86733278e-02,4.16189069e-02,-2.47406706e-02,2.20087442e-02,2.89034765e-02,-3.71124691e-02,-5.35638853e-02,1.10340800e-01,8.45995734e-02,5.30251088e-03
3.93610526e-02,-7.97166331e-02,-1.14943645e-02,6.27210142e-02,-1.31940883e-02,-5.44494203e-02,3.42209481e-02,2.30564717e-02,-2.90173754e-02,-6.02914415e-02,7.39595752e-02,8.66505120e-02,2.12432458e-02
-1.29402735e-02,-1.06628088e-01,-1.55904092e-02,4.42636570e-02,-3.50553520e-02,-7.68760023e-03,1.02437077e-02,-8.59769500e-03,-3.69832588e-02,-1.75496184e-02,7.41838888e-02,7.92584313e-02,2.20547943e-02
-3.09421222e-02,-7.51412020e-02,-2.31627446e-02,4.94216479e-02,-1.34978952e-02,1.91734908e-02,-1.65745985e-02,-1.12429835e-02,-1.73042349e-02,1.80628392e-02,7.82053324e-02,7.50719858e-02,-1.35030452e-03
-3.14733223e-02,-5.21546606e-02,-3.08370184e-03,3.52760643e-02,-5.52216566e-03,3.03926202e-02,-2.69619924e-02,-5.13294968e-03,-9.46861713e-03,2.56854551e-02,9.28455771e-02,5.64459916e-02,8.79817403e-03
-7.67194177e-02,-3.73872584e-02,2.00720234e-02,1.47702864e-02,-3.94347114e-02,4.11445251e-02,-3.67168035e-02,-1.09686421e-02,3.26776877e-03,2.85621435e-02,3.68341237e-02,6.65244658e-03,-2.50140474e-03
-2.40075098e-02,-1.29508399e-02,4.33222038e-02,-4.79088686e-03,-4.06701066e-02,2.23120781e-02,-1.77988574e-02,-1.92534243e-02,3.42083437e-02,3.79086231e-02,7.41324655e-03,-2.41047258e-02,-1.03351441e-02
3.20918154e-02,6.05314037e-03,3.89315601e-02,1.29230596e-02,-3.40996220e-02,2.41414353e-02,3.10797703e-02,-3.35172252e-02,3.28895847e-02,5.26833690e-02,-8.30551544e-03,-3.29493332e-02,-2.91895389e-02
8.10490535e-02,6.88021704e-02,2.30041997e-02,1.27057948e-03,-3.60572923e-02,3.11357006e-02,3.85028664e-02,-3.00882808e-02,4.97406620e-02,5.09866828e-02,-4.40492593e-02,-5.13029136e-02,-4.49166012e-02
1.19051593e-01,8.30617997e-02,-3.82660647e-02,-3.69222403e-02,-2.42994385e-02,2.26843025e-02,4.08024325e-02,-3.37205633e-02,7.37344437e-03,5.85196138e-02,-2.40460590e-04,-3.22112955e-02,-4.74401162e-02
8.15264885e-02,8.36131954e-02,-3.62914791e-02,-6.47251880e-02,-4.89168166e-02,8.12380291e-03,2.73261695e-02,-1.25660922e-02,-9.92549841e-03,1.63233584e-02,-2.12211559e-02,-3.53127039e-02,-1.41925992e-02
1.44603616e-02,4.75141422e-02,-2.54130038e-02,-6.35698426e-02,-5.37178501e-02,6.93020755e-03,3.01041915e-02,6.64266832e-03,6.81514545e-03,1.77667044e-02,-7.46321170e-03,-3.80384337e-02,-1.68510155e-02
1.54410773e-02,4.94054537e-02,-5.79180720e-03,-4.04359413e-02,-1.89871658e-02,2.44159217e-02,1.66604181e-02,2.78708307e-02,3.23312791e-02,1.88910466e-02,-2.76325976e-03,-4.30364153e-02,-4.95320316e-02
9.90206869e-03,4.17809673e-02,1.70738824e-03,-2.06492161e-02,-1.35963350e-03,1.28521761e-02,-1.65869235e-02,1.67328951e-02,1.50082530e-02,6.89014087e-03,1.02676651e-02,-2.56947643e-02,-4.26307423e-02
-2.47933012e-02,1.20399649e-02,-2.21273485e-02,-5.68375796e-02,-1.92264088e-02,-7.49586796e-03,-4.34881002e-02,-7.98092670e-03,7.96788995e-03,-1.65414184e-02,9.77083866e-03,-4.96362473e-03,-1.80691111e-02
-2.68802947e-02,-1.47874459e-02,-3.10676140e-03,-5.75558332e-02,-2.68950557e-02,-3.83739268e-02,-4.77808194e-02,1.22718517e-02,5.70091476e-02,-1.35153775e-02,-3.28856987e-03,-1.17163460e-02,-1.13438674e-02
-3.02905965e-02,-3.07584774e-02,1.53738209e-02,-1.85468867e-02,1.49268409e-02,-1.62732537e-02,-2.55603779e-02,2.28915715e-02,6.01093419e-02,5.21617076e-04,7.21605894e-03,2.07050008e-03,-2.75517174e-02
-1.49740143e-02,6.18064464e-03,4.61815301e-02,1.22196772e-02,9.33390827e-03,-3.55592153e-02,-3.33803955e-02,2.99034053e-02,9.50047733e-02,1.95461433e-02,-1.34796852e-02,-1.84247722e-02,-2.75089959e-02
2.00000070e-02,-9.52065798e-03,1.39605542e-02,1.36389949e-02,1.33170212e-02,-5.17451474e-02,-2.07847144e-02,1.16427931e-02,4.88443873e-02,2.23811497e-02,-1.70590914e-02,9.75947838e-03,-2.17167684e-02
-8.64377215e-03,-2.00786754e-02,1.52069789e-02,2.94116248e-02,3.86345494e-02,-1.68772715e-02,-2.63289349e-02,-2.55791952e-02,2.60599422e-03,1.58078139e-02,-6.58710539e-03,2.73491985e-02,2.15709385e-02
-1.66985337e-02,2.82659565e-03,2.31461475e-03,3.22136031e-02,5.33027367e-02,-3.00029954e-02,1.28461216e-02,-3.18276633e-02,-6.59390628e-03,2.76225499e-03,-3.44729908e-03,1.16146980e-02,1.69060300e-02
1.69534995e-03,4.37895128e-02,-1.61962114e-03,1.99286928e-02,1.31106149e-02,-4.16509102e-02,4.46746526e-02,-2.10294095e-02,3.65453023e-04,-2.02964724e-02,-5.63418493e-02,2.53078189e-03,3.02403281e-02
2.47359349e-02,9.24870389e-02,-3.58893549e-02,2.57984202e-02,1.44711612e-02,-6.31638542e-03,4.44545042e-02,-6.51082332e-02,-1.02603641e-02,-3.54283808e-02,-9.08833907e-02,3.52461690e-03,1.40341730e-02
6.33908210e-02,1.18577577e-01,-6.86704910e-02,1.66530089e-03,-3.94857269e-03,3.64864029e-02,5.12597903e-02,-8.96445006e-02,-9.72481218e-03,-7.12322433e-02,-1.10015782e-01,-8.51900266e-03,4.46406372e-03
4.45539646e-02,9.64727060e-02,-9.28247023e-02,-5.08246836e-02,-3.47340989e-02,5.61146204e-02,5.01900407e-02,-5.98719973e-02,6.81610515e-03,-6.17249972e-02,-1.03799799e-01,-1.01165387e-02,-3.59726702e-03
6.34370594e-03,8.13448692e-02,-9.43960444e-02,-4.53123317e-02,-1.24048976e-02,7.22610746e-02,5.88368348e-02,-3.44514608e-02,7.56937230e-03,-6.58170833e-02,-8.75526099e-02,-2.11439373e-02,-2.29502509e-02
-4.96295647e-04,8.09006219e-02,-6.27050245e-02,-4.36730619e-02,4.92359269e-03,7.96053618e-02,6.25256196e-02,-5.66474250e-03,2.28037928e-02,-4.41854725e-02,-6.84947119e-02,-3.99301481e-02,-2.88090039e-02
-2.14525270e-02,2.42934255e-02,-7.66422730e-02,-7.88761048e-02,-1.17445792e-02,6.00131656e-02,3.80618048e-02,8.93654504e-03,1.17308106e-02,8.61937427e-03,-3.46168490e-02,-1.78704178e-02,-2.86995464e-02
-9.92314640e-02,-7.40644798e-02,-8.35708981e-02,-7.48456725e-02,-1.12776317e-02,6.04089124e-02,1.49311229e-02,2.30701904e-02,7.61938400e-03,4.72936421e-02,1.08593885e-02,1.97945709e-03,5.63310912e-03
-1.39462263e-01,-9.74317753e-02,-5.36842843e-02,-2.46389451e-02,5.48909575e-02,7.26685782e-02,2.07879922e-02,3.66736894e-02,-2.70683249e-02,4.23854298e-02,4.50504450e-02,-2.50289170e-02,-8.54329771e-03
-1.11786058e-01,-4.92348410e-02,1.09065159e-02,-1.24043240e-02,1.84173774e-02,4.10918834e-03,1.69850563e-02,4.75110990e-02,-1.61403850e-03,2.54514181e-02,9.31775595e-04,-2.93492955e-02,2.31089724e-02
-8.84912549e-02,-1.65676040e-02,3.14854566e-02,3.17049501e-02,1.99826937e-02,-1.43797561e-02,1.36595505e-02,2.74832420e-02,4.36661249e-04,3.17003924e-02,1.37629769e-02,-2.13636928e-02,5.11408482e-03
-3.34747837e-02,-1.07854254e-02,2.03966065e-02,5.40729291e-02,3.77267787e-03,2.00979233e-03,1.45855773e-02,-2.49342052e-03,-1.58958968e-03,2.57595849e-02,1.32943528e-02,-3.04489971e-02,-1.33018591e-02
1.21474212e-02,2.23338484e-02,5.07979718e-02,3.76169043e-02,-1.57466637e-03,1.62439805e-02,8.54093650e-03,-2.38773635e-02,-1.21052995e-02,2.23423745e-02,3.18095004e-02,-7.69981196e-03,-1.16955852e-02
3.46446672e-02,2.61759610e-02,5.64602713e-02,3.10417510e-02,-6.49715047e-03,9.89031886e-03,2.25401050e-02,-1.21206791e-02,-3.35887041e-02,-1.88998037e-02,2.88285621e-02,-4.44050921e-03,-3.85623679e-02
4.50034792e-02,3.91815559e-02,7.69627160e-02,1.95935268e-02,7.89569110e-03,2.71524719e-02,4.03337754e-02,-2.51888765e-02,-3.42105833e-02,-3.14594824e-02,3.81067189e-02,3.41850447e-03,-5.75788528e-02
3.69251241e-02,9.53514428e-03,7.19323280e-02,-2.19486455e-02,3.42842614e-02,4.46037072e-02,4.82007177e-02,-2.61816976e-02,-3.48473942e-02,-1.10202057e-02,6.56015016e-02,1.22435405e-02,-7.24766472e-02
3.44773399e-02,8.46681707e-03,1.91407954e-02,-5.06673054e-02,1.33043109e-02,3.33619917e-02,2.90805326e-02,-4.16313075e-02,-3.78179172e-02,-8.03535388e-03,9.02460654e-02,2.53810885e-02,-5.69390912e-02
1.02065187e-02,-2.76146096e-02,-6.38657268e-03,-6.04081854e-02,1.37089080e-02,3.17764857e-02,2.59568091e-02,-2.65069564e-02,-5.11176036e-02,-3.78828959e-03,7.86918952e-02,-6.10210519e-04,-4.82004428e-02
1.28756854e-02,-2.76509073e-02,-1.96508931e-02,-6.03935731e-02,8.89587261e-03,9.41936977e-03,1.93720102e-02,-2.17831118e-02,-5.12746204e-02,-1.26059197e-02,3.05348284e-02,-2.20288473e-03,-2.01612794e-02
4.69710867e-02,-2.10478629e-02,-3.78750089e-02,-8.44049223e-03,1.04052517e-02,-2.37007698e-02,1.47637049e-02,-2.80974047e-03,-3.26847494e-02,2.58141702e-04,2.66142534e-02,-4.29987030e-03,-1.73311946e-02
6.57663305e-02,-2.53162556e-02,-6.36010012e-02,9.77470728e-03,5.06561767e-03,-4.51670291e-02,-4.86756413e-03,-1.41076969e-02,-1.38166055e-02,6.08073990e-03,1.17016753e-02,-8.56227633e-03,-1.15406030e-02
5.52856414e-02,-1.99800143e-02,-6.51420419e-02,8.55752550e-03,2.20003642e-03,-5.91691753e-02,-2.86425356e-02,1.21417171e-02,-7.56017758e-04,4.47278586e-03,-1.24242689e-02,3.57678532e-03,1.16739937e-02
5.58742044e-02,-3.52582679e-02,-7.55648272e-02,4.99232814e-04,-6.93610844e-03,-7.34403130e-02,-6.44351033e-02,4.36321046e-02,-2.49672299e-03,8.04333490e-03,-1.26162585e-02,2.60637159e-02,2.47761067e-02
5.01849273e-02,-2.59552478e-02,-5.47883000e-02,-8.01128723e-04,-3.64313398e-03,-4.69355789e-02,-8.13203366e-02,3.52136395e-02,3.50891804e-02,1.55507674e-02,-2.30763359e-02,2.01756069e-02,2.47292737e-02
2.93412478e-02,-6.78867682e-02,1.07947294e-02,6.33755218e-03,2.27387091e-02,-1.99847075e-02,-5.10876202e-02,5.96709785e-02,6.15874984e-02,-1.25235145e-02,-4.42524493e-02,5.20318007e-03,2.48798965e-02
3.19972720e-02,-2.42350492e-02,1.62220706e-02,1.77969635e-03,1.82865945e-02,-2.47791864e-02,-4.73454510e-02,3.95635692e-02,4.94910804e-02,-4.59859196e-02,-4.22445559e-02,-5.06664637e-03,3.55797552e-02
3.74901005e-02,-1.92454177e-02,7.12545483e-02,5.08577063e-03,1.94664624e-02,-4.06280097e-02,-9.69492544e-02,-1.09460872e-02,5.25196471e-02,-2.60270312e-02,-2.47986693e-02,-1.94057080e-02,5.09136942e-02
-2.55058205e-02,-3.47988842e-02,1.21432527e-01,2.31900317e-02,5.33295409e-02,-1.67001564e-02,-7.48264295e-02,-3.04576134e-02,8.02263452e-03,-1.07333317e-02,-2.07875053e-02,-2.04637399e-02,9.45378463e-02
-1.68111430e-02,-1.35240911e-02,1.44059278e-01,5.56762488e-02,3.25795524e-02,-2.12689853e-02,-3.67790161e-02,-2.01462975e-02,3.11332446e-04,-1.87032087e-02,-3.19578114e-02,-4.03980968e-02,1.34057802e-01
-1.30324850e-02,6.21625914e-03,1.56442332e-01,5.74986195e-02,4.92939214e-02,-1.04138185e-02,-5.12483080e-02,-5.08818190e-02,-3.63778769e-02,-6.60380707e-03,-1.65559723e-02,-5.50687042e-02,1.39440203e-01
-5.42552031e-02,2.11888218e-02,1.58399648e-01,5.42385540e-02,4.38467612e-02,9.23611343e-03,-1.90992997e-02,-1.87490788e-02,-3.74436778e-02,3.29294419e-02,4.92406737e-03,-6.74161709e-02,1.34959551e-01
-7.85366946e-02,1.19642509e-02,1.53846816e-01,5.64809253e-02,1.10231189e-02,-1.29381142e-03,-2.60060266e-02,-8.56715596e-03,-5.38652792e-02,4.14565736e-02,2.26574599e-02,-5.32440236e-02,1.19618733e-01
-9.58307444e-02,-3.59227308e-03,9.66340166e-02,3.86186151e-02,1.21411307e-02,4.88249016e-02,2.44791111e-02,1.55074537e-02,-3.02438406e-02,4.88681441e-02,2.02829296e-02,-5.85806523e-02,7.87504618e-02
-5.55877370e-02,-1.28921684e-02,1.08348671e-01,3.79460658e-02,-2.00526674e-04,6.19500751e-02,6.13220148e-02,4.09678918e-02,4.52541389e-03,5.03945971e-02,2.28914354e-02,-5.69385470e-02,4.09593981e-02
-2.96187887e-02,-2.03247872e-02,2.64865389e-02,-1.43266160e-02,-8.77808958e-03,7.18363498e-02,7.24748554e-02,6.13410963e-02,1.26472180e-02,1.85010339e-02,2.60256775e-02,-4.30800636e-02,1.34184791e-02
-2.93839216e-02,-4.02024812e-02,-6.77781725e-04,-2.39978494e-02,-1.58447503e-02,1.28259130e-02,3.83361021e-02,5.26989979e-02,2.14463837e-02,6.00462024e-04,4.35931347e-02,-8.08603353e-03,-1.89703183e-02
-3.05927066e-02,-5.79864550e-02,1.53377943e-02,-5.41986097e-03,1.02167079e-02,3.93076140e-03,2.13958770e-02,4.50889792e-02,2.33578957e-02,2.59034397e-02,6.60752532e-02,2.15360164e-02,-2.94240898e-02
-2.94739233e-02,-4.95612914e-02,1.23343787e-02,-7.73417178e-03,-2.95131928e-02,-1.91573390e-02,3.03717725e-02,3.60917836e-02,1.21620207e-02,-9.44412067e-04,4.86707852e-02,2.09754260e-02,-4.57769869e-02
1.40652943e-02,-3.72854364e-02,1.05259565e-02,-6.49580603e-03,-3.22492809e-02,-3.41950942e-02,2.75308913e-03,2.00590229e-02,-2.83375369e-02,-2.02022265e-02,2.77415362e-02,1.26641027e-02,-4.55419341e-02
-3.66283307e-03,-1.66690046e-02,1.46085487e-02,2.88068922e-02,-1.29996936e-03,-1.06729026e-02,1.43646728e-02,2.51551796e-02,-4.11465924e-02,-8.31706430e-03,2.75211237e-02,1.72611056e-03,-4.14841308e-02
4.43707564e-02,2.73012441e-02,4.65169873e-02,4.60024542e-02,-4.23121321e-02,-4.15570740e-02,-2.17306710e-02,6.60951058e-03,-3.29235792e-02,-1.87307563e-03,-9.61085462e-04,-1.64840679e-02,-2.81436046e-02
3.59502969e-02,3.44298237e-02,3.57071630e-02,7.51575078e-02,-1.18385133e-02,-1.11028854e-02,-8.25017739e-03,-9.99648393e-03,-4.27027254e-02,-1.18606589e-02,-7.62653369e-03,-2.04293268e-02,-4.25543119e-02
6.47142131e-02,5.07002619e-02,6.70449494e-02,8.32757303e-02,-1.40266314e-03,-3.94416108e-04,-7.72482687e-03,-4.10797478e-02,-4.71581657e-02,-2.00205175e-02,-1.01531654e-02,-1.50964508e-02,-3.45764128e-02
4.82000774e-02,5.64071781e-02,7.46539063e-02,6.25128012e-02,1.96751210e-02,2.28482012e-02,-2.96585036e-02,-5.97371658e-02,-2.27341563e-02,-5.94390669e-03,-8.94354796e-03,-1.44707590e-04,-2.06725974e-02
4.40288908e-02,3.30513354e-02,5.94532145e-02,3.70915785e-02,2.59494095e-02,1.64357525e-02,-9.73415808e-03,-5.48562140e-02,7.22351303e-03,6.40271715e-03,-2.05265515e-03,1.37291812e-02,-2.84596074e-03
-1.35725640e-02,-1.94667276e-02,4.42768797e-02,4.12421542e-02,6.63269749e-02,4.57521454e-02,-3.24270875e-03,-5.85317941e-02,1.54851080e-02,3.49895631e-02,7.50944613e-03,4.07812431e-02,1.64603610e-02
-5.58170438e-02,-4.21100018e-02,1.19197800e-02,1.63626463e-02,4.48763870e-02,6.34091290e-02,-1.05229981e-02,-6.34222967e-02,2.29933305e-02,3.86149518e-02,7.78845277e-03,5.79185863e-02,2.74474126e-02
-2.35927443e-02,-1.69543230e-02,2.48340925e-02,-2.10250335e-02,1.01839898e-02,4.10886466e-02,-1.34527570e-02,-4.37154009e-02,3.22521302e-02,5.17605886e-02,6.20859413e-04,3.67708817e-02,3.80583389e-02
-2.54933747e-02,-3.51545664e-02,-1.76275903e-02,-2.96746814e-02,2.85668051e-02,3.25255600e-02,-1.99139220e-02,-2.19774241e-02,-4.89056069e-03,3.04808367e-02,1.81714478e-03,1.65466335e-02,1.90205541e-02
1.97397366e-03,2.88247959e-02,-6.31700291e-02,-3.72980413e-02,-3.31448942e-03,5.01320205e-03,-3.08100901e-02,-3.25403395e-02,-9.70215559e-03,4.22212250e-02,6.65987570e-03,1.08266822e-02,3.44627490e-02
-3.99962148e-03,5.26007349e-02,-1.10608389e-01,-2.00858937e-02,7.38500284e-04,7.29952948e-03,-2.49224682e-03,-3.59965961e-02,-1.97819897e-02,5.85346196e-02,-9.82804962e-03,8.13447418e-03,4.81715433e-03
-8.99273671e-03,5.92731255e-02,-1.57068454e-01,-2.78205301e-02,-8.05194916e-03,1.41787737e-02,3.52749453e-02,-1.21323952e-02,-1.78186637e-02,2.32315850e-02,-3.52552487e-02,1.31590440e-02,-6.37378034e-03
3.02622622e-03,9.35439589e-02,-1.31566863e-01,-2.41985256e-02,-4.25410012e-02,-2.66789052e-03,4.60327239e-02,-8.48210798e-03,-1.88029966e-02,2.42579542e-02,-3.67042666e-02,1.46181666e-02,-3.15444917e-02
3.79639906e-02,9.08822083e-02,-1.21038535e-01,-5.19440779e-02,-7.39555568e-02,-1.75835486e-03,7.82487910e-02,2.39821583e-04,-1.28973791e-03,1.05914800e-02,-5.45403864e-02,-3.96719346e-03,-5.57161240e-02
-1.34512931e-02,5.64012862e-02,-1.09978102e-01,-2.52576173e-02,-3.53155047e-02,3.62380514e-02,1.13236906e-01,1.06961034e-02,1.54380795e-02,-5.58866029e-04,-6.14842866e-02,-2.42690769e-03,-8.32842447e-02
-9.86804696e-03,3.48204517e-02,-9.78170478e-02,1.72514487e-03,-3.30213789e-02,5.66606830e-02,1.23965387e-01,1.39210412e-02,2.06385172e-02,-1.35299027e-02,-3.67401955e-02,2.43769823e-02,-7.66122003e-02
-3.69984107e-02,1.86035663e-02,-4.22258473e-02,-2.23217328e-02,-5.66123184e-02,4.81981703e-02,1.14881438e-01,3.31372621e-02,4.14125465e-02,-1.34011963e-02,-3.64558431e-02,6.39661829e-03,-7.33765652e-02
-2.71489379e-02,-2.92510047e-02,-1.79553368e-02,-2.51363915e-02,-3.83891395e-02,4.22655314e-02,6.11692406e-02,3.65313960e-02,3.46574815e-02,-3.11366985e-02,-3.24806425e-02,-4.74011727e-03,-6.96506768e-02
-1.85521673e-02,-3.02264536e-02,-4.78605646e-04,2.13259136e-02,-1.59333364e-02,2.74445517e-02,1.93745042e-02,1.16578193e-02,1.86525022e-02,4.49020588e-04,1.59175481e-02,1.48199218e-02,-3.81694240e-02
-3.98964941e-02,-3.33303690e-02,9.57609505e-03,1.43765559e-02,-3.03570079e-02,-8.59506828e-03,-1.39917429e-02,-3.53544186e-02,-9.68711948e-03,1.68561597e-02,9.92393866e-03,1.69928677e-02,-1.22660020e-02
-6.68198830e-02,-4.05657540e-02,-2.04652323e-02,2.63747250e-02,2.69647626e-03,-7.00603651e-03,-1.45149758e-02,-2.18889018e-02,4.79743679e-03,6.53443154e-03,1.53552301e-02,5.64329504e-02,2.64433531e-02
-3.77301550e-02,-4.37178968e-02,-6.02660071e-02,1.34266263e-02,5.46801562e-03,-2.33521509e-02,-1.85491971e-02,-1.75582650e-02,-5.51429110e-03,2.39185820e-02,5.12788090e-02,7.16276599e-02,4.72267345e-02
-1.66593425e-02,-2.51739702e-02,-5.14521837e-02,-1.39263217e-02,5.71040412e-03,-3.29098192e-02,-2.00435337e-02,5.21255267e-04,-7.06083335e-03,2.01752486e-02,2.84674996e-02,3.42624559e-02,5.36162785e-02
1.10167071e-02,1.95944002e-02,-8.49103672e-03,-1.39679980e-02,4.88982091e-02,-1.96336806e-02,-4.70600020e-02,1.34518489e-03,-6.78604798e-03,-1.22133835e-02,1.64607050e-02,2.05910232e-02,5.08004818e-02
4.62109991e-02,3.89897511e-02,-9.16681912e-03,-2.39329152e-02,7.26155515e-02,-3.41424791e-02,-6.39235242e-02,-3.12334657e-02,-4.32677016e-02,-4.61772644e-02,4.70989475e-02,3.22364048e-02,4.27570857e-02
6.54738066e-02,3.53822304e-02,-6.63585811e-03,-6.16803263e-02,6.30159909e-02,-4.79829157e-02,-6.71899048e-02,2.69144803e-03,-3.19020451e-02,-6.30594941e-02,4.01514272e-02,4.64920667e-03,2.62466384e-02
5.85061339e-02,3.97518598e-02,8.78935654e-03,-8.05079348e-02,5.81271338e-02,-5.12083507e-03,-5.08253852e-02,2.88778211e-02,1.21854009e-02,-6.78442631e-02,6.12142255e-03,-1.46033186e-02,2.17603212e-02
4.23766035e-02,-1.45674760e-02,1.88999714e-02,-4.56323277e-02,4.83475654e-02,1.15368986e-02,-3.00608628e-02,3.10254985e-02,1.14962975e-02,-5.15594064e-02,-2.77133086e-02,-2.85861802e-02,-1.01735174e-02
1.34339299e-02,-3.87989414e-02,3.45736954e-02,-2.91574243e-02,1.58558427e-02,4.99248901e-03,-1.86468123e-02,1.85628700e-02,3.29217273e-02,-3.49338724e-02,-3.96067670e-02,-3.41442872e-02,-4.47367174e-02
3.00847949e-03,-4.73793195e-02,3.29232247e-02,-2.26762990e-02,2.11963244e-03,1.92246300e-02,-6.89210482e-03,3.62211110e-02,7.78585241e-02,-1.79156459e-02,-5.43331993e-02,-2.60712116e-02,-6.44270184e-02
-5.86770542e-03,-5.66482919e-02,9.03401376e-06,-5.33729198e-03,-4.27332254e-02,-1.99158976e-02,3.12620856e-04,4.14181156e-02,6.61776448e-02,-1.32479343e-02,-2.72581851e-02,-7.95628892e-03,-5.83320148e-02
-3.27226917e-02,-5.61564040e-02,-3.95485927e-02,-7.32960330e-03,-4.97346108e-02,-2.42625487e-02,3.51549553e-02,1.01074022e-01,7.67672994e-02,4.17488280e-02,1.04192196e-02,1.48391693e-03,-5.70168326e-02
-1.13573637e-02,-4.89285800e-03,-2.83809962e-02,1.08672046e-02,-5.35879264e-02,-3.22888705e-02,1.06295464e-02,8.91674177e-02,4.70915779e-02,4.36850663e-02,-7.44019813e-03,-1.98503480e-02,-4.23103920e-02
2.19735648e-04,3.47640515e-02,-5.59303528e-03,2.55076384e-02,-5.00241599e-02,-5.21952594e-02,-1.67970908e-03,3.32232742e-02,-2.00643508e-02,3.85743169e-02,1.06516096e-02,-3.68012174e-02,-4.64494247e-02
7.17963414e-02,9.04005986e-02,1.73331680e-03,2.29475246e-02,-3.44266837e-02,-7.95435376e-02,1.48900403e-04,2.92841297e-02,-6.37007962e-02,-1.82994342e-03,7.78433155e-03,-3.68540586e-02,-2.39802270e-02
8.47549549e-02,1.12324260e-01,-2.21697733e-02,-1.86013699e-02,-4.38555703e-02,-8.38731056e-02,-2.65882544e-02,1.18299500e-02,-4.74854535e-02,-2.17469650e-03,-8.76840797e-03,-4.88901444e-02,-1.28224485e-02
9.17737967e-02,7.15115560e-02,-3.84663388e-02,-5.02938330e-03,-2.84020908e-02,-8.40286945e-02,-3.88798028e-02,-2.40207831e-02,-7.22254778e-02,-9.98906544e-03,-3.81899775e-02,-5.60362490e-02,7.57815030e-03
9.74975137e-02,6.78006394e-02,8.58754030e-04,3.69453888e-02,-1.98457627e-02,-5.96387148e-02,-3.34304927e-02,-3.19466057e-02,-6.48193972e-02,-2.04127783e-02,-4.98195852e-02,-3.18694310e-02,1.54381858e-02
8.67313632e-02,4.31821504e-02,-5.18579471e-03,1.37218635e-02,-3.01286811e-02,-2.13147711e-02,-3.21805671e-02,-3.67319485e-02,-2.52010383e-02,-2.12814144e-02,-8.07349335e-02,-4.25806742e-02,9.04777805e-03
8.21130036e-02,1.58353251e-02,4.36865691e-03,2.58006879e-02,-4.13396313e-02,-3.44866576e-02,-1.35523182e-02,-5.05060616e-02,-2.99021374e-02,-5.77588406e-02,-7.81756774e-02,-4.21883370e-02,3.60291994e-02
2.61670940e-02,-3.04423149e-02,8.13751683e-03,-5.72152707e-03,-2.16887679e-02,-2.48454231e-02,-1.28732761e-02,8.84083313e-03,-2.33215898e-02,-3.11980021e-02,-2.28738332e-02,2.11170233e-03,8.08108406e-02
-1.33507274e-02,-7.71077108e-02,-4.56114065e-02,-5.50556252e-02,-4.41838382e-02,-3.90009829e-02,-3.69718439e-02,1.34491252e-02,-1.38353308e-02,-1.89061402e-02,4.46257201e-03,3.62566009e-02,1.32319110e-01
-6.66105270e-02,-1.10565311e-01,-2.79290166e-02,-3.22714633e-02,-5.48907797e-03,3.37988858e-03,2.60181952e-02,3.41008496e-02,-2.29730272e-02,2.42775347e-02,2.32161631e-02,-2.56641475e-04,9.81793616e-02
-4.07712234e-02,-4.76596986e-02,1.41765671e-02,-2.45155564e-02,-8.18294813e-03,1.84571133e-02,7.31250914e-02,4.75799456e-02,-4.11988661e-02,-6.75389887e-05,7.44045495e-02,3.71766939e-02,9.19430239e-02
-3.99097217e-02,-2.59787329e-02,1.55795067e-02,-4.52346945e-02,-2.45348792e-02,-1.02830325e-02,5.78711115e-02,4.38370476e-02,-4.32101795e-02,-6.54873015e-03,7.94285556e-02,2.82770287e-02,6.73494236e-02
-5.27149260e-02,-6.16537279e-02,-1.75420584e-02,-3.43005574e-02,1.22213089e-02,-7.89950765e-03,5.45839385e-02,3.74134771e-02,-3.65386009e-02,3.72360972e-03,8.24012791e-02,1.27876024e-02,2.93122531e-02
-6.85969356e-02,-8.04327595e-02,-3.55810937e-02,-3.86467516e-02,-7.32299817e-03,-5.25400008e-03,2.24428109e-02,1.09089152e-02,-1.71385301e-02,4.54319644e-02,6.82962503e-02,4.19480115e-02,4.38178186e-02
-4.31710876e-02,-6.00635262e-02,-6.59137155e-02,-5.40700201e-02,-4.72919963e-02,5.87307687e-03,1.52358937e-02,-8.74051171e-03,2.29843584e-02,2.67192804e-02,4.84787434e-02,4.77888050e-02,9.94111128e-03
-2.40184251e-04,-5.93193361e-02,-7.94278417e-02,-7.45746969e-03,-2.92036384e-02,3.73334117e-02,5.98433913e-02,4.52814823e-05,5.00782977e-02,1.84715087e-02,1.91719905e-02,9.60702403e-03,-2.04317764e-02
6.31747332e-02,-6.50615332e-04,-4.47039085e-02,-8.56705408e-03,-4.28941646e-03,4.19416697e-02,2.57517993e-02,-8.73620186e-03,4.47788587e-02,-7.32906735e-03,-9.50223143e-03,-7.38133587e-04,-2.30285888e-03
7.20210274e-02,1.91029786e-03,-7.36698466e-02,-4.71749399e-02,-8.88265925e-03,3.25846803e-02,-1.85685723e-02,-3.73036016e-02,6.02898022e-02,8.00975681e-03,6.13896208e-05,2.13700712e-02,2.38518359e-02
1.68959229e-02,-1.72379288e-02,-6.18932006e-02,-2.77646783e-02,4.90114119e-02,6.19968835e-02,-4.44665481e-03,-8.46642359e-04,5.82485977e-02,4.20886287e-03,-5.26001665e-02,-3.91907658e-03,1.05080971e-02
5.09208403e-02,2.58899886e-02,-3.15889742e-02,-3.23352717e-02,3.90215070e-02,5.27084045e-02,-7.83541032e-03,7.11049121e-03,4.83401177e-02,-5.10720486e-03,-2.31688042e-02,2.01145086e-02,4.85804938e-03
7.93224445e-02,6.04702976e-02,-4.92779994e-03,-1.67952983e-02,2.91705772e-02,1.70958685e-03,-3.36860382e-02,3.40650121e-03,6.76732975e-03,-2.45845117e-02,-1.79105815e-02,4.62726998e-03,5.00538457e-03
5.31625657e-02,4.56274532e-02,3.55320265e-02,1.37541924e-02,5.40862404e-02,3.29355312e-02,-8.84625103e-04,3.26525247e-02,-4.72500905e-03,-1.53039345e-02,-2.29375877e-02,-9.73215924e-03,-2.61881309e-02
3.99560307e-04,2.97721211e-02,3.41493895e-02,-4.57434551e-03,3.51333931e-02,1.65540186e-02,-2.80228828e-03,2.18542438e-03,-1.52051316e-02,1.26172679e-02,-3.90099048e-02,1.43814360e-02,-3.87654554e-03
1.03884873e-02,3.23109388e-02,3.09185294e-02,-4.48971054e-02,-5.08600260e-03,-3.20077145e-02,-1.61424453e-02,-1.35480973e-02,-6.87248830e-03,-1.96586769e-02,-3.34163252e-02,6.12811681e-02,1.75492007e-02
-3.02871133e-02,-3.13331149e-02,2.00508015e-02,-9.88903298e-03,-1.94003109e-02,-5.00810307e-03,2.62268774e-02,2.23562104e-03,4.43216102e-04,-3.03860720e-03,-2.26798948e-02,4.89027064e-02,3.53359120e-03
1.28252130e-02,-4.30795356e-03,3.81940530e-02,-1.06406917e-02,-4.17085320e-02,-2.46627552e-03,2.60355634e-02,-2.62306937e-03,7.65933293e-03,-2.07888137e-02,-1.24349677e-02,4.24297341e-02,2.67943678e-02
1.24924561e-02,1.39879088e-02,4.42004139e-02,-1.10591575e-02,-4.77011585e-02,1.94921295e-02,4.17427825e-02,1.81592109e-03,1.72441097e-02,-3.14237650e-03,2.71605552e-02,3.72632093e-02,2.47306118e-02
-1.54328667e-02,5.83172083e-04,6.92629263e-02,1.76520735e-02,-3.19811456e-02,4.12721244e-02,4.16619469e-02,3.88499558e-02,1.17497632e-02,-3.53839440e-02,1.25188251e-02,2.46115302e-02,2.76101215e-02
-2.92600225e-02,-3.17725104e-03,8.80321626e-02,2.06939909e-02,-4.33175836e-02,8.84677292e-03,1.19802494e-02,5.28278877e-02,1.64803926e-02,-2.82048067e-02,1.38575817e-02,2.14089495e-02,4.23014092e-02
-4.42981847e-04,1.12799186e-02,4.89202117e-02,2.07441975e-02,-5.21347627e-02,-6.13867638e-02,-4.25693402e-02,2.05388448e-02,-1.18263196e-02,-4.12427524e-02,2.87265621e-02,4.20958213e-03,3.92064111e-02
-1.85077715e-02,-8.46147250e-03,7.16219297e-02,4.30944524e-02,-5.91440153e-03,-1.42162467e-02,-1.56090463e-02,1.83261839e-02,6.75221511e-04,-1.52868392e-02,1.35312799e-02,-1.46642819e-02,3.23398898e-02
-3.37738015e-02,-1.14357169e-03,3.57415931e-02,4.26906117e-02,1.06309237e-02,-2.23247013e-02,-8.98080614e-04,-1.44285858e-02,-2.19032641e-02,-6.09624852e-03,5.98063202e-03,-1.18065079e-02,-1.51504369e-03
-2.07082770e-02,5.43289877e-02,1.48483326e-02,1.90981070e-02,2.49012189e-02,-4.89350969e-02,-3.48634110e-02,-3.93304989e-02,-6.19238224e-03,-1.54702724e-02,-2.15339700e-02,1.73950798e-02,-2.08301142e-02
-6.59263280e-02,2.88931448e-02,-3.00419819e-02,3.09273081e-02,4.21073904e-02,-4.61068903e-02,-1.48456492e-02,-4.12792496e-02,-3.26675227e-02,-2.24474011e-02,-4.73706407e-02,1.44614066e-03,-4.01492605e-02
-4.21652517e-02,4.94578065e-02,-4.33433952e-02,8.16302149e-05,2.18699713e-02,-3.28461906e-02,-1.72444634e-02,-5.20903722e-02,-4.62303760e-02,-1.80495584e-02,-3.52369494e-02,4.03010771e-03,-5.88263008e-02
-1.58617306e-02,7.33833770e-02,-6.14519733e-02,-9.10502077e-03,-7.65210067e-04,-5.14299650e-03,-1.32878310e-02,-5.15975857e-02,-2.46118829e-02,1.16529365e-02,-1.46654353e-02,-5.70140736e-03,-5.45724639e-02
-5.24494002e-02,-1.53583318e-02,-9.76342547e-02,-6.55761056e-03,-4.87324607e-03,3.65603872e-02,3.19217275e-03,-3.42642930e-02,-2.09774174e-02,1.56393316e-02,4.91217889e-03,-8.13363991e-03,-4.82428053e-02
-8.58685565e-02,-5.31343201e-02,-1.03939146e-01,-4.72736887e-03,-2.68373831e-02,6.54580271e-02,1.73126671e-02,-1.22812894e-03,2.45959767e-02,6.94700042e-02,3.05060587e-02,5.66234602e-03,-7.42836314e-03
-8.15969903e-02,-6.40767514e-02,-1.01067216e-01,-7.21742935e-03,-3.27551123e-02,4.31445531e-02,2.34691511e-03,2.80984677e-02,3.96601127e-02,8.79585225e-02,4.41660965e-02,1.12266248e-03,2.16500589e-02
-6.06322381e-02,-6.67112043e-02,-2.86315147e-02,2.82296627e-04,-3.85305435e-02,5.10425614e-02,1.15516006e-02,2.24156538e-02,5.93383312e-02,7.72565284e-02,3.67007035e-02,2.19391193e-03,3.97827387e-02
-5.46998413e-02,-9.80109490e-02,-7.39303370e-02,-1.60285331e-02,-4.07070082e-02,3.08949517e-03,5.63307942e-03,8.62530310e-03,6.08251858e-02,7.95710623e-02,4.51833528e-02,4.95148170e-03,4.44320382e-02
-4.17464197e-02,-6.55093748e-02,-5.07243304e-02,-1.57473853e-02,-3.95386554e-02,-2.39819510e-02,-2.49304762e-02,-1.22707519e-02,7.86684789e-02,7.73995636e-02,3.49277485e-02,3.50036783e-02,3.28624588e-02
-3.53282013e-02,-5.24556419e-02,-4.51993051e-02,1.38043662e-02,1.28004783e-02,-4.87012954e-02,-2.97698018e-02,-1.06961015e-02,4.94615494e-02,5.87639611e-02,-2.50351340e-02,4.58247847e-03,1.16351785e-02
-3.08067554e-02,-1.84708433e-02,-4.55695592e-02,-9.65533513e-03,3.34182666e-02,-3.65726024e-02,-1.10103145e-02,-1.60510698e-02,3.14690273e-02,2.19698005e-02,-5.13342481e-02,2.84331916e-02,-3.24715069e-02
5.31955136e-02,4.48147150e-02,-2.00294819e-02,-1.40611724e-02,2.79804099e-02,-3.59025460e-02,-1.62450513e-02,-4.60046496e-02,2.23847859e-02,1.14324921e-02,-7.42288302e-02,2.13759138e-02,-3.12941510e-02
3.18988631e-02,-6.61588444e-03,-5.15106490e-02,-3.24018288e-02,2.35800951e-02,-6.49484658e-02,-3.54031253e-02,-5.89475015e-02,-1.64666960e-02,-2.91299844e-02,-8.46221779e-02,1.85479536e-02,-2.07354857e-02
1.99411792e-02,-1.06818564e-02,-5.01386793e-02,-2.04462489e-02,3.71902260e-02,-3.97870458e-02,1.93471598e-03,-4.10940313e-02,-1.61386312e-02,-4.10357189e-02,-4.20876810e-02,3.65388148e-02,-1.99072008e-02
4.75449553e-02,2.92218155e-03,5.48318591e-04,-1.96665492e-02,3.97453230e-02,4.96466389e-04,4.32485247e-02,-2.69334434e-02,-3.45923585e-02,-5.00323577e-02,-2.29164547e-02,6.24892928e-03,-1.47807808e-02
6.46051554e-02,7.92279644e-03,8.34016112e-02,8.66525798e-03,2.24846916e-02,4.59406428e-02,6.08512461e-02,-2.79957098e-02,-3.21316737e-02,-7.31560975e-02,-2.08760229e-02,-3.44110976e-02,-3.03097873e-02
8.37966359e-02,2.70081607e-02,6.86362514e-02,2.30656774e-02,7.70202356e-03,5.05880996e-02,6.42435076e-02,-7.42294169e-03,-2.28219605e-02,-8.94766542e-02,-9.20475467e-03,-7.62023145e-02,-3.77362785e-02
1.03008446e-01,5.26028026e-02,7.84421036e-02,1.56185305e-02,2.91195921e-03,4.91350695e-02,4.09172613e-02,3.02755031e-02,-1.44383284e-02,-9.27352719e-02,2.16107835e-02,-5.68984818e-02,-4.15612785e-02
1.18328983e-01,5.34675028e-02,6.93568256e-02,3.85417055e-02,-1.11152530e-02,4.55591340e-02,1.27990830e-02,3.02289642e-02,-3.99826812e-02,-7.68369497e-02,5.62317631e-03,-7.01179145e-02,-6.14180305e-02
7.52305192e-02,5.80968147e-02,3.16695687e-02,4.54085093e-02,-3.69473836e-02,6.36836515e-02,1.96824922e-02,4.19759434e-02,-3.15174395e-02,-7.47475602e-02,-1.06298693e-02,-5.46302486e-02,-8.78786642e-02
1.14050676e-01,1.21189085e-01,2.32970769e-02,3.99791444e-02,-4.40524994e-02,5.31874496e-02,8.13462740e-03,4.28078124e-02,-1.78010654e-02,-2.27673096e-02,-3.11013061e-02,-4.82257726e-02,-6.59254329e-02
5.42892729e-02,1.19023096e-01,-1.31141174e-02,1.30400811e-02,-4.84654799e-02,2.01277023e-02,4.09080811e-04,1.84962597e-02,-5.10923214e-02,-6.69504283e-03,-1.19363588e-02,-4.55711764e-02,-4.64298105e-02
6.01041557e-03,6.15229776e-02,-3.04638261e-02,1.70032010e-02,-8.58445562e-03,-1.25095368e-02,-2.05172149e-03,2.59147293e-02,-4.68690730e-02,-1.04105674e-02,1.78613939e-03,-8.21422546e-03,-4.88392274e-02
-6.79813587e-03,3.22747264e-02,-3.06726642e-02,-1.36050103e-02,-3.64137926e-02,-5.77891804e-02,-1.76739052e-02,-2.50320902e-03,-4.59241030e-02,2.96185887e-02,4.22444296e-02,1.39646257e-02,-1.04910704e-02
-1.54695539e-02,-1.65751938e-02,2.62213372e-02,-1.46170618e-02,3.34935409e-03,-5.49680434e-02,-2.38409903e-02,-3.79752894e-02,-6.20123085e-02,5.53316113e-02,3.30726307e-02,-1.97326544e-02,3.87405336e-02
-3.87193361e-02,-4.23872930e-02,5.82718448e-02,-2.98882184e-02,8.76678434e-03,-4.68809249e-02,-6.26924153e-02,-6.68498066e-02,-7.57464838e-02,3.34925621e-02,5.08443141e-02,-4.64810009e-02,9.96368958e-02
-9.62410135e-02,-7.99846792e-02,7.91540731e-02,-4.43490200e-02,6.12378501e-02,-3.22508439e-02,-1.05789174e-01,-2.37589191e-02,-3.55661598e-02,4.33797894e-02,6.88420086e-02,-5.31677994e-02,1.46868746e-01
-8.27966342e-02,-1.32060690e-01,8.69899268e-02,-4.98975132e-02,6.52897374e-02,-1.17185356e-02,-1.14906613e-01,-3.57687990e-02,-2.79129866e-02,4.37055173e-02,7.09662077e-02,-6.09314685e-02,1.53395336e-01
-4.94223160e-02,-1.09300240e-01,9.01827794e-02,-4.07952042e-02,4.25762939e-02,2.32039443e-03,-1.19984731e-01,-3.40311105e-02,-2.07358007e-02,1.55513898e-02,6.67480876e-02,-6.20437796e-02,1.32443320e-01
-2.83690912e-02,-5.91618531e-02,9.76535925e-02,-1.46730029e-02,3.82303667e-02,1.42582467e-02,-8.44977894e-02,-4.51902410e-03,-1.11040702e-02,2.48119199e-03,1.56589844e-02,-5.85974888e-02,1.28602289e-01
-2.48120797e-02,2.04825195e-02,1.02474324e-01,1.59948572e-02,3.82901266e-02,7.30008096e-02,-6.34145293e-03,1.07912183e-02,-1.59073777e-02,-1.46611810e-02,1.58818793e-02,-5.23436625e-02,1.00815884e-01
-2.94112657e-02,5.42574092e-03,8.89910902e-02,6.28858237e-02,6.42465633e-02,1.23427540e-01,3.67175171e-02,5.97226893e-03,-3.66791923e-02,-2.54989690e-02,-7.68686023e-03,-2.96493963e-02,4.47710264e-02
-2.60364303e-02,1.76573768e-02,2.69908779e-02,9.04835470e-02,4.68017078e-02,1.02317847e-01,8.47457686e-02,3.02506822e-02,-1.35735036e-02,1.20589323e-03,-1.08965036e-02,5.15668953e-04,1.04895764e-02
4.73420787e-03,5.48521883e-02,4.04010107e-02,6.77256352e-02,3.88836328e-02,8.38694259e-02,1.30934699e-01,4.55402174e-02,-1.46691911e-02,1.84899490e-02,-6.59338808e-03,6.15428358e-03,-3.16298506e-02
1.57588401e-03,8.03712059e-02,4.66197733e-02,3.94405266e-02,5.31865616e-03,4.87470841e-02,1.00267362e-01,5.64880637e-02,-7.43579579e-03,2.31403591e-02,9.89846737e-03,2.42668035e-02,-3.18984202e-02
-2.95669661e-02,6.29685012e-02,3.38784250e-02,2.22942084e-02,3.39815563e-03,2.68125331e-02,4.34546940e-02,6.71831085e-02,3.25648285e-02,1.68079458e-02,-4.59159614e-03,3.35454734e-02,5.33971556e-03
-2.77382672e-02,2.72823962e-03,5.34901806e-02,-9.10970691e-03,-1.85059609e-02,2.80091422e-02,6.43903533e-02,6.54260054e-02,3.76830979e-02,1.56525521e-02,2.68439275e-02,3.32492820e-02,-7.86634177e-03
3.34978491e-02,3.79754136e-02,4.45775885e-02,-4.32230285e-02,-7.61563850e-02,-2.51720067e-03,5.15974128e-02,2.92639700e-02,2.52664908e-02,2.71913049e-02,6.00665099e-02,2.75669746e-02,-1.03180225e-02
4.33597033e-02,3.48331539e-02,4.07840058e-02,-6.63804260e-02,-8.20061390e-02,2.17206633e-03,4.48060825e-02,1.49775714e-02,2.41216705e-02,-2.06236858e-02,2.40382598e-02,2.82733253e-02,-1.09111710e-02
1.04875368e-01,3.71799116e-02,1.95810551e-02,-6.64437986e-02,-7.75199716e-02,-3.06900020e-03,2.03750459e-02,-1.30437907e-03,2.39103303e-02,-3.41716208e-02,1.38647125e-02,2.64029488e-02,-1.17522710e-02
8.36022270e-02,-2.67433738e-02,-9.40534824e-03,-1.35258395e-02,-4.46196175e-02,2.78424674e-02,-9.35277330e-03,-5.72961647e-03,-4.53945406e-03,-3.17265381e-02,1.30552060e-02,1.45571376e-02,-2.74665649e-02
8.38882326e-02,-5.21658680e-02,-5.48994996e-02,1.29375885e-02,-1.98592296e-02,3.89452855e-02,-8.25886547e-03,2.29045196e-03,-1.46661446e-02,-6.28016675e-03,5.58826916e-03,2.06558894e-02,7.38886843e-03
7.67140308e-02,-4.20150679e-02,-1.67251413e-02,2.27488513e-02,-1.44147535e-02,3.85169146e-02,7.12845401e-03,2.98328934e-03,-5.36464153e-02,-1.33867025e-02,9.35097051e-04,3.05492196e-03,-4.35322878e-03
6.02072640e-02,-5.09302081e-02,-8.76552968e-04,4.70659123e-02,2.77214524e-02,1.29802941e-02,-1.72172525e-02,-3.25973083e-03,-2.53094036e-02,2.94337039e-02,3.54490918e-04,-1.06724135e-02,-1.90890511e-02
3.86610692e-02,-5.61340508e-02,-1.20025615e-02,5.48080889e-02,6.31394953e-02,7.24602256e-03,-4.06393503e-02,-2.07916676e-02,7.26471802e-03,2.24513637e-02,-2.09022887e-02,-1.54438867e-02,1.77257713e-03
-2.24635226e-03,-7.25712537e-02,3.60477365e-02,7.49208120e-02,7.84969161e-02,-4.42985166e-03,1.40133756e-03,2.30166989e-04,9.08606366e-03,1.90088893e-02,-1.27386574e-02,-1.15583268e-02,-3.47979660e-03
-1.60188180e-02,-3.56808106e-02,5.06343482e-02,6.68592071e-02,3.80374453e-02,-2.84619451e-02,1.99045155e-02,-1.83203497e-02,-2.42695869e-02,3.37594575e-02,2.08150893e-02,3.66602208e-03,-1.05281042e-02
8.12625511e-03,2.46871254e-02,4.29193321e-02,3.85234501e-02,2.69655839e-02,-2.92493447e-02,1.93906881e-02,-3.01656962e-02,-1.33720561e-02,2.11486559e-02,3.83175847e-03,1.32859011e-02,-2.81173770e-02
1.60709749e-02,5.06065333e-02,4.48376109e-02,2.73742268e-02,-1.58686797e-03,-5.79062391e-02,9.76318546e-03,-5.01773024e-02,6.37199820e-03,1.79366028e-02,-3.41661125e-02,-7.68251761e-03,-6.34385744e-02
-1.70201116e-03,2.73676510e-02,1.60984099e-02,5.29793235e-02,4.36992732e-03,-3.75477908e-02,2.65131955e-02,-1.51007968e-02,2.98858539e-02,5.07137013e-03,-5.59522911e-02,-4.86016360e-02,-9.78971299e-02
-2.38517755e-02,5.12039394e-02,-3.95623118e-02,3.99620033e-02,-1.33477653e-02,-3.75823891e-02,-2.50968338e-02,-3.83452067e-02,4.49959870e-02,2.07777364e-02,-6.53341973e-03,-1.35270705e-02,-7.53047763e-02
-5.08284143e-02,8.68989221e-02,-4.43219660e-02,2.67566500e-02,-2.43152573e-02,-4.92815038e-02,-4.75369686e-02,-4.33082733e-02,1.57299198e-02,-1.41781914e-02,-1.18025231e-02,2.92459333e-02,-7.79380765e-02
-5.09770204e-02,7.53839397e-02,-7.47414769e-02,-1.02101029e-02,-9.31393349e-03,-3.87983032e-02,-6.19153255e-02,-5.08636691e-02,5.23360178e-02,-1.17478095e-02,-5.09851552e-02,2.50189481e-02,-6.50454212e-02
-5.39474861e-02,7.27358736e-02,-1.07822860e-01,-4.87275880e-02,-2.76644084e-02,-3.21380072e-02,-4.51930887e-02,-7.20112170e-02,5.43129298e-02,-2.61574901e-02,-5.75604860e-02,4.78680390e-02,-7.27735568e-02
-6.32936988e-02,7.39630445e-02,-9.43444266e-02,-3.74730478e-02,-2.88117029e-02,-3.49550115e-02,-1.52688893e-03,-5.47343465e-02,3.69666631e-02,-3.47428495e-02,-7.68832612e-02,4.63074313e-02,-4.54963685e-02
-9.28718876e-02,5.74304257e-02,-8.69428228e-02,-4.83218482e-02,-2.45890947e-02,-2.48694965e-02,2.86872646e-03,-5.92202794e-02,1.79342029e-02,-2.59971033e-02,-5.49645987e-02,5.88144951e-02,-2.29372427e-02
-5.48159664e-02,4.06715640e-02,-1.16190184e-01,-6.21539974e-02,-1.97469805e-02,-1.63215077e-02,9.18283760e-03,-3.53230865e-02,2.14852614e-02,1.35236760e-02,-1.95975629e-02,7.81003783e-02,-1.10388750e-02
-9.86266575e-02,9.44122939e-03,-7.05869792e-02,-4.03261594e-02,-2.20782699e-02,1.29004005e-02,4.46999180e-02,1.15801643e-02,3.58905206e-02,3.55220903e-02,-4.43577452e-02,2.44934922e-02,-2.93514412e-02
-1.12067604e-01,-3.11472349e-02,-4.32081491e-02,-1.92298647e-02,-1.11261939e-02,6.11314082e-02,8.05319953e-02,5.71447166e-02,4.03091062e-02,6.05214178e-02,-5.06126467e-02,-1.16102022e-02,-7.05717985e-03
-1.04964149e-01,-3.29755419e-02,-3.38494933e-02,2.94093147e-02,1.79018237e-02,7.59434310e-02,6.18817026e-02,3.81803019e-02,1.25093755e-02,6.64081514e-02,-2.50630708e-02,-3.08941305e-02,1.20522260e-02
-1.10519059e-01,-4.18456171e-02,-2.58103806e-02,2.25256900e-02,2.83725189e-03,3.55968633e-02,5.22172670e-02,4.26176218e-02,-9.32099278e-03,4.46082545e-02,-1.02919161e-02,-1.51269695e-02,2.05669332e-02
-7.16074183e-02,-3.65607895e-02,-3.35307427e-02,8.03502699e-03,2.34101918e-02,3.00407956e-02,4.10222527e-02,4.82361488e-02,-4.31626556e-03,4.53562502e-02,-6.41342762e-03,-4.34987849e-02,3.21499889e-02
-3.52593173e-02,-2.85757862e-02,-4.09261954e-02,-1.71461938e-02,2.22443117e-02,1.45375898e-02,2.63651196e-02,3.89454323e-02,-3.34690066e-02,6.91212380e-03,1.32879441e-02,-1.35647607e-02,1.80074641e-02
-9.64832726e-03,-9.58751335e-03,-3.21350136e-02,-1.65455374e-02,1.72028179e-02,-6.68011352e-03,2.26522603e-02,3.06222151e-02,-4.78513924e-02,-1.45902484e-02,2.74277647e-02,-1.54361069e-02,1.40736922e-02
-6.65086043e-03,-1.90211046e-02,-3.32038195e-02,-1.22976691e-02,2.53141330e-02,-7.97412670e-03,1.10618407e-02,1.03912479e-03,-2.36385553e-02,-2.69229253e-02,1.77848631e-02,-2.93617192e-02,-1.23644967e-02
5.58174102e-02,-2.12955319e-02,-3.04901095e-02,-2.21063296e-02,1.23417556e-02,-1.47455926e-02,-2.97966779e-03,-2.37988717e-02,5.29517434e-03,-3.53362334e-02,2.94680066e-02,-6.12557948e-03,-1.14753755e-02
4.75941630e-02,-4.37972698e-02,-2.83919846e-02,-1.18877794e-02,1.75062055e-02,7.86479872e-03,1.53011949e-02,-9.36917872e-03,5.02046775e-02,-2.66855661e-02,2.12150182e-02,-1.21971950e-02,-1.70481894e-02
4.45690421e-02,-2.61991229e-02,-5.15792405e-04,-2.00575020e-02,-2.35820319e-03,-5.45433870e-04,-1.75961490e-02,-6.93542972e-03,9.09867926e-02,-1.04269507e-02,1.34931053e-02,-1.11907759e-02,-9.14256078e-03
7.32689591e-02,-7.57236496e-03,2.19282699e-02,-9.31679684e-03,2.58133261e-02,1.57779314e-03,-2.88206669e-02,-2.89492242e-03,8.59286705e-02,-7.00834796e-04,7.30275153e-05,-2.82045710e-02,-3.28821571e-02
9.03403157e-02,3.18608369e-02,4.71435346e-02,-4.34790605e-02,-2.54336114e-02,-6.93229253e-02,-5.00750322e-02,2.31645475e-02,6.98707969e-02,-2.03168372e-02,-2.43418044e-02,-3.53518588e-02,-3.96198771e-02
8.50949398e-02,6.14748261e-02,4.30288741e-02,-5.41563412e-02,-2.48137804e-02,-8.80696693e-02,-5.54551811e-02,5.21184574e-02,8.80961234e-02,-4.23320303e-03,-3.41121212e-02,-5.64854619e-02,-5.33431548e-02
5.97358295e-02,4.92347849e-02,1.91840069e-02,-6.11711463e-02,-4.74976474e-02,-1.00082417e-01,-4.36397253e-02,6.44662004e-02,3.34917440e-02,-1.29283183e-02,-2.79643827e-02,-3.09199225e-02,-2.95722936e-02
3.84565051e-02,4.32240736e-02,-9.80089372e-03,-6.11082953e-02,-9.25617118e-02,-1.25317243e-01,-6.85818607e-02,4.78782358e-02,-1.58904019e-02,-2.04388094e-03,-1.08273609e-02,-1.87110804e-02,-2.77669111e-02
1.62023752e-02,6.25254598e-02,-4.06020151e-02,-1.91078092e-02,-7.87323181e-02,-1.10703332e-01,-5.35996970e-02,4.74683589e-02,-3.59126943e-02,-2.13038508e-02,-2.06155054e-02,-2.58838796e-02,-5.71359426e-02
3.05623351e-03,3.36727288e-02,-4.86355103e-02,-8.56999804e-03,-9.34550524e-02,-9.01960855e-02,-5.80934925e-02,-2.41457761e-02,-1.00732514e-01,-6.41181600e-02,-3.04163359e-02,-3.96323383e-02,-8.63469868e-02
-1.94643764e-02,-1.75922385e-02,-5.44410817e-02,2.63373029e-02,-7.83951927e-02,-5.60813391e-02,1.20324678e-03,-1.92795270e-02,-7.68837763e-02,-4.10754284e-02,-3.20740900e-02,-2.11118432e-03,-3.37828565e-02
-1.53639621e-02,-2.66908347e-02,-4.22105988e-02,2.81207553e-02,-9.87507311e-02,-4.42159173e-02,-1.29183788e-02,-4.24405897e-02,-4.44300605e-02,-4.25750409e-02,-6.16965334e-02,6.16780948e-04,1.10828558e-02
-1.58933840e-02,-5.21314517e-02,-9.43294290e-03,5.07680083e-02,-4.49890035e-02,8.79515937e-03,-3.11475029e-03,-3.92522526e-02,-3.68290546e-02,-1.76914376e-02,-5.26906472e-02,-5.72775914e-03,2.66793800e-02
-5.90788359e-04,-3.75059063e-02,1.65719047e-02,4.86323876e-02,-2.93643284e-02,3.93506809e-03,-3.39200181e-02,-3.90930447e-02,-4.03103814e-02,-2.33219063e-02,-4.58013480e-02,-1.00925441e-02,3.90230413e-02
-6.95702031e-02,-6.04103956e-02,3.14485986e-02,1.79670774e-02,1.37904420e-03,-2.33136332e-02,-7.12352254e-02,-2.80900215e-02,4.19680270e-03,3.14824807e-03,-3.54482702e-02,-3.06963787e-03,9.58247942e-02
-6.92948283e-02,-5.28763843e-02,5.61472383e-02,2.55873798e-02,3.44784096e-02,-2.29508834e-02,-5.28151412e-02,-8.83413174e-03,-1.10858111e-02,-9.34940298e-04,-5.83499043e-03,2.57727489e-02,1.49493426e-01
-6.08670432e-02,-3.41447110e-02,9.20360193e-02,5.67123020e-02,6.28965087e-02,-5.60566362e-02,-1.18300871e-01,-3.77973976e-02,-4.74209310e-02,1.25290330e-02,6.18142254e-02,7.77413468e-02,1.63500117e-01
9.42491219e-03,2.27925881e-02,5.55452304e-02,8.58146941e-02,8.89697015e-02,-5.80834581e-02,-1.20906363e-01,-9.07697948e-03,-6.57406924e-02,-1.56967436e-02,6.83892819e-02,1.04823788e-01,1.44815543e-01
2.37342415e-02,4.96011883e-03,2.48298984e-02,9.64487829e-02,6.59872985e-02,-4.78116527e-02,-1.32501966e-01,-3.23488424e-02,-1.05824725e-01,-6.40654962e-02,6.76388651e-02,9.25956829e-02,8.23261297e-02
4.25936343e-02,-5.34463210e-03,2.25158494e-02,1.06690088e-01,7.74404752e-02,-3.48066824e-02,-9.89844692e-02,2.75859639e-04,-8.12562512e-02,-5.66020324e-02,7.95775513e-02,1.13922646e-01,5.81535910e-02
6.26943077e-02,-3.10676998e-05,2.05866190e-02,7.09218802e-02,2.44224538e-02,-3.83579395e-02,-5.98152450e-02,3.42446312e-02,-2.92392908e-02,-5.86264603e-02,5.84478372e-02,8.73422482e-02,2.62710425e-02
3.81397824e-02,-9.40054054e-03,1.76204899e-02,6.05613416e-02,2.14948714e-02,-2.77727972e-03,-3.26814364e-02,4.22703301e-02,-1.12098527e-02,-7.09857066e-02,4.88294896e-02,5.87876209e-02,-4.02727026e-04
3.32414508e-02,-2.90814190e-02,-5.28271259e-03,3.65537005e-02,-8.06378024e-04,1.99708203e-02,1.10658079e-02,4.58904296e-02,4.91289953e-03,-7.76103335e-02,1.92541159e-02,2.98010605e-02,-4.40086375e-02
-3.77754399e-02,-6.39424338e-02,-2.31271183e-02,-1.10065466e-02,-5.88624742e-02,-6.72560898e-03,1.82009179e-02,1.69022844e-02,7.67984989e-03,-4.35465087e-02,7.55278095e-03,-3.35355693e-03,-2.87672988e-02
-4.23833909e-02,-5.89093184e-02,-2.00424877e-02,-3.34352061e-02,-7.04891670e-02,-4.56761097e-03,6.62297391e-02,1.41220052e-02,-2.81493043e-03,-5.13772829e-02,-1.01549013e-04,-1.05187292e-02,-1.17815207e-02
-6.02396670e-02,-1.77911404e-02,3.21619713e-02,-1.49180490e-02,-3.30467070e-02,-1.53421799e-02,4.58840638e-02,-4.05613799e-02,-3.62870020e-02,-2.56338792e-02,4.66125223e-02,2.37060372e-02,1.36280250e-02
-2.98923033e-02,-1.29474369e-02,7.72837604e-03,-3.54820320e-03,-1.92384617e-02,-6.84388703e-03,6.36648243e-02,-3.74154660e-02,-4.18280818e-02,-2.51400508e-02,2.17787148e-02,1.77328326e-02,6.88190599e-03
1.36697926e-02,6.54424082e-03,-1.62305844e-02,1.96241204e-02,-2.42484545e-02,1.21473570e-02,7.26927948e-02,-7.21593968e-02,-3.84598233e-02,-2.08491091e-02,4.48336435e-03,4.95383432e-02,8.23618492e-03
5.45843444e-02,-5.07567040e-03,-3.03330632e-02,2.51307012e-02,4.17314801e-03,6.36674672e-02,6.76922925e-02,-7.67401636e-02,-1.88368099e-02,-3.48115081e-03,-1.44135771e-02,6.17848360e-02,-1.54171050e-02
7.20483396e-02,2.38329613e-02,-1.19508243e-02,2.11218220e-02,3.24700958e-04,5.44163491e-02,6.77796696e-02,-4.25896844e-02,2.81728588e-02,3.82022496e-02,-4.17312511e-02,3.17080504e-02,-1.41805255e-02
4.44456696e-02,1.34952295e-03,-4.07251182e-02,8.13519721e-03,1.51867474e-02,6.26268426e-02,6.29529844e-02,-3.71230735e-03,4.98871734e-02,4.70318280e-02,-4.14275430e-02,1.15993280e-02,-2.33491829e-02
5.60529631e-02,-1.91080539e-03,-3.87075138e-02,-3.11319759e-02,2.94078434e-02,5.03425584e-02,4.03236797e-02,-1.63269924e-02,4.63454658e-02,3.63524216e-02,-5.75692275e-02,1.81049650e-02,-1.10561964e-02
4.32064609e-02,-4.57275380e-03,-4.70053611e-02,-5.02906156e-02,2.17614228e-02,2.25483807e-02,1.95944729e-02,-1.83765494e-02,3.86159541e-02,3.63951888e-02,-4.91337941e-02,-2.24875508e-02,-3.19402430e-02
4.14610802e-02,5.38951655e-03,-2.18099205e-02,-4.09005257e-02,2.32205546e-02,-1.00633502e-02,-6.76076928e-03,-1.28591049e-02,4.67592761e-02,1.42808381e-02,-4.12371214e-02,-1.48538739e-02,-1.44083371e-02
6.02535862e-03,2.22820478e-02,3.41816929e-03,-4.15553870e-02,4.22561897e-02,-1.39427387e-02,-2.09181760e-02,-2.37023414e-03,3.50977486e-02,-3.27748287e-03,-2.10849562e-02,-1.80122347e-02,-1.04103143e-02
-8.56521802e-03,2.10903580e-02,-9.97380919e-03,-2.68360754e-02,6.13144716e-02,-5.00732620e-02,-3.53040774e-02,1.71466389e-02,4.23530816e-02,-1.07378359e-02,7.39992945e-03,-2.11039749e-02,-5.05629933e-03
-2.24452694e-07,4.99665433e-02,-4.93907132e-03,-2.49046739e-02,6.29776431e-02,-3.72036082e-02,-2.40528352e-02,1.26142938e-02,4.24634613e-02,-3.40624175e-02,3.31336539e-02,-5.52687975e-03,-1.45822675e-02
1.83697507e-02,3.08507979e-02,2.52521258e-03,-2.07110299e-02,5.07893808e-02,-3.08305046e-02,-2.87240293e-02,-1.04898489e-02,3.53857112e-02,-6.97841413e-02,3.64684352e-02,3.75165930e-03,-1.67741624e-02
2.15730610e-02,4.36377366e-02,2.95803164e-02,-3.02680632e-02,4.19038039e-02,-3.15935220e-02,-2.62880804e-02,-1.43920146e-02,4.15905766e-02,-5.93744123e-02,1.69512409e-02,-2.45728228e-03,5.85879965e-03
8.24274060e-03,1.20772214e-02,1.81386565e-03,-3.67261137e-02,4.53748234e-02,-1.46749360e-02,-1.00623875e-02,3.15130672e-02,3.17936957e-02,-5.93097516e-02,2.38683764e-02,-2.65307074e-03,1.36335625e-02
1.83072151e-02,3.68218143e-03,8.42651014e-03,-6.59283383e-02,2.12643012e-02,1.54674789e-02,-1.47563653e-02,2.34502701e-02,1.24690424e-02,-5.61987297e-02,1.32885160e-02,2.63569153e-03,3.22392429e-02
-1.47429212e-03,-1.06812955e-02,9.31864862e-03,-8.03808544e-02,-2.05099407e-02,4.15705481e-02,-1.94618776e-02,1.38781469e-03,-1.63285284e-02,-4.56687532e-02,-1.52869634e-02,-2.59172310e-02,1.64987590e-02
-8.34521974e-03,-1.81480890e-02,2.63306255e-02,-5.67239605e-02,-5.12505198e-02,2.56254365e-02,-3.49363008e-02,1.08038677e-02,2.51458782e-02,-2.16838248e-02,-3.58997789e-02,-1.89388004e-02,2.58434998e-02
-5.11079155e-02,-4.72575852e-02,2.23218282e-02,-4.89913594e-02,-5.10694894e-02,9.15728234e-02,-2.02427060e-02,1.86412465e-02,3.57080900e-02,1.51518251e-02,-3.49612313e-02,-2.79346057e-03,1.11924614e-02
-4.25500709e-02,-6.31537452e-02,1.57119423e-02,-5.78780367e-03,-3.04099496e-02,7.13922910e-02,-1.08719004e-02,-1.97879854e-02,2.91718698e-02,2.68976982e-02,-2.62944742e-02,1.67100657e-02,1.21354794e-02
-9.81428804e-02,-6.15740962e-02,4.34884127e-02,2.60469747e-02,-2.64673618e-02,1.07415747e-01,2.83646892e-02,4.17528266e-03,5.21981240e-02,5.35694412e-02,-3.35670679e-03,-5.82574312e-03,-2.69942671e-02
-5.20091591e-02,-6.35745459e-02,3.77836211e-02,4.21809402e-02,-4.47911674e-02,5.88212865e-02,2.20775202e-02,-1.99935103e-03,1.51235390e-02,2.52256429e-02,-7.91504680e-03,-1.05093280e-02,-4.11572625e-02
-5.45012753e-02,-2.01908587e-02,3.42232817e-02,3.63229594e-02,-3.22816887e-02,1.27304815e-02,6.94182145e-03,-4.63333154e-03,1.04340542e-03,3.21247771e-02,8.38292328e-03,-3.31000858e-02,-5.67938303e-02
-3.91984748e-02,-1.85765409e-02,-4.95809313e-03,3.36745416e-02,-3.76325846e-02,-1.58722815e-02,-6.31189708e-03,-6.57013435e-03,-1.79935727e-02,4.64203238e-03,2.45610320e-02,-3.24529513e-02,-3.94255691e-02
-2.61955075e-02,-2.96393982e-02,-5.35864688e-02,-1.96898709e-02,-5.48917652e-02,-4.48588350e-02,-1.63137246e-02,-1.11568237e-02,-4.15776089e-02,2.08046189e-04,2.30841716e-02,-3.42053275e-02,-1.73392621e-02
-8.95101499e-03,1.89113170e-03,-3.23315947e-02,-1.14295286e-02,-7.14336735e-02,-4.94183238e-02,-3.98189276e-02,-2.71087721e-02,-6.36441372e-02,-2.06107987e-04,-1.93331090e-02,-5.31783525e-02,-2.03353087e-02
1.02476129e-02,2.67767297e-03,-4.90175842e-02,-1.18775530e-02,-6.13969013e-02,-7.76116509e-02,-3.59708602e-02,1.87452726e-02,-5.54370463e-02,-1.43819566e-02,-4.12754585e-02,-6.11620925e-02,-2.10288591e-02
1.92978074e-02,3.27554769e-03,-6.46858905e-02,-2.31091641e-02,-4.90889877e-02,-3.49466485e-02,-5.81993556e-02,2.19126681e-02,-7.33755620e-02,-3.95447180e-03,-2.48495860e-02,-1.40581894e-02,2.14137793e-03
5.89685161e-02,-1.44848717e-02,-3.98391922e-02,1.07786438e-02,-6.72707101e-03,-2.31462718e-02,-3.13655189e-02,1.90124348e-02,-8.59611782e-02,-3.20081907e-03,-3.94659147e-02,1.71341129e-03,2.60619468e-02
2.62465596e-02,-2.10950983e-02,-1.66384651e-02,1.84584155e-02,8.95365245e-04,3.78807954e-02,-1.55584572e-03,2.66864207e-02,-4.32864853e-02,2.77684857e-02,-1.59948958e-02,-1.04162279e-03,3.57589209e-02
8.40007106e-02,-3.87965817e-02,-3.43541379e-03,1.22921131e-02,1.50553206e-02,5.03565143e-02,2.51847860e-02,4.80314953e-02,-3.89395910e-02,-1.08995638e-03,-4.16820141e-02,-9.43677689e-03,4.00913357e-02
6.01104608e-02,1.12614946e-02,1.25315527e-02,1.31394873e-02,5.25637439e-02,4.21989020e-02,2.62571001e-02,6.64523513e-02,-3.49620984e-02,2.19394053e-02,-9.90992389e-03,-3.14137875e-02,1.68060822e-02
6.40219826e-02,-1.37358049e-02,1.16931030e-02,2.59502930e-02,8.25881014e-02,5.19077010e-02,1.56663731e-02,6.49735267e-02,-2.58200036e-02,-1.48507104e-02,1.33427937e-02,-2.09076899e-02,1.17956609e-03
4.19118185e-02,-1.70658516e-02,-1.49609442e-02,-2.11317699e-03,5.44998638e-02,2.75895200e-02,-8.05883376e-03,2.91357312e-02,-4.18921925e-02,1.13670051e-04,6.01347493e-02,-9.46047747e-03,1.48795144e-02
1.19486820e-03,-4.54810548e-03,1.34026530e-02,-1.41223573e-02,-1.21653372e-03,-1.70134937e-02,-3.03476387e-02,2.19734812e-02,1.51520190e-02,5.04654577e-02,7.04928332e-02,-1.53392924e-02,-1.26934223e-02
1.15304890e-02,-5.09836169e-03,6.87531939e-03,-3.09821120e-02,-6.25900607e-03,1.48313471e-03,-5.52619159e-03,1.90980378e-02,1.20837163e-02,2.99107147e-02,6.25505398e-02,-2.53518092e-02,-5.51760225e-02
-1.00381539e-02,-1.65437606e-02,-1.71306247e-02,-2.43047353e-02,5.34105105e-03,6.64765215e-03,-9.23190462e-03,-1.62359218e-02,1.06175127e-02,2.02370888e-02,5.13054349e-02,2.68209374e-03,-5.05889503e-02
-2.36821752e-02,3.87536259e-02,1.48018136e-03,-1.84826378e-02,5.25405831e-02,4.23674835e-02,2.01700665e-02,-3.48352046e-02,1.10916595e-02,4.55591638e-02,3.20098230e-02,1.10463211e-02,-7.43306055e-02
-3.45223183e-02,2.75147472e-02,-6.58230874e-02,-6.71989244e-02,1.93850408e-02,6.00170974e-02,4.96680521e-02,-4.37008759e-02,2.85463347e-02,4.68919724e-02,2.15195487e-02,1.69346068e-02,-7.99757504e-02
-3.93513750e-03,2.62038167e-02,-7.90329759e-02,-6.98532979e-02,-9.30390760e-04,3.26885861e-02,6.68417646e-02,-5.00309366e-02,3.42818646e-02,2.16951602e-02,-3.01399829e-02,1.23535552e-02,-6.11690369e-02
-1.83658668e-02,2.90224369e-03,-1.08021718e-01,-6.35212173e-02,-1.21445619e-03,2.33459841e-02,8.92543068e-02,-5.77614749e-02,3.93415526e-02,3.31285601e-02,-5.03601357e-02,1.40671772e-02,-4.06790707e-02
2.78693494e-04,-1.11191172e-02,-8.57900319e-02,-2.27935117e-02,3.62316476e-02,1.54785123e-02,6.23929793e-02,-7.44778272e-02,2.00723415e-02,-3.63099144e-02,-5.71202488e-02,5.82602803e-02,-2.40761134e-02
-6.44320623e-03,-3.12284508e-02,-5.97536591e-02,-1.19648865e-02,2.84406027e-02,1.98643028e-02,7.91958020e-02,-6.82642511e-02,1.75901719e-02,-3.63859837e-02,-3.96478836e-02,5.05715106e-02,6.46082805e-03
-3.43629282e-02,-2.35519903e-02,1.24988557e-02,-2.26555179e-02,-8.34087221e-03,-2.96296364e-02,4.23645761e-02,-7.09646102e-02,2.79232783e-02,-6.23039845e-03,-8.56492097e-03,3.37495240e-02,2.29863979e-02
-6.92064200e-02,-7.58081203e-02,3.76005740e-02,-1.42740441e-02,-3.33813608e-02,-3.37735946e-02,2.39618022e-02,-5.07253942e-02,1.56806643e-03,-1.27510117e-02,2.16709495e-03,-3.30256216e-03,8.92760151e-03
-5.44064188e-02,-9.74079031e-02,5.76200561e-02,1.11005129e-02,5.46838662e-03,-2.96650658e-02,-1.38966479e-02,-4.18120880e-02,-2.04186504e-02,1.53265920e-02,3.40359992e-02,2.44020689e-02,7.69002049e-02
-7.93520179e-02,-6.26930431e-02,6.38299876e-02,-1.63117671e-02,2.14426419e-02,-1.08013642e-02,-4.04076756e-02,-3.01038325e-02,-1.70309543e-02,3.69831460e-02,4.04615036e-02,5.59321645e-03,3.85727150e-02
-7.13245950e-02,-4.35707764e-02,4.33556132e-02,-3.98508264e-02,3.11489457e-02,2.84859531e-02,-1.67234351e-02,7.59958602e-03,-1.18134565e-02,4.02666865e-02,4.93372430e-02,-8.40217585e-03,4.68047728e-03
-6.00963614e-02,3.13672642e-03,3.73490366e-02,-4.06579155e-02,7.46563957e-03,2.11024633e-02,-3.29556453e-02,2.53404932e-02,-3.06764581e-02,4.76409936e-02,4.14673638e-02,-2.33442699e-02,-1.88074991e-02
-3.31598515e-02,-1.50627340e-03,1.36109694e-02,-4.62484803e-02,-8.06593320e-03,1.58180244e-02,-1.76761296e-02,1.24887150e-02,-4.30421057e-02,5.43393017e-02,2.77018401e-02,-2.09628899e-02,-3.23334111e-02
8.72262295e-03,4.36810968e-02,-3.44314698e-03,1.79853185e-03,-1.14824353e-02,-1.09119920e-02,-3.34623836e-02,1.25202708e-02,-6.22202047e-02,-1.38633532e-03,2.80824136e-02,-8.11122060e-04,-3.76392903e-02
1.34787694e-02,3.79829333e-02,8.00080901e-03,1.19601289e-02,-5.74025196e-03,3.21095453e-02,2.52053579e-02,4.02611564e-02,-4.51555450e-02,-5.50276391e-03,3.72004845e-03,-2.74699117e-02,-3.79246980e-02
2.26686182e-02,6.40419375e-02,3.33134352e-02,6.25575655e-03,4.90720478e-03,4.64507940e-02,5.50530718e-02,3.78991049e-02,-1.22857922e-02,2.01569234e-02,2.70471900e-02,-3.67720323e-02,-5.35683062e-02
-4.38902362e-02,-1.50592949e-02,1.89425526e-02,1.51361371e-02,-5.24633119e-03,4.37328626e-02,5.20936644e-02,3.51588880e-02,-9.06198157e-03,1.82956316e-02,1.24105731e-02,-4.69786613e-02,-5.46002225e-02
3.09087253e-03,1.64067727e-04,5.60627595e-02,3.61138961e-02,3.71339689e-02,3.94564872e-02,3.21203314e-02,-4.97830511e-04,-3.85604369e-02,2.75644606e-02,4.24589383e-02,-1.22567207e-02,-3.05003601e-03
2.58885852e-02,-1.89037929e-02,2.41028756e-02,1.72374984e-02,2.90959130e-02,-1.89999395e-02,-1.15333280e-02,1.59700351e-02,-1.95165813e-02,2.28607481e-02,3.22704900e-02,-1.05241590e-02,-1.40869220e-02
3.83387162e-02,-1.65742554e-02,4.86652672e-02,5.35748060e-02,6.46748395e-02,-2.90672872e-02,-1.83652935e-02,1.04908736e-02,-2.35518507e-03,2.68304134e-02,3.75507221e-02,1.48517934e-02,1.35169411e-03
2.36287019e-02,-2.74295819e-02,1.92483825e-02,4.20175645e-02,4.20831748e-02,-1.55764261e-02,-4.55185793e-02,-5.17795195e-03,-1.44098333e-04,5.79904978e-02,3.50352904e-02,1.74963510e-02,-4.61131470e-05
2.52131742e-02,-3.41213597e-02,3.66092034e-02,3.91634716e-02,3.29789127e-02,-1.05392142e-02,-6.00848386e-02,-5.21974386e-02,-5.37444933e-03,4.06022052e-02,-8.61583573e-04,2.56700918e-02,6.66578970e-03
3.70641146e-02,-5.87525306e-04,-1.08609518e-02,2.53732540e-02,1.32403182e-02,-3.44835919e-02,-7.74798542e-02,-3.93272387e-02,1.71815008e-02,1.98433530e-02,-2.22268346e-02,2.27541178e-02,-5.51355446e-03
1.76102360e-02,-6.73199682e-03,2.61193232e-02,7.54846666e-02,4.98412870e-02,1.03015915e-02,-6.15862820e-02,-2.35486747e-02,-1.86315098e-02,-1.16943131e-02,-4.58385221e-02,1.17672433e-02,2.59716742e-02
-9.45552777e-03,-2.29711132e-03,1.42389044e-02,5.27955835e-02,2.08695366e-02,1.72990498e-02,-3.84951742e-02,-6.32629874e-03,1.84562528e-02,3.99449619e-02,-3.37077920e-02,-1.54006109e-02,1.24386127e-02
-2.94853731e-02,-4.36367549e-02,1.45735223e-02,4.04615748e-02,-7.82530996e-04,2.11069015e-02,-4.14881599e-02,7.08616055e-03,1.46678796e-02,4.26508867e-02,-3.39314359e-02,-5.47232841e-03,2.97282562e-02
1.58586713e-03,-2.16049713e-02,4.55912474e-02,4.91714083e-02,4.74873781e-03,2.65963579e-02,-4.37029963e-02,-7.55969015e-03,2.01989783e-03,3.03289917e-02,-3.87878804e-02,-5.83403016e-03,2.73758216e-02
1.95185275e-02,-2.14240125e-03,2.22431172e-02,1.48980763e-02,-1.10881759e-02,-4.52889572e-03,-5.56088592e-02,5.26716761e-03,4.05932638e-02,3.43903590e-02,-3.62235027e-02,-1.53158775e-02,-4.51081524e-03
4.30538399e-02,1.64750479e-02,1.45229783e-02,2.70100605e-02,-1.74223303e-02,-2.09293388e-02,-4.24078361e-02,2.44930270e-03,6.89689989e-02,3.43783657e-02,-2.09219035e-02,1.78220245e-03,1.57624145e-03
4.36748446e-02,1.01424289e-02,-2.14890620e-02,-4.26161560e-03,-2.94077520e-02,-8.14014064e-03,-2.59863247e-02,-3.18962161e-02,6.07486265e-02,3.91339027e-02,-9.34419931e-03,8.06107160e-03,6.32647893e-03
-1.58452978e-02,-2.26078321e-02,-8.87808745e-02,-7.07833253e-02,-5.37018219e-02,-3.61567820e-02,-5.19167611e-02,-1.00626538e-01,4.20969875e-02,-3.71454066e-02,-4.42589831e-02,-3.19032421e-03,-1.18587918e-02
-1.71829128e-02,1.03179330e-02,-1.52738150e-01,-9.60495178e-02,-6.98020342e-02,-3.57556292e-02,-3.65385849e-02,-7.45849692e-02,7.20322371e-02,-3.43969148e-02,-5.99140648e-02,8.22564246e-03,-3.95981183e-02
-3.29185308e-03,3.23943153e-02,-1.25657046e-01,-3.71542695e-02,-1.59386127e-02,3.30288585e-02,9.82460941e-03,-6.48155871e-02,4.80482207e-02,-5.92469263e-02,-8.36248832e-02,3.53096317e-02,-3.07835753e-03
-2.14971996e-02,6.72970247e-02,-8.16987646e-02,-1.91714824e-02,-1.05523153e-02,4.11450032e-02,-7.65707648e-03,-8.80030097e-02,4.08672388e-02,-1.77965297e-02,-8.22262041e-02,3.16358746e-02,-1.54773024e-02
-2.91834838e-02,4.83390473e-02,-2.34094246e-02,-6.63786414e-04,2.08209412e-02,6.72471268e-02,2.28233134e-02,-6.43732854e-02,1.46112795e-02,-1.63692371e-02,-8.27408100e-02,3.07541549e-02,8.72275515e-03
-1.32071574e-02,3.42104345e-02,1.02266048e-02,2.05534942e-02,4.13706848e-02,5.23503953e-02,2.43827971e-02,-3.30412568e-02,-4.21890522e-03,-2.43350102e-02,-6.61052279e-02,4.32593408e-02,2.52049182e-02
1.93037381e-02,4.68274479e-02,4.01040035e-02,2.22586550e-02,7.32169206e-02,2.46957590e-02,2.75850695e-02,-1.08613842e-02,3.10930482e-03,-1.45917852e-02,-4.65471035e-02,3.19982038e-02,6.59476689e-03
5.43417472e-02,4.11989529e-02,6.71491358e-02,5.51810369e-02,7.12646987e-02,2.49851385e-02,4.56975744e-02,1.31838848e-02,1.51824467e-02,9.61295596e-03,-2.96052475e-02,1.34602822e-02,-4.61479181e-03
5.36072177e-02,7.47265187e-03,6.82408679e-02,5.91009239e-02,6.42062256e-02,4.69085335e-02,7.64059782e-02,1.67468651e-02,-5.33009584e-03,2.20915616e-02,8.73761364e-03,-6.19134676e-03,1.68215234e-02
-2.19732443e-02,-5.62498871e-02,-1.18294475e-02,-1.81233203e-02,1.98027292e-02,7.82487972e-03,4.81985791e-02,-3.38247599e-03,-1.88692218e-02,-5.09722440e-02,-1.77302541e-03,-5.99230979e-02,1.08732966e-04
-3.36220651e-02,-4.21022811e-02,-3.60837503e-02,-1.25609199e-02,-1.45204117e-02,-1.24452771e-02,5.71631798e-02,1.71598121e-02,-2.59855962e-02,-4.43016223e-02,3.38524076e-03,-8.86996762e-02,-2.07146513e-02
2.97464363e-02,-5.19056287e-03,-4.37842042e-02,-1.26528517e-02,-3.13932440e-02,-1.06538866e-02,5.34587715e-02,9.56142592e-03,-5.26558330e-02,-4.50061259e-02,-2.06617001e-02,-8.84387959e-02,-1.26345061e-02
5.23576798e-02,4.63647463e-02,-1.69550511e-02,2.89938417e-03,-5.31175608e-02,-1.78988956e-02,8.15173044e-03,-1.18289233e-02,-8.08474435e-02,-5.89647061e-03,-1.20972983e-03,-7.80901306e-02,-4.75932518e-02
6.69819568e-03,4.16529086e-02,3.78237904e-03,-8.55930060e-03,-3.15630477e-02,3.38227236e-02,3.87819139e-03,-6.18224845e-03,-6.70026076e-02,2.19635788e-02,-1.76078753e-02,-7.91387908e-02,-3.02669015e-02
-1.73171838e-02,2.76829061e-02,-3.15417184e-02,-3.23107189e-02,-5.58333196e-02,7.01492434e-03,-1.16565293e-02,7.68074573e-03,-4.72642592e-02,3.04593684e-02,-9.78940061e-04,-4.96222641e-02,3.37189501e-03
4.58895836e-02,7.37186372e-02,-1.21277382e-02,-3.04473975e-02,-1.10106493e-02,9.42442160e-03,1.90917951e-05,7.13349536e-03,-3.93109896e-02,1.81927459e-02,1.21540102e-02,-2.02558338e-02,6.36473259e-03
6.66199940e-02,8.71173752e-02,2.84566449e-02,9.86038798e-04,1.48589229e-02,-2.45271968e-02,-1.64748894e-02,-4.01772071e-03,-1.38342378e-02,2.05422361e-02,1.52312718e-02,-6.79956475e-04,-1.06578313e-02
6.92956306e-02,5.78277496e-02,1.22253205e-02,1.24394733e-02,9.57243957e-03,-1.09492694e-02,2.83996275e-02,-1.48036453e-02,-2.03144999e-02,4.17257014e-02,1.58331009e-02,4.69315056e-03,1.47809636e-02
1.79151112e-02,-1.25337548e-02,-2.09206370e-02,1.11105296e-02,4.43155934e-03,9.95826590e-03,3.23277274e-02,-4.96609830e-03,6.48764806e-03,7.58071305e-03,-2.38402721e-03,-2.99265608e-03,1.22170825e-02
2.63472152e-03,-1.50204927e-02,-1.65931285e-03,2.44386120e-02,-7.79715881e-03,-2.38280317e-04,3.68069190e-02,1.26219861e-02,1.32518359e-02,-2.37366056e-03,5.86672632e-03,-1.40853276e-03,-6.62996178e-03
4.50346859e-02,-6.24196458e-03,1.31786774e-02,2.16536302e-02,5.12233892e-03,-1.94790037e-02,2.04245867e-04,1.31428901e-02,-4.02438601e-03,-7.28021491e-03,-3.31224194e-05,1.75541086e-02,-2.70767619e-02
7.12909922e-02,-8.62445231e-03,9.83604590e-03,1.67180827e-02,-3.81692339e-03,-3.41294426e-02,-1.49807591e-03,2.42056459e-02,-3.95014259e-02,-3.73150707e-03,1.85766730e-02,4.67507212e-02,-5.21324555e-02
1.99183889e-02,-2.97133242e-02,1.72683693e-02,-4.16361186e-03,-9.67945012e-03,-3.13551241e-02,-1.73255548e-02,2.19778291e-02,-4.92693102e-02,-2.63014295e-03,-2.02892374e-03,2.91362599e-02,-6.92335991e-02
-1.68921426e-02,-2.92828640e-02,7.92669221e-03,-4.34331645e-02,-4.24995248e-02,-4.00606859e-02,-9.97129237e-03,2.58326790e-02,-1.64062475e-02,7.72576447e-03,5.73988048e-03,2.19760118e-02,-3.01874507e-02
-2.70724075e-02,-1.32784371e-02,1.49950887e-02,-4.80802896e-02,-3.07415511e-02,-9.46811091e-03,1.66413174e-02,2.00329374e-02,-1.07701977e-02,-3.08922460e-03,1.70013202e-02,2.35354870e-02,-1.80711003e-02
-3.83420780e-02,8.36901909e-03,4.41224340e-02,-3.37553833e-02,-2.16296968e-02,-4.74814142e-02,3.31118032e-03,1.31121047e-02,1.28923953e-02,-3.10693781e-02,3.56000769e-02,2.54270933e-02,-3.22534632e-02
-4.33903584e-02,1.88836343e-02,3.65383432e-02,-1.68726799e-02,-2.89063831e-02,-5.27327547e-02,5.27972931e-02,8.66583861e-03,2.58595894e-02,-1.59504637e-02,3.17279118e-02,1.48528176e-02,9.95079722e-03
-5.41568594e-02,1.79247578e-02,4.79690174e-02,-1.67420001e-02,-4.95651163e-02,-2.94264578e-02,7.69832053e-02,-1.70885534e-02,4.05464419e-02,-2.24273634e-02,3.58327377e-02,1.50524460e-03,2.23123154e-02
-6.71679021e-02,1.17870247e-02,6.55413317e-02,-3.27714101e-02,-7.44631695e-02,-1.84442796e-02,5.94639447e-02,-1.44639643e-02,4.73265137e-02,-4.29011428e-02,4.55370409e-02,-1.25407281e-02,1.62418284e-02
-8.54168366e-02,3.68732976e-03,6.56991213e-02,1.23553562e-03,-5.76327467e-02,2.28237860e-02,-5.29014036e-03,-8.53327802e-03,3.35279669e-02,-3.05546229e-02,7.14436435e-02,2.15613570e-02,3.43431269e-02
-7.00782501e-02,-2.25605905e-04,5.73125424e-02,1.15944924e-02,-1.20925232e-02,1.69760333e-05,-3.37833904e-02,3.94271321e-02,4.24675544e-02,-1.82326986e-02,7.48006219e-02,5.09340329e-02,7.01134921e-02
-7.23280312e-02,-2.29611500e-02,7.05079582e-02,4.26993127e-02,2.83623892e-03,-4.59083920e-02,-8.38136042e-02,6.74213950e-02,6.09216633e-02,3.17090533e-03,9.23703984e-02,4.00978416e-02,9.31966198e-02
-6.18365074e-02,-1.17152761e-02,6.96133295e-02,3.64432925e-02,2.36349658e-02,-3.46073918e-02,-4.73874509e-02,1.06399722e-01,6.14708441e-02,2.50247247e-02,9.43454942e-02,2.77106874e-02,1.18791127e-01
-3.85091764e-02,-3.05774266e-02,6.58754771e-02,4.17836449e-02,2.39019229e-02,-1.57641043e-02,-3.77033668e-02,1.06058297e-01,7.82622739e-03,2.21471504e-02,8.08713091e-02,1.82322956e-02,1.10985436e-01
-2.19258954e-03,-1.80914048e-02,4.62219859e-02,3.80830268e-02,4.69362040e-02,-3.18248606e-02,-4.91967972e-02,1.12603055e-01,-1.43216271e-02,-1.40198651e-02,6.99470357e-02,1.65048468e-02,8.07872943e-02
-2.02342682e-02,-5.17526588e-02,-4.62652867e-03,3.00987477e-02,7.07610468e-02,-2.72045131e-02,-1.76929698e-02,1.39553855e-01,2.40884755e-02,1.59880728e-02,8.21616165e-02,3.99938968e-02,8.14217449e-02
2.74458435e-02,-3.98545123e-02,-2.15788132e-02,3.00230717e-02,6.26334421e-02,-5.51400523e-03,3.67533148e-02,9.87998231e-02,3.10264967e-02,2.94378841e-02,7.47160260e-02,4.07777082e-02,6.17940699e-02
4.41664946e-02,-4.32820287e-02,-2.98238120e-02,9.71066097e-03,4.59199476e-02,1.07960408e-02,7.36267724e-02,4.63372428e-02,2.96291384e-02,7.16447548e-03,3.52136971e-02,1.03582023e-02,1.51444812e-02
1.35831385e-02,-4.25452257e-02,-5.57601388e-02,1.53402823e-02,3.41733848e-02,6.89256902e-02,5.97348971e-02,2.72108740e-03,-3.16843339e-03,-2.95407092e-03,2.91228735e-02,1.49475790e-02,-2.09418098e-02
3.70651504e-02,-1.71979128e-02,-6.88689075e-02,1.95273999e-02,4.39464967e-02,5.10123537e-02,4.31837528e-02,-1.36617486e-02,-2.91313278e-02,-1.70927947e-02,-2.10792627e-02,-1.01872232e-02,-1.75183583e-02
6.60879064e-02,-2.58013816e-03,-3.75837761e-02,7.33178272e-02,3.96809077e-02,8.26974960e-03,-8.20913204e-03,-2.92507886e-02,-1.28184340e-02,9.48109037e-03,-2.53485280e-03,-3.94912485e-02,5.23345567e-03
8.30054677e-02,1.67023124e-02,-3.20322568e-02,8.91714180e-02,4.02498497e-02,3.18697689e-02,7.33681604e-03,-1.11546309e-02,-1.17042691e-02,2.25295002e-02,-1.07630218e-02,-4.34016485e-02,1.96390591e-02
7.96929304e-02,1.26232804e-02,-1.04636495e-02,7.98217311e-02,2.74534978e-02,3.53133741e-02,-8.56820814e-03,-2.07205053e-02,-3.11233380e-02,3.68227657e-03,-2.26140314e-02,-3.43290322e-02,1.35244297e-02
7.04895206e-02,3.35607667e-02,2.71462526e-02,4.48879154e-02,2.14103467e-02,2.57345276e-02,-1.36202586e-02,-2.84343720e-02,-5.07422982e-02,-2.09141632e-02,-6.17748738e-02,-7.11740864e-02,-1.59080161e-02
2.22616716e-02,1.93640316e-02,3.15106254e-02,1.13567397e-02,3.82058505e-02,2.03759806e-02,-1.40809341e-02,-1.41037350e-02,-3.69171661e-02,-4.39236927e-03,-3.96133856e-02,-4.25978285e-02,9.22348045e-04
2.59330460e-02,2.80527135e-02,3.57368879e-02,1.57117298e-02,3.19806918e-02,1.55959134e-02,-8.98496338e-03,-1.76187342e-02,-2.36790489e-02,1.31062577e-02,-4.18021247e-02,-1.92834670e-02,1.87345806e-02
-2.79563990e-03,1.28901508e-02,3.03941898e-02,2.29979281e-03,2.71102301e-02,-8.35172675e-03,2.03657706e-02,-1.08606828e-02,1.62204864e-02,2.13429908e-02,-4.02412303e-02,1.61618794e-02,3.31430009e-02
-4.50651635e-02,2.45825305e-02,3.71239074e-02,-2.37803409e-02,1.77556645e-02,-1.16255407e-02,4.03763836e-02,5.63397197e-03,2.95497708e-02,5.27487811e-03,-2.88122893e-02,3.05274503e-02,1.90448442e-02
-6.34340606e-02,2.41104359e-02,4.25875022e-02,-5.49756435e-02,-7.25387236e-03,-2.28195122e-02,7.05114147e-02,-1.35947563e-03,9.84531060e-03,-2.56022396e-02,-3.85567760e-02,2.20200711e-02,1.99153185e-02
-4.28943530e-02,4.04793456e-02,8.20340013e-02,-4.50794634e-02,-2.73678196e-02,-5.35573692e-02,6.68134624e-02,1.92885313e-03,2.70852938e-03,-2.21638286e-02,-3.66209872e-02,-1.26565566e-03,2.37552666e-02
2.12939508e-03,3.13443897e-02,8.26415098e-02,-1.45365161e-02,-3.34942550e-02,-3.57638991e-02,3.67928107e-02,2.22428353e-02,8.45263768e-03,-2.23511074e-02,-2.41160966e-02,2.02662612e-02,3.88145371e-02
2.80221455e-02,3.37127441e-03,4.51904157e-02,-4.23617497e-04,-3.40379131e-02,-2.48640901e-02,6.36418303e-04,3.86337887e-02,4.79609443e-02,-3.38021741e-02,-4.86546447e-03,5.29867340e-02,4.71137931e-02
-3.77776921e-03,-1.39354827e-02,3.45727435e-02,2.57228842e-02,-1.61121532e-02,-1.52180529e-02,-3.18934648e-02,1.68630541e-02,8.09043125e-02,-3.86670515e-02,-3.02456207e-03,2.94178695e-02,1.25060406e-02
-5.32395762e-02,-2.94045144e-02,-1.73444069e-02,5.38888835e-04,-1.49840235e-02,3.54503215e-02,-5.62727676e-02,-2.98707445e-02,5.73676681e-02,-2.96709595e-02,9.59755721e-03,3.31639183e-02,-1.81530039e-03
-4.10010524e-02,-6.25458664e-03,-2.28387490e-02,2.53288897e-02,-2.68088747e-02,3.33866959e-02,-6.46582410e-02,-4.08299405e-02,3.11826507e-02,-1.35073813e-02,-2.12349603e-02,-2.89162811e-03,-1.75061259e-02
-5.37372344e-02,-1.44325454e-02,-5.75033939e-02,3.05804507e-02,1.67376251e-03,3.88149998e-02,-3.50081298e-02,-1.89135395e-03,3.12851825e-02,2.14199232e-02,-1.36463436e-02,2.84832236e-02,-3.24495054e-02
-2.62984107e-02,8.48318755e-03,-8.18768632e-02,5.01598626e-02,1.32479748e-02,2.09112660e-02,-1.79599010e-02,8.05320073e-03,-6.59245052e-03,4.25207033e-02,-1.11135835e-03,3.01930657e-02,-4.55192577e-02
-1.75787616e-02,2.48881729e-02,-8.86505200e-02,2.54887286e-02,-1.32128138e-02,3.13471405e-02,1.84848789e-02,-1.46876683e-02,-3.74410811e-02,2.61185338e-02,3.62005403e-03,2.22434682e-02,-5.80253374e-02
-4.33530173e-02,1.39598817e-02,-6.20830935e-02,-3.81809022e-02,-6.49129969e-02,2.02771397e-02,5.09828840e-02,-2.82185290e-02,-5.22489910e-02,4.01519753e-02,-1.45738042e-04,7.30859211e-03,-6.62181771e-02
-1.75769694e-02,3.79751346e-02,-4.34581019e-03,-3.54159307e-02,-5.82381683e-02,3.08664722e-02,4.76900994e-02,-3.06593641e-02,-8.30947767e-02,2.28086354e-02,-2.45957140e-02,2.65168374e-03,-6.06561967e-02
-1.33658795e-02,9.93622253e-03,5.43924879e-03,-5.58189339e-02,-7.83774523e-02,2.58186530e-02,5.23776610e-02,-1.24159377e-02,-5.60283916e-02,2.11920984e-02,-2.85229173e-02,1.07199686e-02,-2.29324622e-02
8.44536363e-03,1.74862369e-02,1.74536783e-02,-2.56480740e-02,-4.23488337e-02,1.54031067e-02,1.75589190e-02,-3.64331366e-02,-9.33216401e-03,2.28417049e-02,-1.49441332e-02,6.35475151e-03,-1.49906035e-02
-1.54928902e-03,6.86437782e-03,2.32438184e-03,-2.78326622e-02,-1.02056216e-02,3.89975124e-02,-2.61436205e-02,-8.10246571e-02,1.73821088e-03,1.58637611e-02,-1.22332101e-02,6.47468931e-03,-1.08516462e-02
-9.44057911e-03,-3.10202273e-02,-3.47270699e-02,-3.20712083e-02,-3.03662430e-02,-9.10705005e-03,-5.54437463e-02,-5.24373170e-02,1.83577378e-02,1.85051635e-02,-1.48555886e-02,-2.16962241e-02,-2.52992852e-03
-4.99439510e-03,-2.54062784e-02,-1.21197768e-02,-4.09180103e-02,4.30384224e-04,1.89430231e-02,-3.92849512e-02,-1.62734940e-02,1.84493487e-02,1.85217880e-02,-2.02845576e-02,-1.09527842e-02,-6.25944659e-03
5.45695729e-02,-1.14777210e-02,-7.53851958e-03,-1.08077582e-02,1.86967030e-02,-6.73049845e-03,-4.85761381e-02,2.19049777e-02,1.80510245e-02,2.67372817e-02,-3.04216192e-02,-8.17307840e-03,-2.06146878e-02
6.28265161e-02,-1.84013454e-02,-3.42833706e-02,-4.83851636e-03,4.41256412e-02,2.46619278e-04,-5.54661200e-02,3.62319895e-02,1.71650186e-02,5.62722703e-03,-2.54386683e-02,-5.88979875e-03,-2.30825816e-02
7.58676958e-02,-2.52536693e-02,-2.76225078e-02,-1.65355260e-02,2.52239680e-02,-1.67604317e-02,-6.46179266e-02,2.36112746e-02,2.36142302e-02,-5.13801649e-03,2.15251707e-03,-1.17266869e-03,-3.12846358e-02
6.24932792e-02,-2.09194198e-02,-6.94102102e-03,-4.93162685e-03,1.86173981e-02,-1.23300682e-02,-3.90675396e-02,5.56924131e-03,-2.56633890e-03,-1.40168508e-02,-7.35277012e-03,3.10719730e-03,-2.26563668e-02
3.51031234e-02,-2.47350591e-02,4.84637560e-03,-9.98680402e-03,2.55324010e-02,1.15373761e-02,5.24607337e-03,1.90454766e-02,1.14161221e-02,-2.00604503e-02,-2.27448503e-02,-1.13779810e-02,-2.44151551e-02
2.81577744e-02,1.82984365e-03,2.45145878e-02,-3.46120835e-03,4.07057635e-02,2.28433332e-02,6.98710895e-03,5.27714296e-04,2.35556912e-02,-2.39520823e-03,-3.16343399e-02,-2.89333045e-02,-1.11618212e-02
1.18459942e-02,2.90576401e-02,5.64371717e-02,8.30245033e-03,8.87517579e-02,3.40391071e-02,5.89596518e-03,-3.04114700e-02,2.47658782e-02,-7.59884391e-03,-5.16674172e-02,-3.62702771e-02,-1.54136043e-02
1.24677809e-03,1.40983670e-02,2.48229196e-02,1.33387494e-02,7.89712463e-02,-6.24937379e-03,9.64376175e-04,-1.94753109e-02,2.09001688e-02,-3.80393489e-03,-2.77587831e-02,-1.95603087e-02,-2.15645874e-02
3.15227184e-03,4.96908366e-02,5.54713077e-02,8.25722265e-03,4.37872861e-02,-4.06676831e-03,1.72136135e-02,1.62080271e-02,3.61529132e-02,-6.06699719e-03,-1.13178765e-02,4.66549408e-03,-2.67200551e-03
3.94415800e-02,6.55937528e-02,7.26060249e-02,2.55491484e-02,2.20813427e-02,6.44629720e-03,3.44393122e-02,3.36267102e-02,3.53111721e-02,9.75548376e-03,-1.65542332e-02,8.25051691e-03,-2.07566903e-02
-1.03125525e-03,3.43669208e-02,3.87189223e-02,6.08982203e-03,2.60667443e-02,7.65852624e-03,3.86973575e-02,3.05964594e-02,3.76686820e-03,8.09992147e-03,-3.17194798e-03,2.70831350e-02,1.62633443e-03
1.30767761e-02,5.28204153e-02,6.40105201e-02,2.06867010e-03,-1.52824273e-02,-2.71581165e-02,5.60961045e-03,2.90465920e-02,-5.15801983e-03,-4.20132949e-03,3.44119664e-02,1.77331617e-02,-1.70300356e-02
4.56814522e-03,3.55072055e-02,3.14584255e-02,-2.17271396e-02,-3.99003573e-02,-4.27196048e-02,7.89363975e-03,1.86541318e-02,-3.88716764e-02,-7.14987692e-03,7.15576636e-02,4.69524861e-02,3.51475285e-03
1.60931598e-02,4.31385400e-02,2.47678927e-02,-1.92422907e-02,-3.00979500e-02,-3.80401059e-02,2.18039184e-02,2.37380344e-02,-1.95859608e-02,-7.61854750e-03,8.40096265e-02,3.73725372e-02,-8.66729770e-03
2.04766504e-02,4.77538367e-02,4.52618679e-02,3.64320165e-03,-4.04867106e-02,-5.01961013e-02,2.53331108e-02,1.78512867e-02,-1.53337361e-03,7.17084410e-03,5.55021736e-02,3.17749903e-03,7.53618768e-03
-1.58970331e-02,9.24023124e-03,1.60593949e-02,-6.70526449e-03,-2.27748524e-02,-3.36507948e-02,2.86722901e-02,2.05763867e-03,1.87756089e-02,2.93819189e-02,6.78525117e-02,8.56490678e-03,2.74709423e-02
-3.06171195e-03,2.80609996e-02,-1.64199106e-02,3.97898686e-03,-2.76217979e-02,-1.74340427e-02,6.33645858e-03,-4.25919324e-02,7.41490319e-03,9.59720749e-03,2.58050006e-02,-1.64416539e-02,-1.34544722e-05
-3.61457323e-02,3.41470144e-02,1.42086641e-02,2.18930332e-02,-6.51723482e-02,-5.77761430e-02,-3.64998696e-02,5.65380105e-03,6.93795774e-02,3.08343369e-02,9.70728397e-03,-1.56716294e-02,2.20780995e-02
1.84127781e-03,6.93938758e-03,-2.13913537e-02,3.31579097e-02,-4.22208649e-02,-2.06403158e-02,-7.82439654e-03,3.54670976e-02,7.08317951e-02,2.11928739e-02,-1.20418096e-02,-4.29490552e-02,3.51271827e-02
-1.19058966e-02,-3.24932167e-02,-4.20176958e-02,3.50798329e-02,-1.17718292e-02,-7.35400217e-03,9.23561899e-03,2.02504928e-02,6.52877916e-02,1.17590768e-02,-2.80671416e-02,-3.74909059e-02,6.16150164e-02
-4.15754312e-02,-5.82804619e-02,-2.52132482e-02,4.54718437e-02,-3.38067220e-02,-4.28901696e-02,1.14662215e-02,4.58220995e-02,6.54243245e-02,3.54312107e-02,-1.17524499e-02,-2.01924838e-02,8.29438768e-02
-1.06212042e-02,-5.25176686e-02,-4.94364754e-02,1.63934665e-02,-4.21112162e-02,-4.23318284e-02,1.87979432e-02,3.53441882e-02,2.17280067e-03,-2.48182091e-02,-3.48398532e-02,-1.73631098e-02,4.84853555e-02
-2.17601229e-03,-1.19247885e-02,-4.02152156e-02,1.30675867e-03,-3.36103371e-02,-4.53830933e-02,3.72098641e-02,4.75668622e-02,1.50897705e-02,-3.31004732e-02,-2.43259030e-02,-2.67076282e-02,2.53791980e-02
5.95093321e-02,1.45936985e-02,2.58879605e-02,-5.53784347e-03,-2.98764065e-02,-3.88401234e-02,3.63590763e-02,3.29010197e-02,1.64875478e-02,-3.22574655e-02,-3.69111828e-02,-1.60822405e-02,1.96010239e-02
3.45529266e-02,-3.41918482e-02,7.43405644e-03,4.69039680e-03,1.39210951e-02,-2.84007173e-03,5.89601189e-02,2.32155082e-02,1.51364485e-03,-2.00334441e-02,9.62738566e-03,7.78136051e-03,1.89709293e-02
3.50346435e-02,-3.63085070e-02,-2.13265526e-02,-1.06369661e-02,-1.37362684e-02,1.33364965e-02,2.63709827e-02,-1.66695908e-02,2.03086761e-04,-3.71396879e-02,-2.01973358e-03,-6.72031896e-03,-1.93806055e-02
2.48940502e-02,-3.08208774e-02,6.65792724e-03,-3.31834136e-02,-4.42734667e-02,-2.17853268e-02,-3.38672987e-02,-1.99409383e-02,1.30657904e-02,-6.66407261e-03,-5.26636182e-03,-2.68034825e-03,-3.25588227e-02
6.37260087e-02,-2.06712034e-02,-7.25956048e-03,-5.79975547e-02,-1.11949140e-02,9.95897576e-03,-5.97585152e-02,-1.82832588e-02,2.24821125e-03,-3.15984032e-02,-2.16731112e-02,-1.31613028e-02,-1.64105667e-02
7.05155872e-02,6.18869842e-03,-1.21787462e-02,-6.90285072e-02,3.78811537e-02,4.09688047e-02,-6.10869962e-02,-1.11565955e-02,9.33536855e-03,-4.64922414e-02,-2.07982629e-02,-5.00464894e-03,7.33051500e-03
4.08671815e-02,-5.24428181e-03,-1.58852359e-02,-5.34998642e-02,4.85258439e-02,2.92321910e-02,-6.76738639e-02,2.76580646e-02,2.13595385e-02,-6.22251793e-03,2.38755831e-02,4.58392598e-02,5.96012777e-02
1.01519744e-02,-3.62812311e-02,-4.79065514e-02,-6.88858395e-02,1.62309209e-02,3.31587756e-02,-4.24043808e-02,2.05349875e-02,-2.23769305e-02,-4.95172593e-02,-1.32974297e-02,4.08622769e-02,3.32399016e-02
-3.75074593e-02,-9.44407311e-03,-5.14573946e-02,-4.92838638e-02,-9.41464700e-04,2.74525196e-02,-1.87977443e-02,3.12557274e-02,1.53959366e-02,-2.24361843e-02,2.28956548e-02,4.13751711e-02,2.00412266e-02
-2.12467348e-02,8.86540844e-03,-1.16134121e-02,-4.94576643e-02,-2.43044766e-02,1.83752582e-02,-4.71247659e-02,2.05850605e-02,3.17434586e-02,-8.36527580e-03,2.25348387e-02,5.33885296e-02,2.42328091e-02
-5.50757134e-02,-9.36109808e-03,-5.49735383e-03,1.34591937e-02,3.42280106e-02,4.72351183e-02,5.79396816e-03,3.09701409e-02,1.42326497e-02,1.61965385e-02,2.53632179e-02,2.59839538e-02,-6.54964510e-03
-4.56345312e-02,-1.37590470e-02,6.66672071e-03,2.60592222e-02,3.06084649e-03,2.52438170e-02,2.26317931e-02,1.72087571e-02,2.13213202e-02,2.61090472e-02,2.74836308e-02,-5.40448617e-03,-1.72520958e-02
-4.41704512e-02,-4.26271563e-02,-8.91107395e-03,1.61565985e-02,-3.21578604e-02,8.72615094e-03,2.67629193e-02,8.61983637e-03,1.12060872e-02,3.82730468e-02,3.64878230e-02,-9.94430563e-03,-2.82226912e-02
-4.15419869e-02,-4.74952125e-02,-1.87921932e-02,3.95710238e-03,-2.65031389e-02,2.28910172e-02,5.33198843e-03,-2.60430662e-02,8.39342185e-03,2.98730889e-02,-7.53805155e-03,-1.60370837e-02,-1.16008396e-02
-6.72639415e-02,-3.14219528e-02,-2.18683665e-02,-1.95344666e-03,-2.15970905e-02,-6.73103917e-03,1.88383823e-03,-3.26993398e-02,2.44432658e-02,3.60229906e-02,4.30653484e-03,-2.19256755e-03,1.11818976e-02
-1.35820371e-02,-5.16174668e-03,-1.69991845e-02,-2.21019226e-03,-2.25665304e-03,-3.02211529e-02,-8.27488776e-03,-2.03433045e-02,7.57950083e-03,4.57324824e-03,2.60077148e-02,2.20999564e-02,1.00306801e-02
-2.23004743e-02,-2.15519786e-02,1.08945535e-03,6.19338054e-04,3.50154606e-02,7.75457960e-04,1.42553044e-02,-8.00327480e-03,-3.14371969e-02,-3.33842935e-02,-1.42943685e-03,1.40938328e-02,-4.34649606e-03
-1.29105749e-02,-1.00273595e-02,-3.69064647e-03,1.25385874e-02,4.48368182e-02,1.51770047e-03,8.09973908e-03,-9.73523564e-03,-1.12742097e-02,-1.34062868e-02,2.35820384e-02,1.57421421e-02,-1.23588067e-02
-1.95594413e-02,-1.62208436e-02,-6.75794235e-03,8.70222396e-03,1.62908881e-02,-2.95892097e-03,-4.71865573e-02,-5.19400213e-02,-2.17207936e-02,-1.54622594e-02,1.88040998e-02,3.08644385e-02,-3.21527485e-03
-1.08124923e-02,1.34850512e-02,1.52140517e-02,5.67701488e-02,3.96341806e-02,8.70353887e-03,-4.48911227e-02,-3.17447553e-02,-2.15972854e-02,-1.27045886e-02,7.91233342e-03,9.16751094e-05,-4.07266629e-02
1.84647576e-02,3.48007071e-02,1.28444774e-02,7.67416282e-02,2.35626457e-02,-9.35555472e-03,-2.53355538e-02,-3.34385755e-02,-2.68770054e-02,-7.83837981e-03,1.03872435e-02,2.18806632e-02,-3.85972841e-02
3.46925399e-02,6.26310741e-02,1.22237303e-02,6.46903874e-02,1.84075870e-02,9.31436871e-03,-2.14678198e-02,-3.06611204e-02,-3.62941009e-02,-5.19320258e-03,1.40322258e-02,3.26065598e-02,-3.75224862e-02
4.14229383e-02,8.81214352e-02,1.35539367e-02,4.39523943e-02,1.86119957e-02,3.79895424e-02,-2.72625486e-02,-4.04768978e-02,-2.72203913e-02,-5.20214703e-03,-4.54704604e-02,2.99404405e-03,1.67715025e-02
-3.14530041e-02,5.17668206e-02,-2.74937532e-02,3.85824551e-03,-9.26023047e-03,6.54347950e-03,-2.48754900e-02,-3.25549550e-02,-1.34590017e-02,3.37923775e-04,-3.91869773e-02,-8.41198445e-03,3.72547086e-02
-7.02682094e-03,6.02392602e-02,-2.44190125e-02,-8.12179140e-03,-1.82590282e-02,-3.47707153e-02,-2.35150959e-02,-2.62786767e-02,-2.94875577e-02,-2.74568751e-02,-1.45606689e-02,1.64995580e-02,2.94419379e-02
-2.99209610e-02,5.34053383e-02,-1.78332755e-02,-1.41374367e-02,-6.49860144e-04,-3.19972543e-02,-4.86376995e-03,2.94692003e-02,-2.01099373e-02,-4.61100872e-02,-6.45398159e-03,7.20384853e-03,5.92675529e-03
1.02816958e-02,6.91215281e-02,-1.17771960e-02,-1.67763329e-02,2.00855135e-02,-2.00650076e-02,-5.14523938e-03,3.81252985e-02,-4.86975535e-03,-3.93869715e-02,-1.60737772e-02,-3.31195358e-02,-7.23165770e-03
-3.60691973e-03,5.11401808e-02,-1.41469315e-02,-2.65885707e-02,1.45931062e-02,-2.42647038e-02,-4.98282822e-03,2.45464865e-02,1.18625065e-03,-1.69748070e-02,-1.01209671e-02,-4.67477645e-02,-9.86049302e-03
1.04025873e-02,5.07876093e-02,1.15911413e-02,1.13502296e-02,2.23905904e-02,-1.99098892e-02,-8.39214899e-03,5.23849406e-03,-9.55183013e-03,-2.19459821e-02,-1.74802497e-02,-7.01863817e-02,-3.09895914e-02
9.39857398e-03,-1.65954209e-02,-1.76538495e-02,4.14615169e-02,3.78673789e-04,-1.49653892e-03,2.20561282e-02,2.10503303e-03,-1.80869496e-02,-2.81980749e-03,-1.58965064e-02,-3.52253262e-02,-4.89462858e-02
2.03002070e-02,-2.21814843e-02,-2.58636993e-02,4.71523579e-02,1.60047490e-03,4.81201293e-03,1.08869811e-02,1.08159627e-02,-7.11777496e-04,3.77249388e-02,4.66607713e-03,-1.12556672e-02,-5.11650369e-02
4.93695644e-02,-2.60211308e-03,-4.10363592e-03,4.57612166e-02,3.99530651e-02,3.45064473e-02,-7.97284640e-03,-4.85063123e-03,-1.29175644e-02,5.14018457e-02,-1.96363654e-02,-3.98576502e-02,-2.24129955e-02
1.54738107e-02,-5.06378250e-02,-6.60089215e-02,-6.80444278e-03,4.40769038e-02,2.77804849e-02,-1.49430359e-02,-1.23222526e-02,-4.13918651e-02,4.10017333e-02,-1.81732632e-03,-3.77328308e-02,8.69936567e-03
3.36139888e-02,-3.42541938e-02,-4.58739582e-02,3.86847542e-03,2.46531691e-02,6.01129722e-03,-1.68523931e-02,-3.62384943e-02,-4.37534434e-02,5.50503207e-02,1.76356770e-02,-3.40456567e-02,-1.25333203e-02
1.56969622e-02,-3.93073996e-02,-9.15562753e-02,-2.58076511e-02,2.14228187e-03,-3.78408152e-02,-4.62501802e-03,-1.83447436e-02,-4.19384875e-02,5.31290415e-02,5.06882861e-02,-3.02040990e-02,-2.34738726e-02
2.58153436e-02,-4.84237710e-02,-6.98598133e-02,-2.51635351e-02,2.06555169e-02,1.09434301e-02,1.08844283e-02,-3.26069766e-02,-5.42214790e-02,2.86416651e-02,3.19353035e-02,-3.27903699e-02,-2.70360390e-02
2.55406010e-02,-2.49210025e-03,-2.58898029e-02,-2.33520730e-02,5.13800370e-03,-1.79097563e-02,3.72887440e-03,-4.28347709e-02,-3.16848718e-02,2.71599818e-02,4.24726582e-02,-2.72686280e-02,-2.15147190e-02
7.22979692e-03,-1.54709286e-03,-6.32817727e-03,-4.43749155e-02,-9.84690873e-03,-1.59616998e-02,2.21825549e-02,-4.62266514e-02,-2.69957761e-02,-4.23160504e-03,3.45058991e-02,3.24397166e-03,-2.67766963e-02
-1.24383941e-03,-3.25289937e-03,6.70244253e-03,-5.34080858e-02,-7.58211368e-03,1.42243056e-02,6.78441925e-02,2.62291465e-03,-1.53552892e-02,-3.34123025e-02,1.37698056e-03,2.56060868e-02,-4.54763146e-02
-9.63687693e-03,-1.04328122e-03,4.75662193e-02,-4.18014173e-02,-2.83721719e-02,-6.20185014e-03,5.82755647e-02,1.47475932e-02,1.85675299e-02,-9.51535450e-03,1.79104772e-03,5.14272763e-02,-4.51929698e-02
3.46245077e-03,2.86120006e-02,6.12705046e-02,-2.39713976e-02,-3.27102942e-03,1.14033910e-02,6.15801230e-02,5.00188245e-05,6.20613788e-03,-1.02820854e-02,-3.54026671e-02,6.32430142e-02,-1.99040744e-02
6.45557709e-03,2.00015286e-02,1.36020361e-02,-5.34618065e-02,1.75418276e-03,2.51125605e-02,4.40874786e-02,1.36331015e-02,-1.09647926e-02,-5.06132731e-02,-3.61596496e-02,6.94418826e-02,2.62011662e-03
2.02712216e-02,4.47097419e-02,1.73800705e-02,-4.40217307e-02,-1.25928722e-02,6.39156225e-03,2.41003969e-02,3.86175801e-02,1.48823968e-02,-3.77339606e-02,-1.81065681e-02,4.20355711e-02,-1.59808518e-02
-2.19130728e-03,4.81080967e-02,8.07611950e-05,-3.99861652e-02,4.06031882e-03,-7.27405601e-03,2.64029354e-02,4.72790372e-02,-3.34064819e-03,-1.30919491e-02,1.73503934e-02,2.45633488e-02,-1.53681388e-03
-3.95842967e-02,-7.00751221e-03,-1.97002136e-02,-3.32328106e-02,2.79007837e-02,1.54156898e-03,1.18893994e-02,2.58288099e-02,-1.50700023e-02,-2.39702438e-02,1.98815224e-02,1.80208130e-02,1.54818258e-02
-3.53047616e-03,1.47722073e-02,1.80910766e-02,-1.88516986e-02,1.10519839e-02,-3.49117087e-02,-2.10180241e-02,-8.69174028e-03,3.96596139e-03,-2.30208622e-02,1.83476459e-02,1.51655288e-02,1.89588510e-02
-7.05350095e-02,-6.98934342e-02,-1.45137528e-02,-6.72333915e-02,-4.59191932e-02,-6.62472779e-02,-2.33458379e-02,-5.82336784e-03,2.07291455e-02,-1.42225720e-02,4.01021442e-02,-4.46818777e-03,4.83056160e-02
-7.71877229e-02,-5.46180735e-02,6.53994377e-03,-6.40955006e-02,-2.14919001e-02,-5.11299612e-02,-1.73867158e-02,9.85191764e-03,1.45984491e-02,-4.92901262e-03,4.40187092e-02,-3.40006219e-02,6.83290440e-02
-9.18462088e-02,-8.12592666e-02,4.70258157e-02,-4.46667989e-02,-1.66322675e-02,-2.51503164e-02,-2.63495011e-02,3.91651476e-03,2.79382137e-02,4.30992546e-02,5.94107622e-02,-5.63756059e-02,7.54238165e-02
-1.02614666e-01,-8.03041622e-02,6.53852018e-02,1.29880133e-03,-1.14607636e-02,-1.91232627e-02,-7.65305557e-03,-1.84027012e-02,1.97083840e-02,7.94776259e-02,2.11247935e-02,-5.71774292e-02,1.06749089e-01
-4.53977924e-02,-5.22305552e-02,5.26846112e-02,-1.41413227e-02,-1.85103967e-02,6.57859796e-03,4.56046561e-03,-1.89863434e-02,1.28951230e-02,5.47890895e-02,-2.80144292e-03,-6.09334748e-02,9.98852165e-02
-2.91715513e-02,-1.41970532e-02,8.36827047e-02,7.59694501e-03,-1.99024429e-02,-1.53317090e-02,-1.09007193e-02,1.38991346e-02,2.75333163e-02,5.16841931e-02,1.23151889e-02,-6.71226796e-02,8.12785918e-02
-3.03521640e-02,1.58264736e-02,1.09499796e-01,4.21885387e-02,4.78824750e-02,6.25714694e-02,2.55356377e-02,1.63503215e-02,-1.21537804e-03,6.38165637e-02,6.16877146e-02,-5.84746706e-02,4.17004639e-02
-3.21061952e-02,6.24207268e-03,8.59814664e-02,7.83201627e-02,3.33051772e-02,5.01833160e-02,-1.06305475e-02,-1.21357068e-02,-7.48764368e-03,5.16157501e-02,5.88739539e-02,-5.82054921e-02,4.89111266e-02
-2.77640755e-04,2.34052513e-02,4.50273151e-02,5.70695254e-02,2.63704565e-02,5.50053995e-02,-2.24990451e-02,1.03222267e-02,1.97535335e-02,3.32258848e-02,4.05058490e-02,-4.36310706e-03,1.12740826e-02
-3.26458445e-02,-2.15746604e-02,5.66341791e-03,3.00153960e-02,6.98897064e-03,4.14814970e-02,-8.38612519e-03,4.69988333e-02,2.06586278e-02,-2.72122810e-03,1.00260818e-02,9.84953494e-03,-6.09906269e-03
2.40845838e-02,4.89262515e-03,-1.88377562e-02,3.27967695e-02,3.49065307e-02,7.76160775e-02,1.07291358e-02,3.17033431e-02,6.06441109e-03,-1.01251579e-02,9.51299877e-03,3.26663930e-02,-7.43132820e-03
1.00943970e-02,5.21139459e-03,-1.77590902e-02,2.75530363e-02,5.16380019e-02,8.99569888e-02,1.50325992e-02,1.81116208e-02,7.93057797e-03,-1.46347403e-02,4.51954136e-04,1.03248907e-02,2.53890941e-03
-1.43493799e-02,-3.96472883e-02,-4.06012806e-02,4.69072087e-02,2.73166830e-02,1.08088579e-01,2.62739823e-02,2.08384024e-02,2.02816044e-02,3.23530818e-03,-9.18798476e-03,3.38987416e-02,3.61983926e-02
2.28131748e-02,-1.76529831e-02,-3.89006744e-02,2.44369395e-02,-7.71471661e-03,8.76232672e-02,3.43660398e-02,-5.21032452e-03,9.43800375e-04,-2.35389148e-02,-4.56617613e-02,2.41182321e-02,2.15657917e-02
2.31391218e-02,4.38289108e-03,-1.04615424e-02,3.98306830e-02,-3.12845123e-02,5.72772448e-02,3.63917177e-02,2.44810899e-02,-3.17885868e-03,-2.00723436e-02,-3.65972753e-02,1.24948051e-02,4.03167244e-02
1.82572861e-02,-1.47695191e-02,1.13920441e-02,3.01345103e-02,1.01584406e-02,2.92134233e-02,1.10397113e-02,-3.14052854e-02,-2.85583314e-02,-3.25726503e-02,3.69571172e-02,3.44977340e-02,1.31528609e-02
2.74471840e-02,-9.93121210e-03,1.58325711e-02,5.64483853e-02,-1.83590308e-04,-3.31754049e-03,-1.28361337e-03,-6.74428615e-02,-5.07493471e-02,-3.32399455e-02,2.92591347e-02,-1.86818758e-02,2.65967193e-02
1.61858116e-02,-1.21138741e-02,2.70765862e-02,3.17467731e-02,-2.58494613e-02,-3.94657669e-02,-2.79660519e-02,-8.24788818e-02,-2.96109920e-02,7.55460371e-04,3.62653993e-02,-2.85986391e-03,1.67957540e-02
-1.22564306e-02,-1.00750563e-02,6.23245716e-02,4.62265815e-02,3.34031574e-03,-3.68205899e-02,-1.41041456e-02,-4.07536335e-02,-2.53363526e-02,-3.04266619e-02,-1.72725306e-02,-2.82249991e-02,1.62812791e-02
4.80208614e-03,-7.12473796e-03,5.16293814e-02,3.55312405e-02,2.13706637e-02,-8.69502951e-03,-6.49921768e-03,-3.03278329e-02,-2.41825326e-02,-4.17353998e-03,-5.10996512e-03,-1.10787623e-02,-2.20578832e-02
-1.01304717e-02,1.15388947e-02,4.94640092e-02,1.55376437e-02,4.79192422e-02,-3.32395336e-02,-1.76507735e-02,-1.64802721e-02,-8.68094099e-03,7.69726551e-03,-3.09920273e-02,-1.99995439e-02,-4.71198796e-02
6.80540553e-03,-3.83311961e-03,2.32473313e-02,-4.57407729e-03,9.89201420e-03,2.10493633e-02,-1.13142839e-02,7.21283222e-03,1.83313258e-02,3.96379052e-02,-1.55217457e-03,2.55762969e-02,-2.79659235e-02
-1.46644740e-02,3.16175596e-02,3.40316162e-02,-1.84283662e-02,-1.71723484e-02,9.21201218e-03,-1.60567812e-02,2.87410993e-03,3.79864216e-02,2.89450174e-02,-3.37525627e-02,3.18304572e-02,-3.76179612e-02
-1.06730226e-02,2.18760893e-02,7.74443964e-03,-2.81480876e-02,-3.85788055e-02,4.97474413e-02,2.15256523e-02,2.64035530e-02,3.54205464e-02,4.66157053e-02,-1.59648338e-02,3.34858427e-02,-2.66308903e-02
-8.21504800e-03,-1.26287656e-02,-1.12554826e-02,-2.27004690e-02,-8.97053657e-03,9.95378969e-03,-3.34115536e-02,-1.39733273e-03,3.62586245e-02,5.02730240e-03,2.59852733e-03,5.15797618e-02,-3.33743345e-02
-2.93801149e-03,-2.80026167e-02,-3.83613020e-02,5.99522103e-03,-3.21711156e-03,4.96067346e-02,7.16199379e-03,2.04718329e-02,1.38617903e-02,-1.27289691e-02,1.32283156e-02,3.15098361e-02,-3.37688416e-02
5.11057219e-02,1.49519948e-02,-7.32352875e-03,-7.49444059e-04,-1.67528031e-02,5.62222918e-03,-1.42825995e-02,6.11972884e-03,-1.26208164e-02,-2.10016287e-02,-1.02264838e-03,4.66799576e-02,-3.56920581e-02
2.85266138e-02,1.92742082e-02,-4.49333813e-03,1.78448328e-02,-7.11014572e-04,1.17745390e-02,3.29924182e-02,3.51094199e-02,-3.97119142e-03,-5.29015708e-02,-3.27651474e-02,8.09818521e-03,3.32764856e-03
8.49984274e-03,7.06481599e-02,6.10138827e-04,6.46756971e-03,-1.22060339e-02,-1.12838766e-02,-5.19474464e-03,-1.05777051e-02,-4.93431232e-03,-3.34950410e-02,-4.76967353e-03,7.15381882e-03,-2.63395689e-03
-1.12401884e-02,4.28852420e-02,-2.72713190e-02,8.14462836e-03,-1.23484243e-02,-3.03848527e-02,4.06758108e-02,1.17984877e-02,1.85328317e-02,-2.58110120e-02,-3.92395093e-02,-2.31062362e-02,-4.57224238e-02
9.07481450e-03,5.58812187e-02,-3.97980764e-02,-1.15329960e-02,-6.34814681e-02,-3.89596093e-02,3.55362580e-02,2.66758415e-02,2.38981382e-02,-1.59789737e-02,-3.02405534e-02,-4.57137368e-03,-6.27524754e-02
-5.45156307e-02,7.07223405e-02,-9.88010160e-03,5.65942945e-03,-6.08549483e-02,-4.70470342e-02,5.26849645e-02,5.13994289e-02,4.10227181e-02,-4.54991446e-02,-8.62631469e-02,-3.95358178e-02,-6.85211910e-02
-2.97561464e-02,8.15801193e-02,-2.44593489e-03,-3.40642064e-02,-7.85542552e-02,-6.90304194e-02,3.96247857e-02,-2.75122725e-03,2.61673220e-02,6.84308174e-03,-3.71918548e-02,-2.27731476e-02,-7.55702660e-02
-1.90044990e-02,5.50101558e-02,-2.33873404e-02,-4.81335024e-02,-2.77454479e-02,-6.07717943e-02,1.41644703e-02,9.35046400e-03,8.35119519e-03,-3.17879788e-04,-3.70023232e-02,-3.12758641e-02,-8.31632682e-02
-3.20534600e-02,-4.01289004e-03,-6.45533310e-02,-2.21717643e-02,-3.60172808e-02,-3.40779343e-02,4.02384141e-02,2.23375512e-02,1.44102657e-02,2.70559719e-02,-6.65946589e-03,-1.39837863e-02,-7.86333966e-02
-4.15975436e-02,-6.87089600e-03,-2.82146214e-02,-7.08372548e-03,6.80507061e-03,-3.51732554e-02,2.32924765e-02,3.98166249e-02,-3.14043492e-02,-6.05380451e-03,-3.54400483e-02,9.44875659e-03,-3.79058404e-02
-6.36549195e-02,-7.11178201e-02,-6.91909282e-02,7.95917739e-03,3.79937763e-02,2.26282832e-02,6.50191546e-02,6.62459366e-02,-3.75324353e-02,2.01771605e-02,-4.32435704e-03,1.60668587e-02,3.10493663e-03
-5.89443239e-02,-3.44059945e-02,-3.57231543e-02,7.19364142e-03,4.22375957e-02,1.93181220e-02,1.69534706e-02,3.52432878e-02,-3.03828797e-02,3.35173857e-02,2.88467577e-02,1.69116179e-02,2.75151951e-02
-5.54796441e-02,-4.68667938e-02,-5.64034902e-02,4.70555349e-03,5.45715029e-02,5.91447875e-02,6.02579847e-02,5.20836012e-02,-1.36316627e-02,2.30442047e-02,1.60924742e-02,-1.65149271e-02,2.63651053e-02
-4.83526703e-02,-3.45125513e-02,-6.87589816e-02,-1.85140684e-03,4.49093815e-02,3.61452959e-02,3.31496060e-02,1.27591736e-02,-1.39786127e-02,4.26302260e-02,3.79343524e-02,2.81000297e-02,6.75147817e-02
-6.78809349e-02,-2.76476413e-02,-2.11414672e-02,2.95248699e-02,4.53396658e-02,4.75046040e-02,4.58723998e-02,3.41181715e-02,-2.65819254e-02,-3.51632829e-02,-3.47614176e-02,-3.90123033e-02,5.73590569e-02
-7.04636781e-03,3.49649693e-02,3.25967444e-02,3.08934194e-02,3.32961461e-02,5.92598892e-03,1.58053030e-02,-1.72432488e-02,-2.07639108e-02,-2.23771755e-02,-1.42036300e-02,-2.94401283e-02,4.79644482e-02
6.94186898e-02,6.81294721e-02,3.85675465e-02,-1.23046573e-02,1.18499336e-02,1.17290821e-02,3.44800007e-03,-2.16191262e-02,-4.87644120e-02,-4.53574350e-02,-1.21822847e-02,-2.49593514e-02,1.70657456e-02
1.13938579e-01,4.91065640e-02,2.09370536e-02,-1.19433920e-02,-1.98203970e-02,-2.73049284e-02,-2.74175511e-02,-4.88256612e-02,-3.96415600e-02,-2.16307745e-02,6.14493404e-03,-2.70384842e-02,1.16131150e-02
8.10158698e-02,2.64496502e-02,2.94350758e-02,-2.73430657e-02,-2.17575548e-02,-3.80232574e-02,-2.30098082e-02,-3.84796054e-02,-4.83186201e-02,-6.60075183e-02,-2.38410071e-02,-3.08140330e-04,1.17023336e-02
1.05984688e-01,-4.93216708e-03,-2.13249948e-02,-1.84534081e-02,5.37875873e-03,-2.60200088e-03,8.68803596e-03,-2.03492711e-02,-1.10108508e-02,-9.89309006e-04,1.83930589e-02,2.28348021e-02,3.02720839e-02
9.31930036e-02,-3.57032065e-02,3.09500461e-03,-1.73330342e-02,-1.22485336e-02,-1.45396052e-02,3.09074171e-02,1.48219203e-02,3.41364423e-02,3.52588769e-03,4.28733315e-02,2.36366427e-02,-1.93540994e-02
8.94620637e-02,-2.49764647e-02,-7.06521524e-03,-2.40567267e-02,-1.13467035e-02,2.78374007e-03,3.07500841e-02,2.39479496e-02,5.05146530e-02,-5.31513136e-03,2.66309964e-02,4.99857078e-03,-4.63722039e-02
3.99971579e-02,-3.08713488e-02,-1.44730834e-02,-8.68668870e-03,-3.25510714e-02,-2.96173971e-02,1.02023023e-02,2.19010881e-02,6.12349890e-02,1.26356137e-02,3.20186656e-02,4.04956298e-02,-9.06894375e-03
4.04442261e-02,6.50906125e-03,9.12671264e-03,7.61565999e-03,-3.55189213e-02,-2.27087150e-02,-5.25045998e-03,3.82096419e-03,3.38251207e-02,2.05690665e-02,1.43512550e-02,-6.91095350e-03,-1.79034270e-02
3.71015629e-02,7.08643295e-03,1.65190443e-02,3.12384387e-02,-3.28516245e-02,-3.55551056e-02,-7.33794975e-03,2.18545881e-02,2.66156798e-02,4.34397010e-02,6.78560467e-03,9.20089196e-03,-1.58491552e-02
3.58494299e-02,3.37075826e-02,-9.98731675e-03,4.41918498e-03,-4.19897204e-02,-7.58152177e-03,-2.24740910e-02,-5.39756697e-03,8.49026960e-03,2.78277215e-02,-1.88784395e-02,5.38494203e-03,-2.01175428e-02
-2.06651955e-02,1.56573133e-02,-3.48108507e-02,-1.40027320e-02,-4.46061594e-02,-3.81019988e-02,-6.14327616e-02,-2.71085971e-02,-3.69040736e-03,2.48810430e-02,-3.53839876e-03,-1.46755007e-02,1.17149395e-02
-5.03491527e-02,4.14978721e-02,-3.29194782e-02,-3.93353187e-02,-3.31793158e-02,-6.52718736e-03,-7.29232262e-02,-4.58822251e-02,-2.27167788e-02,-3.76416227e-02,-4.93216395e-02,-7.64985862e-03,-5.97096447e-03
-4.70523476e-02,2.84551390e-02,-4.51892385e-02,-3.46414843e-02,-2.06737007e-02,4.31087474e-02,-5.21154334e-02,-4.17739164e-02,2.19253388e-02,5.23088829e-03,-5.80460381e-02,-1.45625122e-02,2.50906795e-02
-6.69505007e-02,8.89349000e-03,-5.09001270e-02,-4.54886090e-02,-7.98591421e-03,8.96549099e-02,-2.16695246e-02,-3.47140233e-02,4.91354926e-02,1.63176046e-02,-6.33238651e-02,-7.95742016e-03,-3.30876913e-03
-7.18265640e-02,-2.30439336e-02,-4.51818899e-02,-3.22774995e-02,1.82722911e-02,1.10956714e-01,-2.23417464e-02,-6.51200427e-02,4.69298366e-02,2.98873942e-02,-6.94428673e-02,8.32527401e-04,1.07146950e-02
-9.04410468e-02,-5.72247538e-02,-3.44821076e-02,-3.27684834e-02,-8.31888220e-03,6.03072469e-02,-2.67791371e-02,-6.34706007e-02,3.16472646e-02,-1.85673784e-02,-7.06108436e-02,3.95217483e-02,3.04476610e-02
-2.40026119e-04,-9.62783914e-03,7.63603056e-03,-8.97826002e-04,-3.27240838e-03,2.25078122e-02,-4.78358495e-02,-7.20778254e-02,5.80057291e-02,1.00471961e-02,-7.72831621e-02,-9.16003601e-04,1.11081080e-02
6.21702182e-02,-2.75834226e-03,2.19783928e-02,2.84284218e-02,-3.26173202e-02,-1.74240499e-02,-1.80238389e-02,-4.21322576e-02,3.83684200e-02,1.69312580e-02,-5.97226857e-02,2.82243602e-03,-1.14747166e-02
9.75995000e-02,-1.24906349e-02,4.07082430e-02,5.43215696e-02,-6.69915522e-03,-2.37979477e-02,-5.21247749e-02,-6.38657204e-02,-1.89471800e-02,1.58369304e-02,-3.71686327e-02,2.01183201e-03,1.19949586e-02
2.69986236e-02,-3.89456625e-02,-1.28879704e-02,2.57924626e-02,-2.51542675e-02,-7.38517735e-02,-6.28692854e-02,-1.81158315e-02,3.45263080e-04,2.51941779e-02,1.42719876e-02,3.49708230e-03,2.26861259e-02
6.80629083e-02,4.89851481e-02,3.56794201e-03,3.59867986e-02,5.59285326e-03,-7.13607708e-02,-6.49088885e-02,-1.20431257e-02,-1.99380048e-02,-2.07904201e-02,7.18454365e-03,-1.91599513e-02,-5.62867434e-03
3.08047025e-02,3.57743498e-02,-5.06396512e-03,2.98171287e-02,-2.28279715e-03,-4.34437409e-02,-3.31941631e-02,2.71447163e-02,-1.73624310e-03,-1.48752604e-02,4.65179486e-02,-4.12078571e-03,-8.08368127e-03
1.11566596e-02,3.90030802e-02,8.29345267e-04,4.02890590e-02,2.56476165e-03,-9.75266771e-03,-2.65226676e-02,2.02183571e-02,-2.41959054e-02,-2.08976547e-04,4.60894772e-02,-4.10242277e-03,-1.95588407e-02
-1.53898332e-02,-4.04713921e-03,-5.46809112e-04,4.70171830e-02,-1.04164069e-02,2.53456231e-02,6.58498432e-03,3.93559274e-02,-3.03240400e-02,3.76453888e-02,3.09524858e-02,-1.12744743e-02,-4.23013146e-02
-3.56111496e-02,-5.91956963e-02,-1.01591091e-02,1.31727534e-02,-2.01818062e-02,2.64564032e-02,9.54155295e-03,1.88723570e-02,-7.36754388e-02,1.65262114e-02,3.78547691e-02,5.61398016e-03,-3.13535386e-02
1.47117339e-02,-5.09363564e-02,-1.08110717e-03,-2.77209279e-03,-1.34283559e-02,5.78092319e-03,2.36617942e-02,2.33514571e-02,-3.12629818e-02,3.79294979e-02,2.54425739e-02,-8.16428864e-03,-1.87859729e-02
2.87700306e-02,-2.73044464e-02,8.72031448e-03,-2.57538495e-03,-1.78044712e-02,2.04288788e-04,6.25261195e-02,2.51040722e-03,-3.93869266e-02,1.63732249e-02,3.14170722e-02,-2.36388114e-02,-2.57419820e-02
7.54027347e-02,-2.75376700e-02,2.30711069e-02,-4.61762708e-03,1.33387017e-02,-3.08868421e-02,3.91817717e-02,-3.07170157e-02,-8.48128899e-02,1.72124261e-03,3.96198789e-02,-3.03428906e-02,-3.22913853e-03
3.51538853e-02,-3.34842937e-02,-4.98375477e-03,-5.22265546e-02,-4.46982505e-03,-3.27870103e-02,6.44940100e-02,-2.07539818e-02,-5.24911647e-02,1.26193201e-02,1.88734585e-02,-6.29997752e-02,-9.77026265e-03
6.62486851e-02,1.47228849e-02,9.85734457e-03,-5.52961318e-02,1.16904922e-02,-3.70023720e-02,5.10868675e-02,-1.99527634e-02,-2.74165835e-02,1.30952484e-03,-2.23436177e-03,-7.87135796e-02,-3.41023370e-02
1.72213880e-02,-7.48425925e-03,-2.06641239e-02,-7.03676362e-02,1.88712159e-02,-2.52066846e-02,4.94813576e-02,-1.29323773e-02,-1.44678357e-02,-7.50383578e-03,1.49833752e-02,-2.30304254e-02,-2.70594521e-02
-9.92361304e-03,-2.24352532e-02,-1.80249917e-02,-4.73294282e-02,4.25626591e-02,-2.82009204e-02,9.40362782e-03,-1.63671402e-02,-1.66292469e-02,-3.84054685e-03,1.57133975e-02,2.47534660e-02,-2.17996362e-02
-6.29331037e-03,-2.58173899e-02,-1.58034798e-02,-5.19501144e-02,3.20253242e-02,-2.45427944e-03,1.79343641e-02,7.30573410e-03,-2.13737567e-02,1.17091901e-02,-1.63774513e-02,3.20877034e-02,-6.09082954e-02
-2.88028240e-02,-7.53360127e-02,-4.58003934e-02,-7.02109395e-02,-3.32510384e-03,-1.13355836e-02,1.28177707e-03,9.36147683e-03,-2.67717647e-02,5.84488064e-04,-4.19576187e-02,5.53968024e-02,-5.50162678e-02
-2.36978301e-02,-5.15810079e-02,-2.53759041e-02,-2.44446669e-02,-9.42458518e-03,-5.76496563e-03,3.38030288e-02,1.86834750e-02,-4.37627608e-03,1.76018325e-02,-3.22229942e-02,7.09427511e-02,-1.85510736e-02
-4.45596755e-02,-2.08195464e-02,-9.50233976e-03,2.08119352e-03,-6.68362311e-03,-3.90713645e-03,2.24186257e-02,1.21759709e-02,-8.38435829e-03,-2.70094216e-02,-9.29837918e-03,1.04038870e-01,6.84782768e-03
-2.33947539e-02,-1.07789384e-03,-3.78861268e-02,2.29553843e-02,9.70521456e-03,-2.02205464e-02,1.98412794e-02,1.90140803e-02,6.88070261e-03,-1.66244191e-02,1.57892341e-02,7.86385016e-02,3.11461506e-02
-3.45582365e-02,1.54746446e-02,-4.46302170e-02,9.04734196e-03,-1.83721203e-02,-1.11015934e-02,6.53635580e-02,2.10679557e-03,-2.14886990e-02,-3.25145208e-02,2.21844466e-02,1.84853758e-02,4.45351669e-02
-2.30236067e-02,4.45553090e-02,-9.24479939e-03,2.77210716e-02,-2.44101471e-04,-1.58232839e-02,4.31655757e-02,-7.23511400e-03,2.37910790e-03,-3.69348252e-02,4.45928536e-02,-8.93104575e-04,4.48715237e-02
-6.65282525e-02,-7.84474374e-03,-1.15821108e-02,2.53349440e-02,1.43975089e-02,-8.01411512e-03,1.13453183e-02,-3.87913353e-02,-4.73831881e-03,-4.03332760e-02,7.80523531e-02,9.54619982e-03,5.64036042e-02
-5.49898148e-02,-2.63510585e-02,-9.06239177e-03,3.15031913e-02,4.05751853e-02,-2.15757525e-02,-1.24326537e-02,-1.73841823e-02,1.54944923e-02,2.35754956e-04,8.64718817e-02,1.00202960e-02,3.04148342e-02
-3.81429704e-02,-3.83202960e-02,8.16593651e-03,3.21022606e-02,6.89447229e-02,-4.15737148e-03,-2.54212054e-02,-1.04723466e-02,1.27503165e-02,3.12593763e-02,5.12215443e-02,-3.66890077e-02,-4.54689903e-03
-2.29471989e-02,-6.19829006e-02,-2.28078851e-02,-1.53446145e-02,4.68864749e-02,-7.76786934e-03,-4.12433674e-02,-2.41401816e-02,-1.41448787e-02,2.37606078e-02,2.94281229e-02,-3.39224129e-02,-4.06175750e-02
-5.61559773e-02,-6.52553128e-02,6.52699564e-03,1.22267015e-02,7.50700897e-02,1.65934181e-02,-2.85651676e-02,-1.86862167e-02,-2.44229468e-02,2.73706865e-02,2.19481758e-02,-2.44463822e-02,-2.52136210e-02
-2.93570967e-02,-4.42543968e-02,3.64278115e-02,5.31361331e-03,3.18707613e-02,-1.10846543e-02,-4.19290172e-02,-1.24988606e-04,-2.56936673e-02,8.30585882e-03,-3.87320274e-03,-6.64629711e-04,-4.21644318e-02
1.48275254e-02,6.26859880e-03,6.58247573e-03,-6.12519621e-03,3.63524089e-02,1.00124655e-02,-3.41530011e-02,1.98966734e-02,-8.18813587e-03,4.61655019e-04,-3.08591925e-02,-5.69302574e-03,-4.00533521e-02
2.14161184e-02,2.59271718e-02,-1.67478195e-02,-1.93838741e-02,-2.37802464e-02,-9.92144354e-03,-2.87287850e-05,1.94894135e-02,-4.27940919e-02,-1.91376189e-02,-5.03662826e-02,-3.06690736e-02,-5.00438032e-02
-2.58775275e-03,4.83141035e-02,-9.17874100e-03,6.31202906e-03,-2.79557678e-02,-2.02170899e-02,-2.36210995e-02,2.17159316e-02,-2.86640989e-02,-2.96234061e-02,-3.85875126e-02,1.74781536e-04,-3.25015140e-02
-2.00432164e-02,1.08397578e-02,-1.89282215e-03,-2.49533526e-02,-3.81975543e-02,-1.74076074e-02,-2.51590848e-02,5.29079789e-03,-3.69188374e-02,-2.62779790e-02,2.06504335e-02,3.59470988e-02,-4.93006151e-03
2.25114526e-03,6.75376385e-03,-3.59397190e-02,-4.13699738e-02,-4.25542941e-02,-1.18552640e-02,-1.68843973e-03,3.46773820e-02,3.49395999e-03,1.76129018e-02,3.99889466e-02,4.04081930e-02,-1.08891878e-02
1.85607082e-02,-7.26094765e-03,-2.23011967e-02,-1.04216015e-02,-1.43637047e-02,-1.79615988e-02,1.12149178e-02,2.11814863e-02,2.47426545e-02,3.03764326e-02,1.06734285e-02,-6.14799928e-03,-1.95945752e-02
6.42013840e-02,3.19942925e-02,-1.23475504e-02,-8.92961005e-03,-2.04363345e-02,-1.86954253e-02,-2.86045059e-03,-1.48504371e-04,7.26148178e-03,2.39279966e-02,3.53352915e-02,-1.79785189e-02,-5.21112657e-02
-7.92051801e-03,-2.58506329e-02,-3.31515129e-02,5.60974805e-03,4.08142362e-02,2.08382591e-02,2.42740627e-02,-8.17191918e-03,2.34157976e-02,1.56963987e-02,5.00738977e-02,-6.15025468e-03,-4.08094543e-03
7.49498282e-03,-1.41553161e-02,1.43255854e-02,2.00941523e-02,1.63000636e-02,4.51713093e-03,2.71070612e-03,-2.01850916e-02,1.04823677e-02,8.01124337e-03,5.28750771e-02,9.79940042e-03,4.20438428e-03
3.17493421e-02,1.36566557e-02,4.40151393e-02,1.55811420e-02,3.65821226e-02,3.80790476e-02,-1.90115929e-02,-1.22688920e-02,9.75322483e-03,-4.10832615e-02,1.76838347e-02,-2.52591185e-02,1.44397109e-02
4.77168867e-02,3.33948134e-02,4.13690937e-02,3.13820451e-02,2.05573257e-02,1.28611261e-02,-3.35398759e-02,-1.78749930e-02,1.94581340e-03,-3.75813293e-02,-8.26271178e-03,-5.15406204e-02,-1.83865648e-03
-9.44153563e-03,1.15087466e-03,2.69514200e-02,5.80227179e-02,2.85623920e-02,3.57662166e-03,-9.04139746e-02,-7.84179730e-03,9.58036166e-03,-2.29291654e-02,-2.26056160e-02,-2.53636256e-02,2.42126478e-02
2.39236404e-02,1.37885864e-02,5.53713231e-02,5.67854801e-02,2.06406448e-02,-1.26476219e-02,-1.00996494e-01,-2.55006240e-02,-1.10757536e-02,-4.03923651e-03,-2.03042820e-03,-9.19525773e-03,2.59845155e-02
4.20898982e-02,1.87022506e-02,3.45787582e-02,1.62330513e-02,-1.82404783e-02,6.03122656e-03,-9.41619401e-02,-2.72513586e-02,1.16903167e-02,3.19223228e-02,-3.38159649e-03,-1.30579783e-02,1.06294130e-02
3.29329126e-02,-6.21601205e-03,1.54424615e-02,-4.98500448e-03,-2.60088612e-02,2.25908872e-02,-5.11956872e-02,-3.71628234e-02,1.00623973e-02,5.98082546e-02,7.66551186e-03,-7.95896645e-03,9.15806757e-03
6.69406246e-02,2.04104591e-02,-1.03186637e-03,-2.52638709e-02,-3.16514645e-02,1.52733405e-02,-7.43442794e-02,-4.38390418e-02,-5.53676741e-03,5.08825598e-02,1.01445398e-02,4.66874613e-03,-1.03758992e-02
1.48976457e-02,-2.44949058e-02,-2.74557032e-02,3.40469537e-03,-1.01562462e-02,3.08031518e-02,-1.29563510e-02,-3.50929565e-02,2.81253796e-02,7.31384377e-02,9.91424988e-03,3.76127237e-02,1.31245648e-02
4.64320407e-02,-2.95816414e-03,-8.89970461e-03,-7.22309802e-03,-1.85607417e-02,4.52004962e-02,-2.45581346e-03,-3.39748409e-02,1.79405061e-02,4.86023348e-02,-1.42333413e-02,6.93374559e-02,3.56027891e-02
4.33211079e-03,-1.38081200e-02,1.63717909e-02,-8.99581590e-03,-1.42669652e-03,8.42427313e-02,2.41497707e-02,-1.65925560e-02,-1.09759480e-02,-1.01450198e-02,-4.18216146e-02,5.42772951e-02,4.19570155e-02
9.40844283e-04,-9.43204706e-03,-2.86228013e-03,-7.32397388e-03,-2.55885285e-03,7.42237876e-02,3.09783503e-02,1.06799749e-02,1.00719422e-02,-4.91913674e-04,-4.51095047e-02,4.39824851e-02,3.10231689e-02
-2.93730365e-02,-2.00863604e-02,-2.89580666e-02,2.72099316e-03,1.91818641e-02,9.12209215e-02,2.02896457e-02,3.79048410e-02,-7.18098643e-03,1.84280076e-03,-4.92716807e-02,4.13163491e-02,2.41518131e-02
-5.55532614e-02,7.95711015e-03,1.50921511e-03,4.20744026e-02,3.81603007e-02,1.00133349e-01,3.58512732e-02,3.75480037e-02,-2.08190035e-02,-5.42371078e-03,-3.26053073e-02,2.80979352e-02,3.13712467e-02
-7.02968286e-02,1.92164844e-02,4.34073818e-02,3.88121989e-02,3.08522250e-02,6.53724178e-02,1.38758859e-02,2.29060432e-02,-2.84497527e-02,-2.61508039e-02,-2.84434064e-02,-2.34544854e-02,1.76739009e-02
-7.42813041e-02,1.97576715e-02,6.06287690e-02,-9.31407805e-03,-2.09160614e-02,1.75238756e-02,1.75183802e-02,3.48953985e-02,-6.06327255e-02,-2.86611930e-03,5.22413621e-02,-2.28688915e-02,3.67652729e-02
-6.33802595e-02,6.40695362e-03,6.33431500e-02,-3.84723543e-02,-2.57667300e-02,-3.44334886e-02,-6.49881889e-02,1.54344937e-02,-1.14156956e-01,-3.84554337e-02,7.59783616e-02,-3.86233711e-03,6.13928118e-02
-7.23189851e-02,2.48021713e-04,7.14262995e-02,-2.40499608e-02,-6.03473125e-02,-7.88022099e-02,-7.33012169e-02,4.35031129e-02,-1.00696288e-01,-1.19699026e-02,1.03080106e-01,4.61978115e-03,7.37053518e-02
-4.44100096e-03,1.92537963e-02,7.34573999e-02,-3.44186159e-02,-7.56511792e-02,-1.10785772e-01,-9.03615690e-02,5.51666019e-02,-1.06216387e-01,-1.70201990e-02,1.11350529e-01,-1.04346436e-03,8.24608309e-02
8.51381656e-03,1.79702492e-02,1.01032079e-01,-4.62122014e-02,-7.22694531e-02,-9.97015685e-02,-9.90285219e-02,6.06971219e-02,-1.04819505e-01,-2.89002268e-02,9.01801788e-02,3.72904732e-03,9.00023801e-02
3.48594062e-02,2.00295363e-03,8.74437674e-02,-5.56152015e-02,-7.24252245e-02,-1.12687327e-01,-9.85515216e-02,5.37640087e-02,-5.92330916e-02,-7.60479603e-03,7.42469773e-02,1.93412236e-02,7.34422827e-02
7.75764857e-02,2.34923148e-02,5.64909322e-02,-6.13605279e-02,-6.33127464e-02,-6.22526826e-02,-9.01756595e-02,-3.14236797e-03,-6.03350423e-02,1.07469786e-02,5.79142656e-02,3.03273847e-02,4.24364209e-02
7.36236101e-02,2.26191407e-02,6.24498207e-02,-2.28933385e-02,-4.30202963e-02,-3.80623376e-03,-4.21730045e-02,-3.02282477e-02,-1.32892480e-02,9.61725035e-03,4.85632534e-02,4.46608838e-02,2.57599330e-02
6.74324103e-02,1.61867361e-02,6.31653190e-02,-4.97243456e-03,-8.31337526e-03,1.35693253e-02,-2.22505125e-02,-2.98870863e-02,1.41376942e-02,5.15910676e-04,-8.75581351e-03,-3.68451158e-04,-7.01429614e-03
1.08556787e-01,1.91160150e-02,6.63701491e-02,-1.88816388e-02,-2.22859288e-02,3.74567755e-03,3.35962549e-02,-8.70219730e-03,5.85793690e-03,-1.05239017e-02,-4.59534821e-03,-2.53463700e-02,-3.13097728e-02
9.39503659e-02,3.19604973e-02,7.14255017e-02,1.19519021e-02,1.30854462e-02,-2.68910568e-02,2.04760422e-02,-3.57171760e-02,-2.10691006e-02,-5.63449473e-02,6.89477307e-03,-1.51544749e-02,-2.18927349e-02
6.46972822e-02,1.89760429e-02,4.91921156e-02,2.06599554e-02,5.93574214e-03,-2.93055005e-02,2.79204888e-02,-2.70207131e-02,-1.33180507e-02,-5.20434344e-02,1.08887217e-02,-2.57658486e-02,-1.62137861e-02
5.93362269e-02,1.66439864e-03,2.12060236e-02,3.41043322e-02,-3.94464642e-03,-3.40302275e-02,2.30733589e-02,-1.32334369e-02,-3.97323666e-02,-6.53049668e-02,3.93410579e-02,-1.36665458e-02,-2.54220536e-03
4.45789964e-02,-2.34687954e-04,5.47379424e-03,2.99054885e-03,-1.88269822e-02,-4.01617219e-02,3.01858489e-03,2.50952461e-02,1.55532945e-02,-4.85214665e-02,1.71855804e-02,-3.01830137e-02,1.99494391e-02
3.18537857e-02,-8.95329761e-05,7.17014635e-03,8.89506277e-03,-1.93489394e-02,-2.80021580e-02,1.26781722e-02,3.54793936e-02,2.04110776e-02,-5.50970456e-02,1.58494095e-02,-1.56663268e-02,1.89835448e-02
-7.50079420e-04,6.01817184e-03,-1.45248951e-02,-4.20800504e-03,-4.85479287e-03,-1.70847659e-03,-3.28641651e-03,-1.46838603e-02,2.14317208e-02,-1.78475256e-02,1.50967615e-02,1.68558202e-02,5.45726418e-02
-1.74557513e-02,2.20877328e-02,-7.25765631e-03,7.80454822e-03,-1.71454786e-02,-8.59924162e-03,-2.28024949e-02,-1.90374550e-02,5.53214926e-02,-2.77194939e-02,-4.49605362e-03,1.83181504e-02,4.24466942e-02
-1.86997435e-02,7.58319141e-03,-1.30928288e-02,-1.71224569e-02,-3.72718721e-02,-5.79727274e-03,-2.93289490e-02,-7.93012170e-03,7.29746791e-02,-9.68497141e-03,-2.87618594e-02,1.46836381e-02,3.90060489e-02
2.24317196e-02,-7.40376919e-03,-1.50207619e-02,-2.56057494e-02,-5.31027578e-02,5.37584533e-03,-8.12886381e-03,-5.08258466e-03,5.11615889e-02,-1.40215502e-02,-6.58344647e-02,-1.37467209e-02,1.66631775e-02
1.36624965e-02,3.82403460e-02,7.35822856e-04,1.03750509e-02,-2.22115335e-02,-2.25061956e-02,-1.92161077e-03,-1.80561223e-02,4.72604275e-02,-1.98821449e-02,-6.78653464e-02,-2.01676755e-02,-6.21645944e-05
-8.01277212e-03,4.84120523e-02,-2.00702146e-02,1.43365863e-02,1.06633487e-02,-1.53075237e-02,9.13891156e-03,-4.86867861e-02,3.50421061e-02,-1.33064294e-02,-5.53288827e-02,-4.21305705e-02,-6.04630658e-03
-3.21061222e-04,2.53760059e-02,-1.98592298e-02,2.68353535e-02,1.26637238e-02,-1.88427355e-02,1.72537101e-02,-6.18752368e-02,-7.31608609e-03,-3.35877190e-02,-4.06265938e-02,-2.75018438e-02,-3.94808068e-04
-2.69625671e-02,3.61845987e-02,-2.03082509e-02,-4.19705606e-03,7.29178614e-03,-2.88431516e-02,5.19438897e-04,-4.85965798e-02,4.34214430e-02,5.70760319e-03,-5.29712643e-02,-4.69293480e-02,1.92306229e-02
-1.16245252e-02,3.04551339e-02,-1.38851681e-02,-9.63768620e-03,1.47824894e-02,4.91845740e-03,2.08346721e-02,-4.25122258e-02,2.21371048e-02,1.56114488e-03,-3.06620253e-02,-3.61396047e-02,-3.23130414e-03
-5.24743125e-02,5.32797205e-03,-4.51238075e-03,-1.76904727e-03,6.51025519e-02,1.85014425e-02,1.01993732e-02,-8.16927641e-02,4.24740370e-03,2.29650125e-02,-9.89845897e-03,2.01538986e-03,4.49875974e-02
-5.07980802e-02,1.13704322e-02,-2.69275640e-03,1.20518241e-02,4.23578434e-02,-7.39961064e-03,1.61386009e-02,-2.84926926e-02,1.67894080e-02,1.79777535e-03,-2.62240357e-02,-7.94291248e-03,3.78144889e-02
-6.88670718e-02,-9.68861087e-03,-1.25350647e-02,9.37985951e-03,1.89442542e-02,-5.62407645e-03,4.66285740e-02,1.53334102e-02,1.29735400e-02,1.87772540e-03,-3.29137017e-02,-7.51304910e-03,3.14377613e-02
-3.65350463e-02,-3.23459137e-02,-3.19875978e-02,-4.93534924e-03,-3.00539065e-02,-1.66866730e-02,4.19055960e-02,4.31131550e-02,-8.48581990e-03,-1.02778478e-02,-2.65540696e-02,-2.43219650e-02,2.30973424e-02
4.98058033e-03,-2.14828409e-02,-3.93387244e-02,1.12902573e-02,-4.03596292e-02,-6.08021339e-02,6.41806738e-02,8.16524032e-02,-1.73680441e-02,1.80121955e-03,-2.69633240e-02,-5.76763053e-03,1.87130702e-02
1.84212784e-02,-7.88371740e-03,-6.32854349e-02,-2.99259804e-02,-2.69444235e-02,-6.81689271e-02,6.86527194e-02,1.19144008e-01,9.15022660e-03,-7.81156150e-03,-9.71103807e-03,1.45487137e-02,9.01966360e-03
2.36394258e-02,-3.15722300e-02,-8.55112763e-02,-3.10963320e-02,-5.19333361e-02,-9.20602751e-02,9.29636819e-02,1.33037271e-01,-2.75643683e-02,-4.65756679e-02,1.25517697e-03,2.44125601e-02,1.13502334e-02
3.79866513e-03,-2.21199512e-02,-7.60504531e-02,-5.64883387e-02,-7.11428926e-02,-8.01299745e-02,8.82434674e-02,1.37086769e-01,-4.85368431e-04,-6.20264236e-02,3.75392514e-04,1.83359158e-02,1.33592302e-03
3.18712110e-02,2.47724092e-03,-4.58763683e-02,-6.34214034e-02,-4.92827193e-02,-4.15580378e-02,8.14339433e-02,1.25594037e-01,2.48084364e-02,-5.81472036e-02,6.28032160e-03,1.34047009e-02,-3.34784215e-02
2.52426391e-02,-1.48349430e-03,-2.71343936e-02,-5.51881011e-02,-1.69879997e-02,-1.71022709e-02,5.35655690e-02,6.91176555e-02,2.61196310e-02,-6.16270471e-02,3.24635252e-02,2.42405632e-02,-1.70651265e-02
2.96816241e-02,-7.80364678e-03,1.86974760e-02,-4.18807342e-02,-2.20824592e-02,-3.38485794e-03,2.96249815e-02,4.47114416e-02,3.58031140e-02,-5.86246741e-02,3.41872864e-02,2.92816093e-02,-3.15660842e-02
1.71377424e-03,-3.64582129e-03,4.76579872e-02,-2.31555271e-02,-3.65529528e-03,3.02724776e-02,1.17401718e-02,1.68176816e-02,5.35832726e-02,-2.44521733e-02,2.76549292e-03,2.33126850e-02,-2.35980425e-02
-6.04268167e-03,-1.58226150e-02,6.04454976e-02,2.28426215e-03,1.33183753e-02,7.09673375e-02,9.03364132e-04,-1.67189017e-02,9.56464852e-03,-1.87799637e-02,9.77962449e-03,-8.29595694e-03,-3.11867514e-02
-2.73537208e-02,-5.47368111e-02,4.11066072e-02,1.21749316e-02,1.15817844e-02,5.99087318e-02,2.65807811e-03,-2.64750866e-02,-1.13815784e-02,2.09432946e-02,1.15452697e-02,-2.91004511e-02,-2.78919810e-02
-5.97770008e-02,-5.22649187e-02,9.76027755e-03,-5.81074812e-02,-7.83360641e-03,1.49750557e-02,-4.22515346e-02,-4.30733071e-03,1.21084203e-02,4.34529846e-03,-2.58692884e-02,-1.51207639e-02,-1.17766719e-02
-6.54886612e-02,-4.43485754e-02,-7.66386115e-03,-3.74584873e-02,-8.67534417e-03,-5.34353989e-03,-2.21844531e-02,5.62344348e-03,-2.92778204e-02,6.03152376e-03,-2.09566454e-02,1.16685127e-03,2.00862883e-02
-4.51731646e-02,-1.35664354e-02,-1.16697324e-02,-2.78042545e-02,-8.58972485e-03,9.34780231e-03,-3.02987654e-02,1.97173720e-02,-3.14538522e-02,-1.15880412e-02,6.73357828e-03,6.53521048e-03,-6.39623809e-03
-1.24800985e-02,3.60575199e-02,-2.53962795e-03,-8.99229984e-03,2.92127106e-02,5.67468200e-02,-3.34384264e-02,2.38256014e-02,7.53045242e-03,-5.36198939e-03,-8.87264009e-03,3.47603504e-03,-5.22280696e-03
3.28993394e-03,5.27274806e-02,-3.02945780e-02,-4.33426688e-03,4.30177194e-02,7.30937193e-02,3.78324699e-03,4.97025099e-02,2.87553718e-02,-1.32524955e-02,-1.28802100e-02,1.64272139e-02,-1.00426344e-02
-3.39815371e-03,6.54818496e-02,-9.32654891e-03,3.74506819e-02,6.36911113e-02,5.59848694e-02,1.55814088e-03,5.66759678e-02,2.92964904e-02,-6.05022297e-03,-1.87986636e-02,-1.96821987e-03,-6.52841693e-02
-5.48127382e-03,5.65162752e-02,-2.60324039e-03,2.60999247e-02,2.57068332e-02,3.44203626e-02,-9.69841425e-03,2.79452367e-02,2.27315505e-02,-5.60893890e-03,-2.49022709e-02,-1.23801292e-02,-4.67728925e-02
2.79439644e-02,4.67907662e-02,-5.10039820e-03,5.23694173e-02,6.27473779e-02,5.14967807e-02,-8.46661138e-03,1.19225846e-02,2.51751303e-04,2.46738547e-02,-5.12075806e-03,-2.25017722e-02,-4.31853172e-02
1.17005415e-02,7.85134765e-03,1.29657759e-02,6.46213577e-02,6.86943861e-02,3.65402473e-02,-1.89097617e-02,-2.36963936e-02,-1.21449200e-02,7.26324603e-02,3.40756001e-02,-3.43292008e-02,-6.32715397e-02
-4.58202867e-02,-4.26349104e-02,-2.80220756e-02,1.94933652e-02,1.91033246e-02,-1.00287785e-02,-5.51224166e-02,-2.01446944e-02,-2.23048403e-03,5.55075044e-02,1.26525741e-02,-3.73103918e-02,-2.49026205e-02
-4.96627029e-02,-5.63426631e-02,-8.12711787e-04,1.22010906e-02,1.75636176e-02,-2.17977904e-02,-7.00374748e-03,-8.70552875e-03,-1.19596393e-02,3.68762214e-02,1.99832790e-03,-3.04598391e-02,1.11745347e-03
-2.83750915e-02,-6.63137761e-02,1.10894526e-02,3.14891968e-02,-2.48073103e-03,-3.50978622e-02,-3.00059412e-02,1.34110759e-03,-1.11948675e-03,2.65323896e-02,3.97968149e-02,-2.84999789e-02,-3.19866856e-03
-3.46734522e-02,-7.64111094e-02,-2.45085654e-02,-1.06874659e-02,-5.19347364e-02,-4.50751883e-02,-4.58866067e-02,-1.84763396e-02,-1.28422416e-02,8.70472615e-03,5.28141629e-02,1.53385743e-03,4.26290944e-02
6.15104843e-03,-5.92593440e-02,-1.33987223e-02,-2.02916958e-03,-3.20146509e-02,-2.20662543e-03,1.79693697e-03,-1.20885049e-02,1.29998185e-02,4.84290671e-03,3.40671795e-02,4.19939928e-02,7.31701322e-02
1.02579968e-02,-3.76127476e-02,1.13251089e-02,2.72253018e-02,-8.97208165e-03,-1.79174424e-03,4.57792469e-02,1.03210987e-02,3.11296706e-02,2.54929830e-02,2.39832000e-02,5.38078654e-02,4.49324522e-02
7.31086950e-03,-2.14551556e-02,3.31294406e-02,3.71985641e-02,-4.41154755e-02,-1.78827772e-02,7.03965865e-02,-1.31830763e-02,-1.19264493e-02,-2.76837343e-02,-2.08990060e-02,2.97331211e-02,4.53096742e-02
-9.37814155e-03,-3.71691041e-02,1.67564104e-02,4.63523326e-02,2.74760901e-04,6.26815257e-03,1.06237830e-01,-4.29444094e-03,-1.03259959e-02,-4.28332541e-03,-2.97140080e-02,2.27018866e-02,5.97294620e-02
-1.92328977e-02,-1.05013380e-02,5.35331418e-02,6.48768141e-02,1.99807158e-02,-1.90800244e-02,5.60761407e-02,-4.02619786e-02,-1.01792869e-02,1.87209043e-02,-1.39907261e-02,3.20943485e-02,4.68845682e-02
-2.54636665e-02,-9.99548440e-03,3.81466166e-02,9.07325477e-02,2.66699201e-02,3.25896087e-03,3.11813954e-02,-4.49657036e-02,-7.17284329e-03,4.73207806e-02,1.83045848e-02,2.43839572e-02,5.92423180e-02
1.63989495e-02,3.01424036e-02,5.22860682e-02,8.68978912e-02,5.79827419e-02,3.86247135e-02,3.19557845e-02,-3.58740238e-02,2.97382259e-02,4.74262278e-02,5.77193375e-04,1.20146771e-02,3.39350663e-02
-4.63885725e-03,1.03376239e-02,7.64366400e-02,1.37518589e-01,8.77000663e-02,5.53389313e-02,1.25090366e-03,-3.24527462e-02,4.10575076e-02,2.86860565e-02,4.25594945e-03,-1.84751169e-02,-2.03296908e-02
-8.14980592e-02,-9.22561955e-03,2.58624647e-02,9.82254092e-02,3.09438522e-02,6.49355605e-03,-5.18146822e-02,-4.32884447e-02,3.38116704e-02,1.79111679e-02,3.24866664e-02,-2.42155797e-02,-4.27938587e-02
-3.29871649e-02,9.30268767e-03,8.67298646e-03,8.02862555e-02,4.16623187e-02,3.01262414e-02,-6.67999377e-02,-3.12657150e-02,3.45635459e-02,-1.26348838e-02,3.06702810e-02,-3.58430883e-03,-3.08768297e-02
1.60273719e-02,2.31913815e-02,-1.06382358e-02,1.96113826e-02,7.35989298e-03,3.55925352e-02,-6.37263215e-02,-1.92605702e-02,4.89725529e-02,2.14597837e-02,6.18770773e-02,2.84518049e-02,-2.05217527e-02
7.50071621e-02,7.72258677e-02,3.15791677e-02,2.07236862e-02,-2.81890136e-02,-1.01712748e-02,-5.80617777e-02,-5.99752605e-03,3.10443038e-02,-3.43966728e-02,2.69722945e-02,2.25641652e-02,-2.94789109e-02
6.22164038e-02,4.83343740e-02,1.57605624e-03,-3.34199301e-03,1.23466065e-02,7.52800680e-03,-2.42909397e-04,8.15894060e-04,-3.48040919e-03,-3.24344240e-02,2.19432056e-02,3.93868969e-02,1.42815727e-02
4.97495946e-02,7.21389152e-02,2.41339798e-02,-4.36267372e-02,-6.28892514e-03,-7.12709201e-03,9.04939278e-03,1.91715579e-02,-2.10719347e-02,-6.77282093e-02,6.39878587e-03,5.29335688e-02,1.49974124e-02
5.82115020e-02,8.48897332e-02,4.77262603e-02,-4.34621199e-02,-1.62210975e-02,-9.90092612e-03,1.99984638e-02,1.45954150e-02,-6.32895816e-02,-4.76211044e-02,2.10614442e-02,3.90637361e-02,4.23187007e-02
1.27854487e-01,9.97664536e-02,1.15154990e-02,-9.47815495e-02,-2.13153156e-02,2.06376071e-02,2.16762313e-02,1.59380831e-02,-4.39032340e-02,-4.22273904e-02,1.03456277e-02,5.40417124e-02,5.13398844e-02
9.05976149e-02,6.50566797e-02,4.87522866e-03,-8.34752441e-02,-2.58873197e-02,8.06616197e-03,3.96555124e-02,1.76394304e-02,-4.59079380e-02,-3.01274219e-02,1.07525624e-02,4.53812848e-02,5.25838303e-02
4.34561525e-02,4.94748743e-02,3.36982297e-03,-6.43594716e-02,-3.49274895e-02,-1.82549026e-02,-2.93205902e-03,1.53797560e-02,-1.94594825e-02,8.98854269e-03,-5.94328180e-03,8.16901995e-03,1.72036932e-02
1.79111010e-02,6.92306108e-02,1.53355717e-03,-4.87029494e-02,-1.13765753e-02,3.31717137e-02,7.17872695e-03,-1.03333364e-02,-3.88177208e-02,2.44882155e-03,-2.59147592e-03,2.58270357e-02,2.29473959e-02
4.23672357e-02,5.13381529e-02,-2.42816978e-02,-5.67810027e-02,6.85570666e-04,4.85843972e-02,1.63747154e-03,-7.44505954e-03,-2.44672299e-02,3.59602107e-02,-6.22333559e-03,7.39258324e-03,1.97645121e-02
4.82946547e-02,6.01143068e-02,2.58469269e-03,-1.33189704e-02,-2.80867514e-02,1.03432251e-03,-1.65609605e-03,-1.29942690e-02,-5.90779617e-03,3.34540431e-02,-1.39471293e-02,-9.70802224e-03,-5.76366252e-03
4.21264288e-02,9.32702754e-03,-4.23477308e-02,-2.10317902e-02,-6.72574376e-03,-8.77180892e-04,-1.24239478e-02,-1.42049617e-02,5.09328503e-04,2.88829432e-02,-1.70210708e-02,8.28913255e-03,9.64999101e-03
3.48155322e-02,1.07564783e-02,-2.54066425e-02,5.93606797e-04,5.46038615e-04,7.48932679e-03,-8.94224856e-03,-2.77175607e-02,-1.64548247e-02,1.42101157e-03,-8.99380387e-03,2.61160783e-02,-1.20661279e-02
5.18557844e-02,2.83960174e-02,4.94952609e-03,3.91688603e-02,1.75224188e-02,-1.79351101e-02,-2.05579185e-03,-1.03253052e-02,-3.18842179e-02,-3.49787058e-03,-6.08983761e-03,-1.43690650e-03,-4.18418335e-02
9.39467528e-02,-3.81329163e-03,-1.57609115e-02,1.08057177e-02,2.56359529e-02,6.23680746e-03,3.00766551e-02,6.69292359e-03,-2.83373893e-02,-1.09495909e-02,4.91161815e-03,7.13880661e-03,-4.72838579e-02
5.08730559e-02,-3.32491389e-02,-1.84464185e-02,3.59232391e-03,1.01305557e-02,-2.93426148e-02,5.72537554e-02,3.56370403e-02,-2.60853108e-02,5.36633334e-03,2.31179661e-03,-1.85258892e-03,-3.24409469e-02
2.75031603e-02,-4.85017951e-02,-1.57040610e-02,2.49170393e-02,-1.36767858e-02,-6.48057361e-02,3.19139362e-02,5.95513204e-02,-8.01518533e-03,4.52469920e-02,-1.65378956e-02,-3.18716365e-02,-4.09247650e-02
-1.22656663e-02,-1.09367666e-02,-1.98236184e-02,4.10660292e-02,-2.02099255e-02,-4.89655245e-02,4.16716596e-02,4.24296271e-02,-2.48815918e-02,4.28221087e-02,-6.45862850e-04,-1.09770135e-02,-3.88490868e-02
-3.70960114e-02,-4.41225203e-03,2.75197262e-02,3.63794449e-02,-1.54921433e-02,-7.30321856e-02,2.63671273e-02,5.92347660e-02,-1.55247604e-02,5.07918511e-02,-2.82552688e-02,-3.07463923e-02,-4.55223826e-02
-7.54132501e-02,-4.25641232e-03,4.09357121e-02,5.99189390e-02,-1.35925821e-03,-6.89046831e-02,3.36064685e-02,5.67238557e-02,-1.42949310e-02,5.42629797e-02,-1.88516597e-02,-3.35819346e-02,-4.56228634e-02
-7.93099017e-02,-1.03354438e-02,1.77823955e-02,3.12372696e-02,-8.16233189e-03,-5.76356780e-02,3.21941821e-02,7.50511631e-02,2.53236467e-03,7.04377790e-03,-5.05748570e-02,-2.35353081e-02,-3.21394646e-02
-8.89230781e-02,-8.60429520e-04,2.07041578e-02,6.55894600e-02,-5.25002279e-04,-7.09138692e-02,-2.91730279e-02,3.13808428e-02,5.80343813e-03,1.58819160e-02,-2.72633133e-02,-1.58430632e-02,-2.66163414e-02
-5.95326662e-02,1.11696729e-02,-1.03961783e-02,3.06739159e-02,1.12418811e-02,-5.38810282e-02,-5.35591902e-02,5.01087526e-02,2.48913979e-02,-2.65769748e-02,-2.93176828e-02,3.78289010e-03,-2.71000483e-02
-1.96998310e-02,-3.33485946e-02,-5.56094951e-02,-1.24695464e-02,3.90879114e-02,7.72978448e-04,-1.38452246e-02,3.43596456e-02,3.64989545e-02,-2.62266524e-02,4.43997368e-03,3.55539324e-02,-1.78860581e-02
7.54955223e-03,-1.58261536e-02,-5.91272259e-02,-3.33499324e-02,6.52576690e-02,1.07209146e-02,-1.66003024e-02,2.83727324e-02,3.41301365e-02,-3.47828488e-02,1.57001988e-03,3.07590972e-02,-2.83099802e-03
1.02571772e-02,-4.99626153e-03,-4.72044613e-02,-3.66562484e-02,5.54749192e-02,2.76539641e-02,-2.96807587e-02,1.51559483e-02,1.86354478e-02,-3.18871702e-02,1.39048703e-02,4.13975475e-02,1.18608229e-02
3.59403931e-02,-1.31545383e-03,-1.08829768e-01,-6.32166217e-02,3.49827360e-02,1.38203100e-02,-2.15933789e-02,1.33719828e-02,7.79128756e-03,-3.38327343e-02,2.91135316e-02,5.76209475e-02,1.27068039e-02
2.73033907e-02,-6.76768688e-03,-7.01959947e-02,-8.91997613e-02,-1.38350095e-02,-2.55289641e-02,-2.90280036e-02,1.33806846e-02,3.19651509e-03,-1.51368523e-02,3.85072178e-02,4.16469061e-02,-1.50257686e-02
5.38789307e-03,-1.71495158e-02,-4.85093932e-02,-9.02457831e-02,-1.66576142e-02,-2.78508216e-02,-2.99039313e-02,1.44240510e-03,-1.22032167e-02,-1.51431717e-02,5.41980804e-02,4.32449109e-02,-2.39847975e-02
-8.59034112e-03,-7.11248616e-03,-1.59855649e-02,-8.04428431e-02,-2.54929348e-02,-1.50941733e-02,-7.68090261e-03,1.72590642e-02,-2.76654456e-02,-6.22613168e-02,3.28373525e-02,4.21416840e-02,-1.28348635e-02
-3.17205678e-02,-4.71335590e-03,3.53691780e-03,-3.36356861e-02,-1.52181131e-02,-2.34219099e-02,-3.56882735e-02,2.04119306e-02,3.40627826e-03,-1.94428206e-02,5.29708327e-02,-1.12041364e-03,-3.66461021e-02
-7.32460516e-03,8.38235642e-03,1.76011185e-02,-3.58614146e-02,-7.51220548e-03,-8.95620372e-04,-3.91589702e-02,1.87785949e-02,2.11362704e-02,-5.12225440e-02,3.09448169e-03,-4.54896803e-03,-2.14696398e-03
6.67130579e-03,2.38509040e-02,2.95869346e-02,-1.41494949e-02,1.13830616e-02,2.74844227e-02,-2.09290393e-02,-4.08133788e-04,3.09319704e-02,-3.28406820e-02,3.17568628e-03,-1.83568348e-03,-1.39388144e-02
-2.13414876e-03,3.08509807e-02,2.99004213e-02,1.64670470e-02,2.78976817e-02,2.41297337e-02,-1.99794068e-02,-4.36307655e-03,5.80968650e-02,-4.76273238e-03,1.27301203e-02,-1.03777359e-02,-2.41077508e-02
-1.50372339e-03,1.32423444e-02,2.89049699e-02,1.82674764e-02,5.12983499e-03,3.27110867e-02,-2.71572054e-02,-3.50097087e-02,2.64006900e-02,-4.81913502e-03,2.70133082e-02,-2.40689590e-02,-1.88842107e-02
-7.67588352e-03,-1.51234988e-03,-8.68569377e-03,1.88559680e-02,-9.15585815e-03,6.42806741e-03,-4.40801666e-02,-3.66358618e-02,-2.02317927e-04,-1.44635620e-02,3.19755902e-02,-2.66988150e-02,-1.25692219e-02
-1.52661685e-02,-4.72000111e-02,-1.25182928e-02,2.29438183e-02,-4.00304648e-02,1.91922667e-02,-2.95796848e-02,-1.76587393e-02,1.36237283e-02,6.50879594e-03,4.62800920e-02,-5.71431693e-02,-1.50672358e-02
-2.54840224e-03,-3.37128913e-02,-1.66010917e-02,2.44180805e-02,-5.89647331e-02,-1.48490498e-03,-2.26694190e-02,-2.03732042e-02,2.17609485e-03,8.15254707e-03,3.62897203e-02,-4.57898390e-02,-2.03550615e-02
6.04893595e-03,-3.98054167e-02,1.04236935e-02,3.18479577e-02,-6.91194297e-02,-1.11885346e-02,-1.59552557e-02,-6.60707532e-03,-1.81500766e-02,3.80876367e-04,7.07634904e-03,-2.67447445e-02,-1.96168874e-03
-7.88444089e-03,-4.18941924e-02,-1.45729758e-02,5.47582749e-03,-1.80453577e-02,1.93705490e-02,9.40317869e-03,1.53218306e-02,-4.81667627e-04,2.99406117e-02,2.95793780e-02,-2.45291700e-02,-2.52657052e-02
1.41688751e-02,-4.34532628e-02,-4.16299116e-02,-1.70523766e-02,1.78223470e-02,2.49221131e-02,2.95183471e-02,1.17128114e-02,1.86822982e-02,2.93986306e-02,-2.58443429e-02,-3.80218344e-02,-1.51391537e-03
2.15613739e-02,-3.03755284e-03,-3.10114454e-02,-2.40987541e-02,3.08691192e-02,1.63500282e-03,9.83670144e-03,-5.33646057e-03,7.98703991e-03,2.82037398e-02,-6.69386264e-02,-3.57587046e-02,-3.66370168e-03
2.83973358e-03,-3.75779921e-03,-1.08747171e-02,6.13550985e-03,6.49973820e-02,-3.32664118e-02,1.26530862e-02,3.85964015e-03,2.26124978e-02,3.44087357e-02,-7.94258797e-02,-7.00444119e-03,-1.07569872e-02
-8.79136325e-03,-5.68317290e-02,-4.02827260e-02,-1.53008500e-02,1.70424209e-02,-2.66898263e-02,4.96916540e-02,-1.69591658e-02,8.91377190e-03,5.47759356e-02,-6.29465346e-02,5.29516569e-03,-1.09056649e-02
-1.51486853e-02,-3.02109181e-02,-2.26819592e-02,-9.72071096e-04,-6.03624912e-03,-5.25954506e-02,1.84980381e-02,-8.92712931e-03,-1.32757308e-02,3.17055903e-02,-2.96671932e-02,4.20196624e-03,-1.58203844e-02
-6.84171343e-02,-6.29622928e-02,6.81834160e-03,2.23342955e-02,-3.09294295e-02,-3.18858394e-02,-1.08996886e-02,-1.43692950e-02,1.25706470e-02,2.85852957e-02,-5.23773946e-03,-1.56645430e-02,2.85786206e-03
-1.36057011e-01,-6.59898766e-02,-4.49347040e-02,1.41572974e-02,-5.08221959e-02,-3.54725115e-02,-2.68617374e-02,-2.17380245e-02,-1.05431650e-02,-2.64530684e-03,2.74649599e-03,-3.96637676e-03,7.08949575e-03
-1.09319731e-01,-3.94786687e-02,1.43340958e-02,6.34956524e-02,-6.01675443e-02,-2.51295385e-02,-4.29597556e-02,1.96091967e-02,8.12889019e-03,1.20443354e-02,-1.27305486e-02,-5.91364251e-03,1.57403781e-02
-6.23757427e-02,-1.15053761e-02,-3.93270643e-03,4.64132075e-02,1.18110203e-03,2.78722732e-02,-3.60682634e-02,1.23464673e-02,2.86438666e-03,-3.05205754e-02,-2.48275969e-02,-6.54361123e-03,5.03758954e-03
-4.89888140e-02,-1.11911586e-02,-4.07251809e-02,2.74581849e-02,-1.22652969e-02,3.77485411e-02,-2.32276491e-02,1.27931544e-02,4.14124545e-02,-3.49814377e-02,-1.30644959e-02,-2.27705939e-02,-2.11996821e-02
-1.84162194e-02,2.38446569e-03,-3.17653544e-02,2.85570675e-02,-1.31521748e-02,1.93750430e-02,-4.43657502e-02,-1.75953261e-02,4.05844935e-02,-4.82836329e-02,-5.75595397e-02,-4.60550592e-02,-2.96198613e-02
9.53042028e-03,1.35661827e-02,-1.34704843e-02,2.82290436e-02,1.48241662e-02,-1.14056382e-02,-4.64549093e-02,-9.75181039e-03,5.00750191e-02,-5.81705598e-02,-6.17365103e-02,-1.18875696e-02,-2.70677349e-02
5.34186218e-02,-2.83483723e-03,-9.40857357e-03,2.75087506e-02,2.36570743e-02,5.32730848e-03,1.35663476e-02,-8.84574986e-03,5.25806548e-02,-4.14112523e-02,-8.31522386e-02,-1.07245611e-03,-3.76535048e-02
1.04611080e-01,3.81153669e-02,3.34946613e-02,2.84901497e-02,-9.95809390e-04,7.79782565e-04,5.51232622e-02,1.12067319e-02,3.79126617e-02,-4.58872589e-02,-4.03870354e-02,2.02884896e-03,-4.39293862e-02
8.60666845e-02,4.54563616e-02,6.67880809e-02,7.44019298e-03,-8.72148133e-03,-2.78576223e-02,1.22145318e-02,-5.16712243e-03,3.92980561e-02,-3.96288277e-02,-1.63302318e-02,1.03320003e-02,-4.29484834e-02
-7.52382433e-04,-4.57813883e-03,9.60256229e-03,-3.29624815e-02,-2.55600289e-02,-2.83522464e-02,1.23140147e-02,-4.31547950e-02,-1.50732654e-02,-2.86166748e-02,7.93630675e-03,4.20101501e-02,-8.68473395e-03
-2.77991931e-03,1.59224303e-02,2.57836773e-02,4.38031392e-03,-4.48787793e-03,-4.45922486e-02,1.71850035e-02,1.58418624e-02,-4.38040386e-03,2.59139271e-02,3.64509663e-02,2.67663300e-02,-7.62770856e-03
6.44076846e-03,8.65815158e-03,-1.64845669e-02,-2.17488951e-02,9.67066395e-03,-3.17605920e-02,1.52754498e-03,-4.24191991e-03,-4.51558462e-02,-8.65403729e-03,-7.71559656e-03,2.26343517e-02,2.19501470e-02
-3.26526928e-02,-2.88028083e-02,-4.07268281e-02,-2.90262791e-02,1.23511017e-03,-1.07304525e-03,3.52100736e-03,-2.53586402e-03,-3.94705894e-02,-1.61109740e-02,1.94319006e-02,1.66017294e-02,3.25262815e-02
-3.81116489e-02,-4.80783234e-03,2.95713300e-04,-1.85155951e-02,-9.29672933e-03,-1.09453746e-02,-1.24657610e-02,2.76598383e-03,-4.78924038e-02,-2.75168097e-02,2.29051933e-03,-3.80566855e-03,3.61313815e-02
-7.34148854e-02,-2.62098720e-02,-1.66219463e-02,-5.34988640e-02,-1.80750207e-03,1.09518676e-02,-3.97209182e-02,-9.61745651e-03,-1.05266190e-02,-1.46955983e-02,8.41022147e-03,1.75438637e-02,5.84712369e-02
-9.96253862e-03,9.01589229e-03,1.10770316e-02,-3.62466159e-02,1.47985079e-02,1.42426583e-02,-2.60081990e-02,-3.62335159e-04,4.16225634e-03,-1.53835148e-02,-2.97917255e-02,-1.51908235e-02,4.68899013e-02
5.64964158e-03,1.17992752e-02,3.79491212e-02,-1.40532601e-02,2.53577505e-02,2.64868877e-02,-1.56506822e-02,-4.50046218e-03,1.69181303e-02,-1.92684700e-02,-1.02124242e-02,-2.67737655e-02,1.98698144e-02
2.43557277e-02,4.11223266e-02,4.14228958e-02,-3.06012318e-02,2.57571283e-02,1.69739785e-02,-3.56753111e-02,-1.14981283e-02,1.66768617e-02,-2.65179281e-02,-1.10150815e-02,-1.35655252e-02,-1.02811200e-02
4.19539437e-02,3.61066421e-02,3.62144680e-02,-2.11336339e-02,6.25327222e-03,1.12013755e-02,-1.61984756e-02,-2.47010524e-02,2.23757803e-02,-1.63121730e-02,-4.87265547e-03,4.07688227e-03,-2.72165030e-02
7.85644649e-02,5.50970436e-02,4.00537206e-02,5.02839904e-03,1.50835170e-02,-5.92354715e-03,2.82741501e-02,9.96578894e-03,3.45903848e-02,7.46388590e-03,1.52653695e-02,-1.57451448e-03,-4.67105613e-02
7.96006712e-02,3.15246850e-02,-4.05531620e-03,-1.74777640e-02,-7.88717320e-03,-3.23406590e-02,2.79709438e-02,7.18642417e-05,2.55643891e-03,5.81880623e-03,-9.85194470e-03,2.10744943e-04,-3.48172579e-02
4.64965371e-02,-1.52811330e-02,-2.56996960e-02,-3.06926444e-02,-3.66809176e-03,-4.29061836e-03,4.56436508e-02,2.17778389e-02,5.25146523e-03,-2.54420542e-03,1.04851154e-02,1.79595900e-02,-2.24987584e-02
1.31346704e-02,-2.86705413e-02,-1.49829535e-02,-3.66334171e-02,-1.72435150e-02,-3.16616959e-02,3.14329153e-02,1.55285059e-02,-3.41462836e-02,-2.00667679e-02,8.98488365e-03,9.72323353e-03,1.54898685e-04
-3.70777615e-02,-8.27196560e-02,-4.82783171e-02,-6.91835934e-02,-4.01899886e-04,3.86911914e-03,2.61639953e-02,3.43163256e-03,-1.96100856e-02,1.06704287e-02,1.22699595e-02,8.41153245e-03,2.83621109e-02
-1.12459651e-02,-5.22298653e-02,-2.44758107e-02,-4.52932742e-02,-2.97826071e-02,-2.92175529e-02,1.51556605e-02,-9.66543882e-03,-3.30366359e-02,5.15934264e-03,1.67279136e-02,-3.05404665e-02,1.62467029e-02
-1.68507110e-02,-5.55969396e-02,-1.54162622e-02,-3.46244700e-02,-3.03847146e-02,-2.34371553e-02,-3.77506474e-03,-1.64986123e-02,-1.46001654e-02,1.20976698e-02,2.95559012e-02,-2.82887584e-02,1.59283256e-02
-2.52298519e-02,5.14127489e-04,1.02695300e-02,-4.39874908e-02,-7.35438354e-03,5.97587650e-03,-6.08204236e-03,-2.71737127e-02,-3.73008422e-02,3.51610621e-02,2.97904418e-02,-1.39583188e-02,1.90277429e-02
-4.03743085e-02,4.95849242e-02,1.06621426e-02,-2.62104239e-02,-5.22012090e-02,-2.09483734e-02,-4.25041769e-02,-3.19820241e-02,-2.67824448e-02,4.13354084e-02,-7.86468342e-03,-3.49526229e-02,-2.77631700e-04
-1.33267877e-02,7.17638690e-02,2.35224053e-02,3.57646364e-02,-5.87082520e-02,-1.37843294e-02,-3.47958110e-02,-2.57400853e-02,-2.64909451e-02,2.19678447e-02,-3.96898681e-02,-2.45691662e-02,-5.39093604e-03
-4.03809032e-02,5.93401561e-02,1.52028108e-02,7.56363556e-02,-4.54591326e-02,-1.41610503e-02,-1.55733136e-02,-2.36500615e-02,-2.64136838e-02,2.09267906e-02,-8.43928794e-02,-2.27532624e-02,-3.01323540e-02
-6.68879354e-02,4.31873124e-02,-1.14213222e-02,6.54288024e-02,-6.40038100e-02,-3.39574113e-02,3.52885397e-03,1.79684803e-02,-2.83266789e-02,3.70803943e-03,-6.12346279e-02,-8.38074445e-03,-3.58072029e-02
-6.75011588e-02,3.25223449e-02,-3.43211091e-03,6.68287756e-02,-6.22433610e-02,-4.47789994e-02,-1.90873563e-02,-8.93989456e-03,-5.24865651e-02,-3.17540965e-02,-5.88050445e-02,-3.43547771e-03,-9.34464437e-03
-8.97683046e-02,-2.33782064e-03,4.22506080e-03,4.93615259e-02,-4.44967051e-02,-4.69995972e-02,-1.50263125e-02,2.81435723e-02,6.99546030e-03,-1.03834825e-02,-5.62068418e-02,-9.72386704e-03,2.12604954e-03
-8.86654737e-02,-3.25457320e-02,-8.36400136e-03,6.99868288e-02,-6.59892282e-03,-6.42133558e-02,-1.60164774e-02,2.31540550e-02,1.22313619e-02,-3.07776859e-02,-2.59015092e-02,-1.23845744e-02,-9.19752546e-03
-5.31671876e-02,-6.72977613e-02,-1.97150669e-02,6.36838466e-02,-1.14568477e-02,-8.35001217e-02,-3.11981979e-02,3.14184563e-02,2.44276634e-02,-2.33935276e-02,5.78569450e-03,2.44505783e-02,-1.51116611e-02
-2.75445880e-02,-5.79113418e-02,8.91469058e-03,3.84101238e-02,1.89224261e-02,-7.13183850e-02,2.04741359e-03,2.31942632e-02,2.40818411e-02,-1.23996741e-02,1.18026247e-02,1.99750873e-02,-2.19530840e-02
-1.49101568e-02,-1.26030979e-02,-8.94488887e-03,3.40743537e-02,-2.22019290e-03,-7.65653573e-02,5.79679649e-03,2.66395148e-02,2.73540379e-02,5.32396109e-03,-4.32559776e-03,2.95680399e-03,-1.30895718e-02
-1.61707272e-03,-2.62678660e-02,-1.55381512e-02,3.10549946e-02,3.72339560e-03,-6.56415796e-02,-2.29805008e-02,1.49846752e-03,3.63595387e-02,1.11928113e-02,-1.17022888e-02,2.26844418e-02,4.34777934e-03
1.06684370e-02,-3.07344091e-02,-3.25555480e-02,3.79642300e-02,1.82698016e-02,-2.63353943e-02,2.91188171e-03,-2.14421300e-02,4.51685198e-02,3.31571056e-02,-2.73873012e-02,1.72532722e-02,-8.80507907e-03
-1.25634349e-02,-1.81662203e-02,-5.79467453e-02,1.81912912e-02,2.73559590e-02,-7.57579819e-03,2.72619004e-02,-3.09576004e-02,2.34833902e-02,4.57414780e-02,-2.57722602e-02,-1.75733227e-02,-1.71603520e-02
-4.18833319e-03,-4.50949321e-04,-6.56360899e-02,-1.15933132e-02,2.13833983e-02,2.66777247e-02,1.38088864e-03,-9.75524106e-02,-2.34676875e-02,1.98605594e-02,-3.49713708e-02,-2.08866181e-02,1.49096112e-02
1.21519492e-02,3.06372743e-02,-2.74825038e-02,-2.54010772e-02,1.13220218e-03,3.38113157e-02,-4.07289739e-03,-8.97402756e-02,3.79443975e-03,4.22869254e-02,-2.34072231e-02,-4.73115621e-02,2.15687656e-02
1.90303765e-02,4.99862187e-02,-3.22128330e-02,-3.37321931e-02,3.27386443e-02,5.31780645e-02,-7.75126560e-05,-7.56122135e-02,1.74424480e-02,4.85796818e-02,-2.91896868e-03,-5.20596105e-02,3.58745183e-02
4.87483171e-02,4.07398462e-02,-4.97120269e-03,-4.27407533e-02,5.39008182e-02,6.29676623e-02,-2.64703649e-02,-9.06858263e-02,2.85318089e-02,5.21545270e-02,1.89965826e-02,-4.19707287e-02,4.73715377e-02
8.39400080e-02,5.67897467e-02,6.11241832e-02,-3.82793394e-02,5.31101188e-02,4.62134428e-02,-1.76905542e-02,-8.17723729e-02,5.25845083e-02,1.69279438e-02,2.15835031e-02,-3.11026921e-02,2.74260005e-02
8.15526361e-02,6.22651642e-02,2.52147284e-02,-1.40668469e-02,7.42630368e-02,7.38423142e-02,4.41776743e-02,-4.01715076e-02,6.48494038e-02,-2.36396567e-02,8.65243762e-03,-1.65623632e-02,2.90525162e-02
4.85315094e-02,2.33907028e-02,4.23204916e-02,1.01522880e-02,5.50678765e-02,6.57125223e-02,4.21597625e-02,-3.37391348e-02,9.26755052e-02,-3.12947850e-02,2.05528445e-02,3.96543715e-02,3.04749622e-02
6.92930109e-02,2.49213370e-02,2.32196550e-02,9.91364816e-03,2.90557548e-02,5.85923301e-02,5.37573640e-02,-1.96424329e-02,1.05244292e-01,-3.22552115e-02,6.43365154e-03,5.25152320e-02,4.38814297e-02
2.52704651e-02,3.02910099e-02,1.83434356e-02,1.46883870e-03,5.25188699e-02,9.47447688e-02,7.80437560e-02,1.11860317e-02,1.05002109e-01,-1.73873246e-02,8.44063749e-03,2.79338617e-02,2.16901100e-02
-4.73767239e-02,-4.11007487e-03,-1.46847837e-02,-3.75964483e-02,3.80950332e-02,8.16277547e-02,5.26434586e-02,1.99846623e-02,8.40467083e-02,-4.34974244e-02,-2.11105800e-02,2.50724663e-02,2.96969619e-02
-9.63046208e-02,1.05164405e-02,2.70718396e-03,-1.75883533e-02,2.75719527e-02,5.20753500e-02,2.83361189e-05,-1.43903051e-03,-7.84596751e-03,5.27507211e-03,3.69683380e-03,4.53731867e-02,1.98512974e-02
-1.12114511e-01,1.65456788e-02,-8.99843855e-04,1.43498572e-02,-1.05830127e-02,-1.71263745e-03,-1.79011252e-02,8.83422210e-03,-4.78972510e-02,2.12879806e-02,-1.40568690e-02,2.58906911e-02,1.96833191e-02
-8.66494137e-02,-2.34530115e-03,-7.26207713e-03,2.90888558e-02,-2.73514744e-02,-1.82546991e-02,-2.10448463e-02,-1.48135011e-02,-8.80738122e-02,2.04624494e-02,-4.34798607e-02,-1.95741654e-02,2.29711136e-02
-6.50070594e-02,9.33148659e-03,2.84495263e-02,3.80169100e-02,-2.34710294e-02,-3.95228897e-02,-5.59303315e-02,-2.40354536e-03,-1.08574947e-01,1.12508974e-02,-1.47165336e-02,-1.38066094e-02,-5.66511648e-03
-1.05646155e-01,-5.64890783e-02,-4.97966439e-02,-2.05018345e-02,-1.42549056e-02,-2.84764933e-02,-3.20914887e-02,5.39486685e-02,-9.14164770e-02,-1.31669134e-02,-3.94447404e-03,-2.38242849e-02,-1.16517524e-02
-1.08052473e-01,-8.15541852e-02,-4.67804638e-02,1.09661565e-02,1.67549537e-02,-1.46343466e-02,-3.74636704e-02,6.17863321e-02,-8.37644022e-02,-4.87846605e-02,8.56874470e-03,-1.34114846e-02,-3.71293837e-02
-3.14598464e-02,-7.41853267e-02,-4.93546352e-02,-6.87976006e-03,-4.06599486e-03,-2.16018479e-02,-3.01314874e-02,5.47188884e-02,-4.16814757e-02,-7.22078495e-02,-1.61511585e-02,-7.76307103e-03,-2.76284898e-02
-1.41710017e-02,-9.22600027e-02,-7.26535739e-02,-2.57166290e-02,-7.14864835e-03,-9.22309073e-04,-2.86105489e-02,2.66092806e-02,-4.30819277e-02,-7.88224553e-02,-1.25854788e-02,5.19257800e-03,-2.52350068e-02
1.84750420e-03,-9.69524476e-02,-8.58152250e-02,-5.55946393e-02,1.99418022e-04,4.04937218e-03,2.27529756e-02,6.13206743e-02,1.66051542e-02,-8.07526558e-02,-6.47488253e-03,-3.01498448e-03,-3.95844771e-02
-4.06231317e-02,-8.42176958e-02,-7.96967558e-02,-4.82185347e-02,9.97870704e-03,1.19316307e-02,-1.24449048e-03,6.80000279e-03,-2.10313431e-02,-2.01268501e-02,1.73027600e-02,2.41511537e-02,-3.42680565e-02
-7.19322778e-03,-3.41917248e-02,-3.98180545e-02,-5.04194056e-02,-1.98963195e-02,-2.21029247e-02,1.16781751e-02,-2.41829875e-02,-2.49193077e-02,-1.61758659e-02,-2.58859717e-03,1.71716459e-02,-1.35733416e-02
2.83884948e-02,9.76015755e-03,3.68903369e-03,-4.97777330e-03,-1.54959564e-02,-2.68555420e-02,2.97772864e-02,-4.32821367e-02,-3.20115516e-02,-1.61830341e-03,-1.73104955e-02,-2.00979544e-03,-1.43218513e-02
4.57935892e-02,2.16992352e-02,4.02326031e-02,5.00816622e-03,-1.83929635e-03,1.48135747e-02,4.28849812e-02,-4.39043739e-02,-3.61824824e-02,1.88326174e-02,1.05163484e-02,8.76688585e-03,-1.07541275e-02
1.52673189e-02,-3.23314170e-03,3.09200916e-02,-1.78079735e-02,-9.29716823e-03,2.68936829e-02,4.09586126e-02,-1.62404980e-02,-2.12996945e-02,3.41379704e-02,3.74644274e-02,1.44601358e-02,-1.38273831e-02
-5.36310701e-03,-9.72373716e-03,2.76441598e-02,-1.57517334e-02,3.61026129e-03,4.02225423e-02,2.63540938e-02,-9.31590936e-03,-6.77981393e-03,-8.42987159e-04,2.49990343e-02,-9.47941047e-03,-2.51907249e-02
-3.99746259e-03,-1.34437946e-02,3.35857957e-02,1.04968811e-02,1.44496287e-02,6.94375703e-02,3.86134392e-02,1.13775881e-02,2.35493816e-02,9.47767984e-03,1.37296219e-02,-2.33689633e-02,-1.55907217e-02
-4.97642985e-02,-7.12806015e-02,-2.38844861e-02,-7.64415074e-03,-2.57865074e-02,3.53054321e-02,3.63344961e-03,-1.70531758e-02,3.81782475e-03,-5.14289586e-03,8.06313034e-03,-6.50861136e-03,1.09298290e-03
-4.02316072e-02,-6.20990601e-02,-2.73088978e-02,1.05174575e-02,-3.52758377e-02,2.11388663e-02,9.01900942e-03,-2.93713215e-04,1.64694404e-02,-3.45015144e-03,1.90535511e-02,-8.83822465e-03,-6.74430188e-03
-4.66994536e-02,-5.85771618e-02,-4.35344589e-02,8.17811436e-03,-7.19680697e-02,1.61844465e-02,-5.42773668e-03,-1.47586792e-02,5.16440580e-03,1.72642966e-02,3.71741241e-02,-1.63971272e-02,1.61242860e-02
-2.08819109e-02,4.47986354e-03,-5.39759758e-02,-4.15992023e-02,-8.06303126e-02,1.88505542e-02,1.01008684e-02,9.35135523e-03,2.41702424e-02,2.58174291e-02,3.56501588e-02,-2.00623540e-02,9.67315046e-03
-5.00511590e-03,3.62470224e-02,-4.95510708e-02,-2.31418381e-02,-4.19127904e-02,2.65983991e-02,1.40985144e-02,1.83227381e-02,4.05865069e-02,1.31850592e-02,1.99634583e-02,-3.48291940e-02,-1.66159769e-02
2.68719831e-02,5.03634717e-02,-4.26377676e-02,-5.01429385e-02,-4.75612840e-02,2.95872965e-02,2.50415450e-02,1.16654517e-02,3.33949412e-02,5.10682976e-03,2.36641231e-02,-3.07747333e-02,-3.82761699e-02
5.13721766e-02,9.18512638e-02,-2.13052933e-02,-5.27732654e-02,-2.46987784e-02,2.39581569e-02,4.41744214e-02,2.56952234e-03,5.63315335e-03,-6.00545333e-03,1.31900954e-02,-2.35004163e-02,-5.36916294e-02
9.18915175e-02,1.08024850e-01,1.34493672e-03,-5.19296630e-02,-3.55418330e-02,5.13070892e-03,4.61082714e-02,-1.69152600e-02,9.01088562e-03,-2.12420313e-02,-1.86119747e-02,-3.84587204e-02,-4.80032937e-02
7.14440645e-02,9.09038900e-02,-1.15751374e-04,-1.78715683e-02,1.57486544e-02,3.20084079e-02,8.50508138e-02,-5.64184959e-03,3.56084228e-03,-1.42072012e-03,-4.87249805e-02,-5.11579031e-02,-4.07222495e-02
4.27829389e-02,4.87067673e-02,-2.78352074e-02,-2.54841153e-02,3.13321288e-02,6.07445621e-03,7.78703395e-02,-5.21858273e-03,-6.13825185e-03,-1.91251165e-03,-7.08780012e-02,-5.01660841e-02,-2.41911374e-02
3.27302748e-02,2.79165109e-02,-2.69075689e-03,-1.37062102e-02,4.73186367e-02,-1.52940918e-02,5.88121626e-02,-1.35249970e-02,-2.57689805e-02,-5.70164682e-03,-9.58734258e-02,-5.51727043e-02,-4.82331962e-03
1.78848530e-02,2.18812494e-02,2.59792423e-02,-8.91015847e-03,5.53579154e-02,-3.01869397e-02,2.59692650e-02,1.32055798e-02,-1.07330267e-02,-1.48268004e-03,-8.06238698e-02,-4.23375752e-02,3.01327850e-02
-4.06854607e-02,1.00876603e-02,3.29290179e-02,4.31838239e-03,5.60949004e-02,1.86706730e-02,3.01485882e-03,4.62146091e-02,6.61294028e-03,1.75725806e-02,-2.47397900e-02,-1.00264371e-03,6.37155732e-02
-9.04568059e-02,-4.39695000e-02,1.02520112e-02,-4.21577794e-03,5.24044681e-02,3.72950168e-02,-1.36732965e-02,6.22446923e-02,1.21586770e-02,1.89032760e-02,-1.77769431e-02,8.50342935e-05,5.54832741e-02
-7.67580265e-02,-2.26941871e-02,1.30181790e-02,-5.71151469e-03,4.98155054e-03,2.16274837e-03,-6.94584247e-02,5.82597194e-02,-4.79581709e-03,-7.50705628e-03,1.27887529e-03,1.06621189e-02,2.60101779e-02
-2.10530840e-02,-1.38140472e-02,6.64660713e-03,1.26289772e-02,1.27332113e-02,1.83584504e-02,-5.16559012e-02,5.36877559e-02,-4.46930656e-02,-3.71802520e-02,-4.17750347e-03,1.64698805e-02,-8.15072113e-04
2.04715763e-02,1.93246530e-02,3.98784908e-02,6.67330488e-02,7.09182334e-03,2.50167519e-02,-4.88120369e-02,2.28596187e-02,-5.00935265e-02,-4.00112814e-02,-1.16894305e-02,2.77560849e-03,-1.82004571e-02
5.99554420e-02,3.75623516e-02,4.84461351e-02,7.70907479e-02,1.56906263e-02,2.34221992e-02,-2.81766760e-02,2.07774841e-02,-5.10719710e-02,-3.70713553e-02,-2.23278397e-02,-1.75413719e-02,-4.89517159e-02
1.04340921e-01,6.22255755e-02,4.59579387e-02,6.42465185e-02,2.13347761e-02,1.55041050e-02,-2.68693578e-02,-3.11314669e-03,-7.24973358e-02,-2.55258169e-02,6.53039567e-03,-1.74561248e-02,-6.83712435e-02
1.22591967e-01,5.59673897e-02,4.95994672e-02,4.35427913e-02,1.91615690e-02,1.09272781e-04,-4.14076085e-03,-2.92181458e-03,-6.87156250e-02,-1.04579605e-02,9.77480874e-03,-6.19312559e-02,-8.89339748e-02
8.49583579e-02,5.71285538e-02,7.08517684e-02,4.84760235e-02,4.45957439e-02,-6.73633708e-03,2.05192023e-02,1.10060565e-02,-4.60022666e-02,-1.25188720e-02,-2.01595033e-03,-5.57744134e-02,-1.01912888e-01
4.00728180e-02,1.25064870e-02,3.25704769e-02,2.00411295e-02,2.79615293e-02,2.45832041e-03,1.35172526e-02,-1.15677942e-02,-4.94731311e-03,1.60016436e-02,1.24163586e-02,1.50939678e-02,-3.73593131e-02
8.61200473e-03,-1.02651385e-02,7.75349363e-03,-2.15708633e-02,-8.34172792e-04,-1.07422500e-02,-6.98068453e-03,-1.79951560e-02,4.07523807e-02,3.66110186e-02,1.01516129e-02,2.83095500e-02,-1.94334784e-02
9.58042476e-03,2.94316568e-02,3.04262579e-04,-4.12727363e-02,-1.45119108e-02,-6.81286881e-02,-5.06546847e-02,-1.31027512e-02,7.60616268e-02,7.23596395e-03,1.23774298e-02,5.85879358e-02,1.00004566e-02
2.98256770e-02,2.85180177e-02,1.47526725e-02,-9.25877757e-03,1.40275020e-02,-5.43128662e-02,-4.51171156e-02,-1.12002789e-02,2.96382698e-02,-2.91796658e-02,2.18052085e-02,9.62359791e-02,4.69225365e-02
2.94195728e-02,2.71330510e-02,2.64557587e-02,2.29062508e-02,3.41260757e-02,-5.53481212e-02,-2.58568213e-02,-1.62786899e-02,6.78634927e-03,-4.45298212e-02,2.39928826e-02,8.79721788e-02,4.83399688e-02
4.14806705e-02,1.50942248e-02,4.79200147e-02,3.64455632e-02,5.29133560e-02,-4.32394747e-02,-4.95119557e-03,-3.88746676e-03,9.85269143e-03,-3.13753796e-02,4.95871458e-03,5.40296218e-02,2.44064998e-02
5.42900864e-02,1.59856321e-02,3.98617778e-02,1.29247225e-02,4.57801608e-02,-3.06432717e-02,-6.45958628e-03,-2.18720621e-02,-2.21344740e-02,-3.59176628e-02,2.14197014e-02,3.35193956e-02,9.78805047e-03
3.66083809e-02,1.74918256e-02,2.39279335e-02,1.75023500e-02,5.48511212e-02,-2.09690563e-02,-2.84860342e-02,-2.16613395e-02,-2.16024699e-02,-3.96699157e-02,3.02162423e-02,-3.74289401e-03,-2.18040346e-03
-1.55733302e-02,-1.88818931e-03,1.64594517e-02,3.77675782e-02,5.35234315e-02,6.64909363e-03,3.41552573e-03,-9.94300740e-03,-7.24805735e-02,-4.69685265e-02,2.57735852e-02,-4.38303086e-02,-3.66224864e-02
-4.67378353e-02,-5.61068316e-02,-1.78946673e-02,-1.24543130e-02,2.87473756e-03,6.26135997e-03,3.94527228e-02,-3.44890856e-03,-6.38944419e-02,8.59849885e-03,2.46071106e-02,-1.74511633e-02,-2.64408287e-02
-6.25057729e-02,-9.78279376e-02,-4.78089568e-02,-3.47421172e-02,-2.80805525e-02,1.89668257e-02,4.78360879e-02,3.39215522e-02,-1.06938394e-03,4.56420392e-02,1.15693100e-02,-3.25730090e-02,-2.67743654e-02
-8.35891174e-02,-7.58967047e-02,-4.84778533e-02,-3.75300556e-02,-1.56881385e-02,3.25548091e-02,3.88934013e-02,3.18377227e-02,4.16171576e-02,5.25856459e-02,7.77097407e-03,-1.10525085e-02,-2.54859283e-02
-6.34033416e-02,-4.22273500e-02,-2.70773744e-02,-1.38519055e-02,-1.08639168e-02,2.24690091e-02,8.16504176e-03,2.65323081e-02,2.78354196e-02,1.86995765e-02,-1.30017045e-02,4.64617075e-02,8.90640075e-03
-1.33790285e-02,1.48499563e-05,-3.20690873e-02,-7.06114602e-03,-1.42352016e-02,2.15771190e-02,4.13641255e-03,1.69598859e-02,1.69209022e-02,3.27923920e-03,-1.21870986e-02,6.23084481e-02,-3.69293636e-03
1.90897046e-02,-5.39177573e-05,-3.58901514e-02,-1.23512002e-02,-4.52485244e-02,1.74239073e-02,2.43432716e-02,1.20094788e-02,2.35498078e-02,8.97907628e-03,-2.36881898e-02,4.02525930e-02,-1.66117763e-02
3.07753497e-02,-5.62373361e-03,-1.07545982e-02,-1.39473820e-02,-6.55636703e-02,2.35555107e-02,9.87434992e-03,-3.52308111e-04,6.87443926e-04,1.64027002e-02,6.28277221e-04,1.33366719e-02,-1.47940818e-02
1.46535852e-02,1.37634844e-02,-1.45798975e-02,-1.33300177e-03,-2.42512563e-02,1.82675780e-02,-2.46201223e-02,-7.75125385e-03,-4.29599567e-03,-6.84500200e-03,6.65763240e-03,2.09984492e-02,3.14540161e-03
-7.19648506e-05,6.44208424e-03,-3.64067614e-02,-3.02850834e-03,-7.71910335e-03,3.51788945e-02,-3.40343004e-02,4.65130953e-03,-1.26348838e-02,7.24416019e-03,2.40150804e-02,-2.10928754e-03,-7.64343193e-03
-2.74064955e-02,-1.72348357e-02,-6.65350939e-02,-4.31522986e-02,-2.52752936e-02,2.31763556e-02,-1.01822377e-02,1.37044915e-02,-4.46175136e-03,3.59317416e-02,3.11445764e-02,-1.07877998e-02,-5.55574395e-03
-5.94671586e-02,-5.72330522e-02,-7.75983889e-02,-4.82462646e-02,-1.42449381e-02,3.27482369e-02,2.40651141e-02,2.62002710e-02,2.95767744e-02,6.25235613e-02,3.94835398e-02,-2.72205883e-02,1.34171134e-02
-1.20914696e-01,-9.31239844e-02,-8.41829585e-02,-3.11834036e-02,1.29640542e-02,2.06989726e-02,4.84871258e-02,1.74311322e-02,4.18422907e-02,3.30489928e-02,4.53852020e-02,8.45137921e-03,3.75388425e-02
-1.16868043e-01,-7.67219925e-02,-3.66440099e-02,-1.01817400e-02,2.87554357e-02,-2.20264879e-02,5.66492144e-02,1.97623275e-02,5.28344946e-02,1.72618597e-02,1.51660931e-02,5.38951930e-02,7.52677928e-02
-6.82609451e-02,-4.89692656e-02,1.56075991e-02,6.62562312e-03,7.41983986e-03,-3.97749189e-02,8.87366247e-02,2.24616897e-02,5.59454406e-02,-5.40280679e-02,-1.09706454e-02,7.09904229e-02,9.09767120e-02
-6.46203022e-03,-4.12161246e-02,2.11727892e-02,2.03937859e-02,-3.07108449e-02,-5.89106018e-02,9.98776426e-02,1.13904393e-02,4.05998153e-02,-1.02920100e-01,-6.48239802e-02,3.91515077e-02,6.96034663e-02
5.13091002e-02,-1.40080280e-03,7.26409386e-02,5.65850748e-02,-6.99395334e-02,-7.05399581e-02,6.52782975e-02,1.01926948e-02,9.67095816e-03,-1.13360361e-01,-5.60661135e-02,1.31904557e-02,6.56300625e-02
4.90085028e-02,3.13894061e-03,4.78485017e-02,7.30247546e-02,-3.16891354e-02,-6.48790759e-02,3.56697595e-02,2.37516944e-02,-1.03184916e-02,-1.32361099e-01,-5.10426210e-02,1.79769164e-02,6.35313868e-02
1.94990664e-02,-1.71727572e-02,1.30742062e-02,4.36051132e-02,-3.32979050e-02,-4.21752230e-02,1.75054491e-02,6.21673597e-02,-7.83779312e-03,-8.73790268e-02,-2.21279095e-02,2.92964111e-03,3.02787802e-02
1.19860682e-02,-3.71116601e-02,-3.42269195e-02,2.49152308e-03,-1.46847547e-02,-9.56051323e-03,2.42185644e-02,9.37454083e-02,2.00216492e-02,-2.74156734e-02,-1.37907525e-02,-3.17101584e-02,4.49763529e-03
-5.92409965e-03,-3.13905394e-02,-3.45545584e-02,-4.19170281e-03,2.04361891e-02,3.77152389e-02,1.11191997e-02,6.65078189e-02,1.92272805e-02,2.87356529e-02,3.55597457e-04,-5.15402330e-02,-2.68847600e-02
-3.85573490e-02,-4.15529535e-02,-6.28489775e-02,8.55142830e-03,5.25655323e-02,4.02299129e-02,-3.43715114e-02,2.68781281e-02,1.17679241e-03,1.46235925e-02,-1.07312604e-02,-3.55570559e-02,-3.51437578e-02
-2.02606582e-02,3.37212849e-03,-4.19623771e-02,5.50171725e-03,6.56154123e-02,5.04156098e-02,-2.53557822e-02,-2.82152653e-03,3.63683850e-03,5.49215078e-02,4.54747301e-04,-5.40917014e-03,-4.63822402e-02
-7.38258583e-03,9.38942432e-04,1.88724565e-03,-1.76114190e-02,3.05476659e-02,1.86830809e-02,-4.32694900e-03,-1.18064899e-02,9.57329055e-03,4.07642204e-02,1.46729640e-02,1.16494991e-02,-4.53644761e-02
9.85793972e-03,9.45747417e-04,4.87927105e-02,-1.30743234e-02,3.25728702e-02,-2.49395345e-04,9.55665699e-03,-2.02561780e-02,-1.00224845e-02,1.80699713e-02,-1.52982446e-02,-7.59217813e-03,-7.71559649e-02
4.42939525e-02,1.04362298e-02,8.76326613e-02,8.05315950e-03,2.49619532e-02,-1.00106842e-02,-5.69272711e-04,-3.96948434e-02,-3.66049737e-02,-5.69858336e-03,4.91528197e-03,1.72902899e-02,-4.77673250e-02
2.61536697e-02,-1.72618840e-02,3.73900012e-02,-3.34336887e-04,9.52593714e-03,-2.91116921e-02,-2.11288745e-02,-4.08925831e-02,-5.34238274e-02,-2.86607283e-02,2.59761812e-02,2.68246513e-02,-2.82844634e-02
-3.25855873e-02,-3.91984979e-02,-2.17623438e-02,-3.00243602e-02,-2.41769462e-02,-5.80715291e-02,-1.55172136e-02,9.14246730e-03,-1.30264641e-02,-1.96946200e-02,1.84361194e-02,1.41076398e-02,-2.05289141e-02
-1.40040349e-02,-4.34878647e-02,-7.12381293e-02,-5.40876779e-02,-2.77881429e-02,-3.84113833e-02,1.67766650e-02,3.35653209e-02,1.96758442e-02,-4.08122428e-04,3.40313289e-02,2.43882050e-02,5.48221776e-03
-2.11199281e-02,-6.32390355e-02,-7.31686530e-02,-2.08098559e-02,-9.00757271e-04,-1.57636095e-02,2.41504140e-02,1.53887161e-02,8.83857815e-04,-3.25367266e-02,3.80936033e-03,1.15754410e-02,6.46011381e-03
-3.46420504e-02,-3.91679151e-02,-5.23425997e-02,1.15002257e-02,5.17132483e-04,-2.70681479e-03,1.73946365e-02,-1.39293116e-03,-7.71945587e-03,-4.59623282e-02,-2.61831687e-02,-1.34718546e-02,1.20515502e-02
2.76162112e-02,5.06808627e-03,-5.39447810e-02,2.49572122e-02,-1.87845594e-02,2.89948844e-02,3.73538189e-02,-2.43946896e-02,-3.27409881e-04,-5.28147955e-02,-3.83003066e-02,-2.89991407e-02,8.68538433e-03
7.92253211e-02,4.22574277e-02,-5.21198260e-02,1.59176033e-02,-6.29129674e-02,1.94580927e-02,2.10936118e-02,-4.94489915e-02,1.34839743e-02,-3.67679285e-02,-3.47038489e-02,-1.03510665e-02,1.63559628e-03
7.59226434e-02,8.47202520e-02,1.15415327e-02,3.74589711e-02,-4.36379098e-02,4.20486762e-02,1.56242015e-02,-5.16611086e-02,1.05369459e-02,-4.89971382e-02,-7.68283478e-02,-3.42466220e-02,-2.29558726e-02
5.80898464e-02,7.08312267e-02,2.89113912e-02,4.29669879e-02,3.67058822e-03,8.31056091e-02,2.35014779e-02,-7.42999464e-02,-1.54972994e-02,-3.86040509e-02,-6.91125450e-02,-4.54060469e-03,-2.59197737e-02
4.67853725e-02,6.33132588e-02,3.65741684e-03,4.67946193e-03,-2.61815036e-02,5.39595907e-02,-2.58952192e-03,-5.73920953e-02,-3.05246623e-02,-1.79423988e-02,-2.33814348e-02,-2.77874888e-03,1.09381294e-03
-9.25851928e-03,4.69843991e-02,-1.91065276e-02,-4.39892189e-02,-5.76393178e-02,8.46724197e-04,-4.00532497e-02,-1.86052822e-02,2.15319258e-04,2.22292230e-02,-2.19198077e-02,-2.67858036e-02,2.78322669e-02
-1.81909735e-02,4.29882900e-02,-2.99884052e-02,-7.79265177e-02,-3.24475511e-02,8.70467497e-03,-3.17247364e-02,-1.04864665e-02,-1.97899424e-02,4.75210228e-02,5.17773471e-03,-1.95487580e-02,5.45693345e-02
-1.12758662e-02,9.06698678e-03,-1.83048244e-03,-6.57519065e-02,1.27195003e-03,-3.05905564e-03,-3.66566004e-02,-1.64640698e-02,-6.09744334e-02,3.02840446e-02,-8.99959229e-03,-2.65244632e-02,6.85739792e-02
-1.27379537e-02,-3.64144980e-03,1.55742338e-02,-7.33411202e-02,1.87084260e-02,-9.74506226e-03,-6.12387414e-03,1.01606998e-02,-5.26998279e-02,4.18611802e-02,1.97948387e-03,-4.82066906e-02,4.95966446e-02
2.60448625e-02,-9.32378491e-03,2.30772502e-02,-6.70313427e-02,2.16088140e-02,-2.79698077e-02,5.99543253e-03,1.33218237e-02,-3.28449246e-02,3.76183190e-02,1.39646550e-02,-7.16115280e-02,4.73230231e-02
3.53628645e-02,1.12636008e-02,3.36667871e-02,-4.29909345e-02,1.61303848e-02,-3.06548076e-02,3.25163851e-02,2.25731125e-02,-2.87956976e-02,1.24089275e-02,-1.51010452e-04,-5.34489307e-02,2.68063484e-02
2.85131707e-03,9.69691046e-03,3.35813540e-02,-4.01721820e-02,-2.04127074e-02,-5.31064295e-02,-3.57025071e-03,3.81383517e-03,-4.93511686e-02,2.06457192e-02,7.02214064e-03,-6.64337087e-04,5.75311455e-02
-2.71575581e-02,1.57040700e-02,8.31082956e-02,-2.31068677e-02,-4.28243465e-02,-3.68158026e-02,-3.03848640e-03,2.38890780e-02,-5.29597224e-02,3.68823490e-02,3.90487182e-02,5.09659451e-02,4.04153660e-02
-1.47263759e-02,3.32373786e-02,1.07567994e-01,-1.22747344e-02,-8.16197639e-02,-5.54584033e-02,-5.81740509e-02,2.19616451e-02,-7.01862849e-02,6.58158659e-02,8.29056481e-02,1.03938262e-01,5.30751758e-02
-9.05129924e-03,3.08799858e-02,1.11641798e-01,-1.59018591e-02,-1.23709675e-01,-5.02767334e-02,-1.08992878e-01,1.73822918e-02,-7.91137356e-02,7.62548692e-02,1.11497066e-01,1.34534530e-01,6.64075909e-02
2.22370092e-04,4.39371771e-02,1.28651369e-01,-2.26474882e-03,-1.28828784e-01,-3.33245705e-02,-1.21509872e-01,2.99706908e-03,-1.05909257e-01,6.03212258e-02,1.21608544e-01,1.41805971e-01,8.42208783e-02
3.73430692e-02,3.70002164e-02,1.16996699e-01,-2.57057080e-02,-1.36180061e-01,-2.57777683e-02,-1.30644152e-01,-1.32754494e-02,-1.36518450e-01,3.80725228e-02,1.00418493e-01,1.34189592e-01,8.85031243e-02
6.78837170e-02,1.37783767e-02,1.07195177e-01,-3.47281523e-02,-1.19444959e-01,-1.31574824e-02,-9.83138465e-02,1.05251259e-02,-1.00369661e-01,2.45523340e-02,9.09181643e-02,1.09622547e-01,9.24486445e-02
1.02981949e-01,-5.87962509e-03,8.97251645e-02,-4.75700906e-02,-1.04689668e-01,-2.53711847e-02,-8.36279003e-02,3.22536021e-03,-5.45294870e-02,-5.32081729e-03,5.84265149e-02,6.02149269e-02,7.20183200e-02
8.38947973e-02,-3.07086546e-02,7.57503683e-02,-5.23460408e-02,-5.23502398e-02,5.77505091e-03,-4.42960383e-03,3.61048901e-02,-1.50095145e-02,-6.53862723e-02,-5.24695818e-03,1.34466599e-02,3.09482457e-02
4.53158485e-02,-6.91331484e-02,7.50013326e-03,-7.78867374e-02,-6.17816097e-02,-3.63725092e-02,1.69335601e-02,2.71293346e-02,9.47127373e-03,-6.71432353e-02,-4.10984856e-02,1.52073563e-02,4.59860465e-02
1.57738460e-02,-6.59619806e-02,6.32027731e-03,-5.17748398e-02,-3.17842831e-02,-3.27924005e-02,4.60755723e-02,4.08307460e-02,7.42088583e-02,-5.31862614e-02,-2.10807845e-02,5.65082788e-03,4.10104864e-02
-2.40822882e-03,-5.42753795e-02,7.87685120e-03,-3.22883636e-02,-1.64556820e-02,-6.36945170e-02,2.43467995e-02,1.40966608e-02,7.95381173e-02,-4.78905968e-02,-2.42434827e-02,-5.21709253e-03,3.46936396e-02
1.70912832e-02,-3.34279997e-02,2.41242713e-02,7.20728285e-03,1.92542028e-02,-5.26860494e-02,1.84378439e-02,1.71511032e-02,7.59239741e-02,-2.52431103e-02,-1.78268353e-02,-1.52693320e-02,1.54179719e-02
2.81870854e-02,-3.51574365e-03,3.80626793e-02,4.29140561e-02,4.24633595e-02,-4.77217401e-02,4.45431391e-03,3.03647046e-03,6.40102331e-02,-1.75565737e-02,-1.62431725e-03,-3.22074018e-02,1.32931597e-02
1.38482475e-02,1.40608831e-02,-1.00647652e-02,3.95871322e-02,3.73329910e-02,-4.39478771e-02,-2.77617885e-02,-3.03364544e-02,1.30590174e-02,-2.08557523e-02,-3.78749591e-03,-6.18577570e-02,-1.03154678e-02
1.58097613e-02,3.83428793e-02,-2.13487807e-02,6.38992799e-02,2.97159754e-02,-4.16507325e-02,-2.59030749e-02,-1.27704039e-02,1.43714541e-02,1.72223329e-02,1.48916271e-02,-7.72643244e-02,-1.11210917e-02
3.76283277e-02,5.16267851e-02,-3.68685553e-02,6.00185445e-02,2.66991931e-02,-1.20936773e-02,-4.12234407e-02,-3.65447756e-02,-7.46338052e-03,4.22434737e-02,3.50908077e-02,-8.38451985e-02,-3.35198804e-02
1.87004953e-02,5.26107209e-02,-3.84770856e-02,2.18438026e-02,1.74371275e-02,-1.65143290e-03,-4.25520414e-02,-4.05124288e-02,-2.73421261e-02,4.12152501e-02,3.55460632e-02,-5.36971883e-02,-3.84055874e-02
-5.81176204e-03,5.70759492e-02,-1.17379511e-02,1.38702172e-02,-7.47388828e-03,-1.94150829e-02,-5.71142062e-02,-3.55631962e-02,-4.53980071e-02,3.93573109e-02,2.64228948e-02,-4.24090551e-02,-2.35035242e-02
-1.76706242e-02,5.65592640e-02,-2.66627852e-02,2.33057965e-02,8.08161448e-03,5.07000518e-03,-3.09697324e-02,-1.65816623e-02,-2.18481228e-02,4.69368138e-02,1.92731115e-02,-1.43278916e-02,-3.53400495e-03
-4.42359252e-02,5.35381206e-02,-2.44031456e-02,2.66726858e-02,7.43643604e-03,-1.13957231e-02,-2.41714023e-02,-3.42695762e-02,-6.73733083e-03,3.03108366e-02,1.34645905e-02,-7.42257299e-03,-2.70188483e-03
-2.81234328e-02,5.72633808e-02,2.92452544e-03,5.09406232e-02,2.34459824e-02,-1.49491302e-02,-6.80313018e-03,-1.84264685e-02,9.01445629e-03,3.83190908e-02,4.14689267e-03,1.19796140e-02,-1.07379997e-02
-2.57808052e-03,4.52498488e-02,1.52460234e-02,5.62293477e-02,5.56256889e-02,4.12624341e-03,-9.61587183e-03,-3.20471535e-02,2.18820768e-02,2.86398499e-02,-1.94505432e-03,2.25539119e-02,-1.95386877e-02
-1.64558558e-03,3.01626158e-02,3.97341430e-03,3.47790053e-02,5.43598211e-02,3.11182855e-03,-2.60324704e-02,-3.74416695e-02,1.88366651e-02,5.32125707e-03,-2.36526292e-02,1.23727262e-02,-2.45117112e-02
1.08301585e-02,1.01572598e-02,-5.15663196e-03,3.43565448e-02,6.88459092e-02,-3.62313037e-03,3.81658049e-04,-9.86845018e-03,5.36607342e-02,2.65101375e-02,-2.98815135e-02,4.58920640e-04,-1.88967978e-02
-2.70042563e-03,-2.73974022e-02,-1.12395106e-02,2.40774505e-02,6.05661785e-02,4.08842163e-02,4.00141628e-02,-8.60828825e-03,7.50485127e-02,8.41964336e-02,-2.26402460e-02,-2.70225937e-02,-2.79459658e-02
-3.89131098e-02,-3.49805057e-02,-1.32714864e-02,1.19574717e-02,6.69765055e-02,6.03436603e-02,3.43603650e-02,-4.14229824e-02,6.58070051e-02,1.25907241e-01,2.49027436e-03,-2.31380767e-02,-3.51361839e-02
-7.09856270e-02,-3.24137962e-02,2.67539977e-02,1.52808006e-02,4.05225855e-02,5.55787210e-02,2.89274714e-02,-2.08117560e-02,5.61234908e-02,1.41440833e-01,1.75530083e-02,-3.43201186e-02,-8.16426918e-03
-7.26300140e-02,-2.06100041e-02,3.50190536e-02,2.81423853e-03,1.72573417e-02,5.86814641e-02,4.01256156e-02,-1.05906338e-02,3.25968360e-02,1.47347120e-01,2.65433048e-02,-9.11792525e-03,3.53856719e-02
-9.66178612e-02,-2.93299236e-02,2.00093944e-02,-3.33481209e-02,-1.78957219e-02,3.38732636e-02,2.67119626e-02,-1.87662107e-02,1.11336827e-02,1.24830547e-01,3.77478343e-02,6.33056075e-03,4.35303155e-02
-9.28893190e-02,-7.80918101e-03,3.93694124e-02,-1.81713926e-02,-5.43470323e-02,1.89105596e-03,2.22411758e-02,-1.73954648e-02,-1.01528732e-02,1.18621058e-01,6.41794507e-02,3.84825214e-02,5.13819377e-02
-3.67137919e-02,1.48231652e-02,2.94187716e-02,-1.03236064e-02,-6.76373675e-02,-1.63854827e-02,-8.66682949e-03,-3.27219997e-02,-3.48155733e-02,7.49630325e-02,6.17666361e-02,6.93788887e-02,4.46778009e-02
1.34969813e-02,4.26582323e-02,6.22375847e-04,-5.21601971e-02,-7.26785581e-02,-3.81643208e-02,-5.69225801e-02,-4.42870489e-02,-7.00256110e-02,2.33432436e-02,4.35443741e-02,8.44571276e-02,2.35062048e-02
9.56618469e-02,6.53365159e-02,-2.20961604e-02,-4.73301658e-02,-2.47530000e-02,-4.37905669e-02,-7.38423020e-02,-3.34309979e-02,-5.48524549e-02,-1.22528638e-02,3.37159359e-02,9.58029905e-02,1.39626156e-02
1.03247146e-01,4.55462913e-02,-2.44557215e-02,-5.31001368e-02,-1.94620840e-02,-3.08263530e-02,-5.87379192e-02,-1.24986445e-02,-4.27875738e-02,-1.77795404e-03,1.52262029e-02,7.31493059e-02,3.77392699e-03
6.67704613e-02,-3.25517155e-04,-3.63126180e-02,-4.35110056e-02,1.46636155e-02,-1.67976179e-02,-6.86064442e-02,-1.14190991e-02,-3.02837077e-02,2.30935671e-02,1.62849355e-02,5.40896499e-02,-3.07084522e-03
4.01021967e-02,-4.55118474e-02,-4.50880151e-02,-4.18575927e-02,6.56436476e-03,-5.26834610e-03,-2.98403611e-02,1.10532052e-02,-7.67553948e-03,1.35264016e-02,1.79541710e-02,3.83031530e-02,9.35567089e-03
4.74395391e-02,-5.19858074e-02,-1.52785921e-02,-1.02513043e-02,1.34567075e-02,-1.23675294e-02,-1.83945532e-02,1.15724275e-02,8.24734721e-03,-3.63183886e-03,2.17121500e-02,1.33283088e-02,1.67257815e-02
3.11268632e-02,-6.90011218e-02,-3.02518392e-02,-2.29978321e-02,-1.58780929e-03,-3.37604656e-03,1.37209697e-02,1.53042027e-02,3.95473804e-02,-5.05942016e-02,1.70169679e-02,-9.17884823e-03,1.73585470e-02
3.89495922e-03,-8.48968901e-02,-3.21155417e-02,-2.47552808e-02,-1.95928511e-02,-1.00642124e-02,2.69711063e-03,-4.72165100e-03,3.56682236e-02,-7.89713923e-02,2.57244270e-02,-3.26441045e-02,3.46096487e-02
2.32166562e-02,-3.45209337e-02,4.16723156e-03,-4.13805394e-03,-4.00145176e-02,-2.42566743e-02,1.23367070e-03,-2.68686014e-02,4.51372628e-02,-1.10362428e-01,3.63779118e-02,-4.70231348e-02,4.68669303e-02
1.13371084e-02,-7.69945988e-03,-1.99795339e-02,-3.52290032e-02,-1.75342246e-02,-3.88174823e-02,7.09837969e-03,-4.81964927e-02,4.71733341e-02,-1.00032847e-01,1.72150346e-02,-6.28874143e-02,6.00849823e-02
1.92965318e-02,4.32015754e-02,-3.63777459e-02,-4.51756945e-02,9.18460912e-03,-3.36922678e-02,2.79850876e-03,-6.82524705e-02,4.88329080e-02,-9.59576198e-02,-2.66417892e-03,-6.09271451e-02,4.84215700e-02
8.38551412e-03,8.89545350e-02,-1.79332890e-03,-1.88006295e-02,4.17521871e-02,-3.75226579e-02,-3.40834779e-02,-8.06532112e-02,2.70256238e-02,-4.87730985e-02,1.14875291e-02,-3.38019200e-02,4.90971966e-02
-4.82378190e-02,4.60899869e-02,-4.12047375e-02,-2.15240866e-02,5.80302815e-02,-3.39008714e-02,-4.11825638e-02,-5.24664770e-02,-3.16249171e-03,-7.15418557e-03,-9.26244211e-03,-3.50198892e-02,2.56289558e-02
-7.69289994e-02,1.54808713e-02,-7.23916574e-02,-1.92874911e-02,5.45244685e-02,-2.16475900e-02,-7.87621601e-03,-2.56260676e-02,-9.13863459e-03,3.63277984e-02,2.09543278e-02,5.71720038e-03,3.44371597e-03
-5.66685854e-02,4.05099683e-02,-3.73933784e-02,1.51433323e-02,4.54251547e-02,-4.47440881e-02,-5.13916957e-03,9.14447427e-03,-1.73204118e-02,4.22746581e-02,4.46625203e-03,2.17147761e-02,-6.85502098e-03
-3.90634298e-02,2.85560520e-02,-5.23996039e-02,3.34182700e-02,2.71174913e-02,-1.58212473e-02,3.73592346e-02,4.09869871e-02,-1.54546841e-04,4.26664467e-02,6.92152350e-04,3.81706425e-02,-2.94295472e-02
-2.51143457e-02,-2.36523723e-02,-5.34240604e-02,4.44340745e-02,-6.97748375e-03,-4.69110914e-03,8.71187930e-03,5.96202629e-02,-2.09513986e-02,2.15499332e-02,-1.16574645e-02,9.07086581e-03,-3.00759241e-02
1.71985448e-02,1.05037919e-02,6.72845400e-03,7.58519312e-02,-4.82836801e-02,-2.68827960e-02,-1.10013667e-02,4.90775972e-02,-1.62466771e-02,-1.11777889e-02,-7.04017011e-03,-1.46371473e-02,-5.24077076e-02
3.76007473e-02,-6.28548742e-03,2.00585897e-02,7.07398582e-02,-5.32324301e-02,-7.69213120e-03,1.61152110e-02,5.61503867e-02,7.22010279e-03,-6.01365260e-03,-2.53548780e-02,-4.52202006e-02,-3.29949768e-02
5.43375650e-02,-1.20349930e-02,2.80868952e-02,4.32761744e-02,-7.11673143e-02,2.61951513e-02,5.01631315e-02,6.48723214e-02,2.30427570e-02,-1.58141745e-02,-4.65536090e-02,-5.38541094e-02,-3.48545508e-02
3.78576531e-02,-4.48786947e-03,1.05364607e-01,4.83664981e-02,-6.27431754e-02,1.92915320e-02,2.30599331e-02,3.59114117e-02,2.81646698e-02,1.57029986e-02,-3.98789540e-02,-2.22343081e-02,-1.73506703e-02
-1.83292435e-02,-6.57581264e-02,9.90679159e-02,-1.40033951e-03,-5.48543544e-02,1.95580933e-02,7.16774438e-03,-1.37120777e-03,1.89027681e-02,6.71369249e-02,-2.69680977e-02,-2.16615950e-02,-1.50993305e-02
-4.51058573e-02,-8.91827065e-02,1.04015578e-01,-5.16867898e-03,-1.24585585e-02,3.95574298e-02,1.40075073e-02,-1.56369252e-02,2.58617205e-02,1.12595915e-01,4.33614561e-02,4.69531583e-03,-2.98174668e-02
-5.48574629e-02,-6.55701412e-02,1.33288220e-01,-1.43921863e-02,2.27256593e-02,4.04994750e-02,2.72861284e-02,-2.81758191e-02,2.98445471e-02,1.24694157e-01,6.81721072e-02,2.24990523e-02,-2.02590689e-02
-8.85707924e-02,-6.91846226e-02,9.13400550e-02,-5.36923255e-02,5.10830836e-02,7.77527485e-02,4.82982626e-02,-7.43426854e-02,1.62855208e-02,1.10502047e-01,5.71726219e-02,1.22610321e-02,-3.00937208e-02
-9.90350066e-02,-7.58938849e-02,5.45068465e-02,-7.17513758e-02,5.04310981e-02,8.42930780e-02,3.46819308e-02,-7.96722687e-02,1.87580755e-02,1.23967139e-01,7.27236332e-02,1.56113652e-03,-2.51774565e-02
-7.05693050e-02,-2.14117652e-02,4.13443857e-02,-6.47249452e-02,2.95419652e-02,4.37016831e-02,2.62337638e-02,-9.77755412e-02,1.97878594e-02,1.16915133e-01,8.37182947e-02,-3.04516185e-03,-4.43844374e-02
-3.31750360e-02,-9.18672200e-04,8.57050119e-03,-4.49080691e-02,9.07198062e-03,1.73524903e-02,1.10008050e-02,-9.86949869e-02,5.04891613e-03,7.12507747e-02,6.53593319e-02,-7.77618817e-03,-4.06208312e-02
-1.53181523e-02,-1.36894376e-02,-4.19111360e-02,-3.67726111e-02,-1.92030667e-02,1.21898131e-02,2.31455560e-02,-6.57970102e-02,-2.60358321e-03,1.80540628e-02,4.64727686e-02,-1.41687983e-03,-3.93435450e-02
3.14337558e-03,-6.02274990e-03,-4.33344313e-02,1.40699639e-02,-2.51891256e-02,-1.56170268e-02,3.57045103e-02,-1.51624119e-02,1.49496186e-02,-1.72966065e-03,-6.94071083e-04,-1.01785281e-03,-3.45843587e-02
-8.12477194e-03,-2.54774904e-02,-7.59208799e-02,5.23540236e-03,-5.58265861e-02,-5.47315320e-02,2.52619811e-02,2.93558424e-03,1.90799029e-02,8.96621883e-04,-3.57637280e-02,-1.01812491e-02,-1.36972966e-02
2.29704061e-03,-3.32330185e-02,-9.93175363e-02,1.34904113e-02,-4.42101754e-02,-5.12327433e-02,2.54234236e-03,2.76035483e-02,9.76441998e-03,4.99703654e-03,-2.18226665e-02,1.31499193e-02,2.37461361e-02
8.11486146e-03,-1.73482159e-02,-6.48813669e-02,3.94681161e-02,-2.51440355e-02,-4.30868761e-02,-7.38862040e-03,6.97791624e-02,5.44380525e-02,3.06563006e-02,-2.62738260e-03,1.13969533e-02,3.02888017e-02
-2.60276306e-02,-2.61308454e-02,-7.16433290e-02,-1.33862813e-02,-2.20454458e-02,-2.61200193e-02,-4.73202273e-02,1.60129075e-02,2.96546903e-02,-6.66423576e-03,-2.90498937e-02,-2.12479245e-02,4.42840628e-02
-4.73886782e-02,-2.61757616e-02,-7.87958343e-02,-3.66487138e-02,1.22534702e-02,1.94782190e-02,-4.02787984e-02,2.84457488e-02,6.52463909e-02,6.64266866e-03,-1.86418014e-02,-3.34342828e-02,4.74185513e-02
-2.53410931e-02,2.24048747e-02,-5.20055654e-02,-5.81213001e-02,-2.75361347e-03,1.02595177e-02,-6.41045634e-02,3.55216390e-03,5.24228903e-02,1.76929789e-03,6.14460781e-03,-4.17250506e-02,3.54070077e-02
7.90982102e-03,3.90743028e-02,-3.65178004e-02,-4.97508434e-02,1.10060841e-02,3.15704072e-02,-6.42848888e-02,4.85935624e-03,5.69193551e-02,-7.89567764e-03,1.94028833e-02,-3.99563018e-02,2.52100505e-02
2.02134777e-02,4.11187405e-02,1.95677765e-03,-5.98474243e-02,-9.44698755e-03,2.31016505e-02,-8.92771911e-02,-1.14493876e-02,2.33306913e-02,-3.61684792e-02,5.10177096e-02,-1.85746845e-02,2.24095522e-02
2.49851994e-02,2.27118563e-02,1.71715428e-02,-2.66121867e-02,-1.68573799e-03,2.85496422e-02,-4.38780541e-02,2.69284789e-02,1.97356014e-02,-5.58457523e-02,3.74635975e-02,-2.30617022e-02,1.52295628e-02
4.32706158e-02,1.17562434e-02,2.98026786e-02,-5.50458190e-03,-2.11924826e-02,-1.36522815e-03,-2.71033493e-02,4.42724934e-02,-1.05691446e-02,-8.69137321e-02,2.72133464e-02,-3.90996939e-02,5.92571264e-04
4.31525865e-02,-1.51300034e-02,2.91366381e-02,-1.70291889e-03,-2.35788188e-02,-1.47473534e-02,-1.66572251e-02,7.31601720e-02,-2.34228827e-02,-9.84660568e-02,2.72437379e-03,-4.60405158e-02,5.39204740e-03
5.34696793e-02,2.93300161e-03,5.12593716e-02,2.37137025e-02,-1.05114838e-02,-4.42957991e-02,-1.39480918e-03,8.58264807e-02,-1.27804868e-02,-5.76681952e-02,1.96234956e-02,-2.72408853e-02,1.70272791e-02
3.17092119e-02,-2.05035383e-02,4.85902753e-02,-6.15860406e-03,-1.12572609e-02,-9.48428496e-02,-3.48051297e-02,3.16516802e-02,-4.20104599e-02,-5.46427033e-02,9.49821792e-03,-3.81770790e-02,-3.07162924e-03
8.87784506e-03,-2.31719404e-02,1.81811750e-02,-3.83239013e-03,4.35291556e-02,-6.53701941e-02,2.60966798e-02,4.82233291e-02,-2.82184799e-02,-2.81482788e-02,1.66475316e-02,-2.28077242e-02,-1.43409814e-02
-1.15690461e-03,-2.05338600e-02,1.41446765e-02,1.50611019e-02,5.46703430e-02,-4.78701661e-02,1.45588692e-02,-2.06194707e-02,-4.43919815e-02,-2.68647683e-02,-2.13542802e-03,-6.57309161e-03,-3.61687197e-02
1.64757752e-02,-1.66786500e-02,5.85295719e-03,2.86848269e-02,5.19550210e-02,-1.48933940e-02,3.88011194e-02,-4.77722389e-02,-1.37260366e-02,2.46794566e-02,-6.17234112e-03,3.49118139e-02,-4.19809602e-02
2.01540929e-02,5.28994814e-02,-3.14263701e-03,4.90015715e-02,4.05397955e-02,4.38484385e-02,5.25909663e-02,-7.32961503e-02,-2.63093701e-03,4.65830920e-02,-7.56522492e-03,5.17566892e-02,-9.48663930e-02
-1.48967532e-02,8.88817725e-02,-2.40131151e-02,4.39757129e-02,1.60209784e-02,8.17654744e-02,9.18162933e-02,-6.65931424e-02,2.69615327e-02,7.68809695e-02,-1.03191546e-01,3.87250193e-02,-7.55736584e-02
8.63463449e-03,1.10760741e-01,-4.99637755e-02,6.00946604e-02,8.51517818e-03,1.16567327e-01,7.39372063e-02,-8.45101172e-02,4.63497302e-02,9.02526142e-02,-1.26962830e-01,2.79913072e-02,-7.12474023e-02
-5.31154232e-02,6.24861869e-02,-5.48190225e-02,5.79136870e-02,8.22983258e-03,1.60834676e-01,9.65970882e-02,-4.38575845e-02,9.21392117e-02,8.77887435e-02,-1.85670030e-01,-7.50157102e-03,-1.03561826e-01
-4.96296153e-02,7.40986723e-02,-5.80074195e-02,3.66419729e-02,-6.28997176e-03,1.38960319e-01,6.13155855e-02,-4.17608425e-02,8.90043463e-02,1.04457213e-01,-1.56142403e-01,1.18060473e-02,-5.44042421e-02
-5.81266884e-02,3.21381984e-02,-3.55577918e-02,8.82807900e-03,-2.65965592e-02,8.13434583e-02,1.47927212e-02,-3.39891540e-02,9.24881211e-02,1.12909358e-01,-1.29503241e-01,3.98522769e-04,-5.36817734e-02
-9.03760828e-02,1.41469709e-02,-3.70736859e-02,-3.10755519e-03,1.91424163e-02,7.08931927e-02,1.65095362e-02,2.18455714e-02,8.47291487e-02,1.02413854e-01,-8.93530690e-02,-9.98615906e-03,-3.15771900e-02
-8.63035138e-02,-2.32770430e-02,-2.52024761e-02,-1.30491851e-02,2.98647582e-02,3.83483170e-02,-1.60877834e-02,3.47169555e-03,7.14747832e-02,7.64222258e-02,-5.61301475e-02,-4.88974008e-03,-1.33293626e-02
-6.71886424e-02,-3.34573881e-02,-5.81766850e-04,-2.91877053e-02,-7.88109652e-03,-2.89646495e-02,-5.29094531e-02,-3.90123597e-03,5.79160869e-02,5.72833794e-02,-1.77565413e-02,2.74812627e-03,1.77592659e-02
-4.75575765e-02,1.22256487e-02,2.83510172e-02,-9.66186692e-03,-1.37317446e-02,-3.03078913e-02,-4.30654952e-02,3.15862406e-02,3.46901240e-02,2.54170818e-02,2.73412261e-02,-1.22325898e-02,-1.61681257e-02
-3.96117817e-02,2.88974600e-02,4.51043999e-02,-1.79641662e-02,-4.76699266e-02,-7.61210567e-02,-3.61221426e-02,4.34027756e-02,5.04389678e-02,3.68636415e-02,-4.18063576e-03,-2.66461188e-02,7.32638296e-03
1.90057390e-02,4.92701560e-02,1.10675431e-02,-2.56370886e-02,-6.32908408e-02,-8.87294027e-02,-4.89722476e-02,7.28740818e-03,2.03378712e-02,1.78812272e-02,1.20981776e-02,-4.49122982e-02,1.50329286e-02
-3.65140435e-02,-2.81522346e-03,-3.85266050e-02,-4.68132746e-02,-4.62016290e-02,-2.74353817e-02,1.26850449e-02,-4.58983379e-03,3.40481075e-02,4.45537146e-02,-3.35183084e-03,-6.50801223e-02,8.37797287e-03
-2.82459006e-02,3.10842703e-03,-6.45111113e-02,-6.55806171e-02,-3.78917046e-02,-2.52109798e-02,7.14038567e-03,-3.81444181e-02,-1.15685234e-02,3.23901854e-02,1.62713400e-02,-7.65724577e-02,2.15023402e-02
9.64982779e-03,-2.41864238e-02,-7.34999686e-02,-6.95989168e-02,-5.75609534e-02,-3.97952987e-02,-1.02899796e-02,-4.04016816e-02,-1.94405452e-02,2.65483764e-02,2.95573325e-02,-5.31220003e-02,6.22018363e-03
5.26398717e-04,-5.11080802e-02,-8.25725462e-02,-3.04668847e-02,-9.69304394e-03,1.70523607e-02,1.78091690e-02,-3.03819801e-02,-2.51182544e-02,4.62099848e-03,4.13213184e-02,-4.98233460e-02,5.92828647e-03
4.15899767e-02,-5.30486972e-02,-7.74019610e-02,1.47248585e-03,7.92528636e-03,1.45482562e-02,1.73748526e-02,-3.08805775e-02,-3.55562026e-02,-8.89406730e-03,5.94523485e-02,-1.08225256e-02,7.17830770e-03
4.21831982e-02,-5.21452001e-02,-5.51193142e-02,3.55618632e-02,7.80418332e-03,2.15916752e-02,1.32105581e-02,-3.86552486e-02,-3.64516706e-02,-5.04386234e-02,3.65652995e-02,-3.87260533e-02,-6.67366335e-03
3.59230193e-02,-1.86392396e-02,1.02662638e-02,7.14278678e-02,2.53055026e-02,4.71378292e-02,1.42495285e-02,-3.80037441e-03,-3.92890426e-02,-7.72193823e-02,-5.30344402e-03,-7.18038965e-02,-2.90337661e-02
4.72547715e-02,-5.02690273e-03,5.10624601e-02,7.41556022e-02,-2.49449450e-03,3.70598790e-02,-7.31310949e-03,-1.75757604e-03,-3.09585782e-02,-7.27985447e-02,-2.01134610e-02,-5.65637204e-02,-3.48147154e-02
7.07128322e-02,5.92722208e-03,6.56008185e-02,6.65012217e-02,-1.63101700e-02,1.92803111e-02,-2.61326747e-02,-1.17531452e-02,-6.34169988e-02,-8.73237715e-02,-1.89699374e-02,-3.33820336e-02,-1.97925389e-02
6.75861562e-02,5.60760999e-03,2.62690251e-02,3.28813543e-02,-2.13773677e-02,5.63022559e-02,1.94325167e-02,-1.20274788e-02,-4.18453059e-02,-2.69094776e-02,-1.58853980e-02,-1.09069316e-02,-4.95133958e-03
2.78560005e-02,1.47587094e-03,3.39952935e-04,1.37259666e-02,-1.63429506e-02,3.74090977e-02,2.95504777e-02,-2.60048146e-02,-7.74273614e-02,-1.10873295e-02,-1.81046410e-02,4.31117417e-03,1.38441035e-02
2.03333978e-02,7.98856166e-03,1.07909850e-02,3.48630853e-02,-1.48895606e-02,8.64736274e-03,2.10772927e-02,-4.94551802e-03,-4.93083586e-02,1.65879967e-02,-2.66454699e-02,1.91682195e-02,-1.26421207e-02
1.66821655e-02,-1.20705955e-02,-1.65148336e-02,3.37105570e-02,1.77245809e-02,-2.60758883e-04,3.62144867e-02,-1.43501329e-03,-4.04132985e-02,3.71635272e-02,-1.86274663e-02,3.18757681e-02,-2.45765550e-02
3.46984263e-02,-9.48666885e-03,-2.97473552e-02,4.99133461e-02,3.80862123e-02,-2.08436109e-02,2.84152722e-02,3.75784811e-02,-1.09879201e-02,5.78187283e-02,-2.47876234e-03,4.81381014e-02,-1.42079700e-02
1.74785272e-02,-4.77544529e-05,5.11372744e-03,6.93731734e-02,3.88743448e-02,-5.42677770e-02,9.68431891e-03,5.89081377e-02,3.33152571e-02,4.02086806e-02,-1.37702163e-02,1.16816549e-02,3.02893794e-03
-1.75611388e-02,1.16816505e-02,1.65382272e-02,2.61504230e-02,5.80695517e-02,-3.22474142e-02,1.05479230e-02,9.04774263e-02,5.17236042e-02,1.52767542e-03,-6.28418996e-02,-1.05438869e-03,-7.18012897e-03
-3.72567163e-03,1.38337182e-02,4.75146235e-02,1.77973705e-05,7.89655781e-02,-2.93187780e-02,4.25090854e-03,1.28859113e-01,5.78703607e-02,1.92460706e-03,-8.39778498e-02,-2.13530319e-02,-3.75958086e-02
-3.34403461e-02,-2.18411235e-03,4.79438156e-02,-1.50560014e-02,7.86198869e-02,-2.54647063e-02,-1.56034080e-02,1.37354608e-01,3.44622489e-02,2.08804303e-02,-3.51110483e-02,-2.79915873e-02,-4.24401431e-02
1.93168782e-02,2.69745022e-03,1.96899220e-02,-2.11586495e-02,7.05564713e-02,-2.85166581e-02,-1.27403253e-02,1.54712651e-01,4.34082124e-02,2.95131088e-02,-1.57875926e-02,-4.14372972e-02,-5.21477949e-02
-9.70528834e-03,4.33595363e-03,-1.70748534e-02,-4.88711456e-02,4.54125023e-02,-3.64831128e-02,-1.19158328e-02,1.45134559e-01,1.18869988e-02,4.94838001e-03,-7.05959401e-03,-4.63642187e-02,-4.14689396e-02
-2.89862058e-02,-8.04944590e-03,-3.50141580e-02,-1.44148515e-02,2.23756266e-02,-4.42962956e-02,-3.57440060e-03,1.25687127e-01,3.34599467e-02,5.66486683e-03,8.20893655e-03,-3.91381957e-02,-5.39476453e-02
-6.92158621e-02,-3.24638377e-02,-6.08153920e-02,-1.69327465e-03,2.54357083e-02,-3.00594859e-02,-5.52771698e-04,5.75731576e-02,1.03272469e-02,1.17310059e-02,3.64559063e-02,-2.76881842e-02,-8.60744719e-02
-6.69820798e-02,-4.81434583e-02,-6.58039858e-02,1.29619546e-02,1.03869243e-02,-2.04974636e-02,-1.55190789e-02,3.23480923e-02,3.85101770e-02,1.29969228e-02,5.38247229e-02,-2.60988622e-02,-1.10159717e-01
-3.88256213e-02,-6.13587030e-02,-1.91029567e-02,4.52066148e-02,-2.51062690e-02,-3.75069569e-02,-5.07881993e-02,-2.64995102e-02,4.67870954e-02,8.16102245e-03,4.70939454e-02,-7.77656601e-03,-7.20863783e-02
-9.14322952e-02,-8.17037835e-02,-1.04820165e-02,1.66477458e-02,-2.59167301e-02,3.21243278e-02,1.37393622e-03,-4.17286050e-02,6.45366741e-02,-1.51964551e-02,1.36151519e-02,2.16170988e-02,-5.37056725e-02
-8.13131694e-02,-1.12714643e-01,2.47382968e-03,-3.25108663e-03,-2.24263703e-02,5.05684808e-02,9.69811917e-03,-1.23394464e-02,9.14728526e-02,2.13386488e-03,-1.25721396e-02,5.44397133e-02,-3.56914550e-02
-1.00796917e-01,-1.13062877e-01,1.25195603e-02,-1.62130050e-02,-4.13920625e-02,6.19508606e-02,8.68573750e-03,-2.68846226e-02,3.28096471e-02,1.66587023e-03,9.10287095e-03,7.35909749e-02,-2.30536683e-02
-5.43011108e-03,-7.22316505e-02,3.10531055e-02,6.51591897e-03,-4.83751677e-02,3.29596486e-02,-1.40033273e-02,-1.54903506e-02,1.71233666e-02,6.30267256e-03,5.93422704e-03,6.17737264e-02,-1.79948628e-02
2.51434754e-02,-1.90308565e-02,4.13351557e-02,-1.64341581e-02,-5.90631546e-02,5.96161412e-02,8.26170880e-03,-1.00981517e-02,-9.19735611e-03,9.88133368e-03,4.75433587e-03,4.53181027e-02,1.69216113e-02
8.80922213e-02,2.42421070e-03,-5.30559416e-04,-2.47377397e-02,-8.06071153e-02,3.78949374e-02,3.82132966e-03,-2.32787578e-02,-6.78683802e-03,1.22688597e-03,-1.36719071e-02,3.66066104e-02,3.12530840e-02
4.08471819e-02,-2.72469896e-03,-3.62814696e-02,-3.87368036e-02,-7.07409770e-02,4.59206243e-02,1.51121132e-02,-6.15352205e-02,-2.41498798e-02,-3.03407838e-04,-6.61220357e-03,2.14509796e-02,1.87632870e-02
4.17995050e-02,2.86951061e-02,-2.63892284e-02,-4.09524105e-02,-7.65629277e-02,3.00940166e-02,4.26402993e-03,-5.15928572e-02,-3.91397941e-03,-3.00924203e-03,-6.07123901e-03,-9.13671745e-03,1.65272174e-02
8.82303206e-02,1.80026896e-02,-1.73433566e-02,-3.77081361e-02,-7.08411747e-02,1.60279371e-02,-2.01566132e-02,-6.71669316e-02,-1.43274327e-02,-9.57921492e-03,-1.07025529e-02,-1.18512712e-03,3.31429162e-02
7.05710750e-02,-6.59357034e-03,-1.07619695e-02,-3.33585071e-02,-6.46220734e-02,4.80157547e-02,1.06171684e-02,-3.56674391e-02,2.72665472e-03,-4.38847571e-03,-1.31802624e-02,-2.77636805e-02,2.79941042e-02
-8.43257533e-03,-5.32957300e-02,-5.20634629e-03,-2.45422559e-02,-8.34916224e-02,4.68406626e-02,2.65690967e-02,4.06640275e-02,7.38093667e-02,3.77160517e-02,-7.07320918e-03,-4.09213742e-02,3.93802525e-02
-4.21266375e-02,-4.75904538e-02,2.30431771e-02,-7.07039542e-03,-7.26462377e-02,4.97077515e-02,-2.13950813e-03,4.01100362e-02,4.76060421e-02,-2.60356247e-03,-8.02228434e-03,-4.12594388e-02,3.98591913e-02
-6.41303957e-03,-3.86874797e-02,3.04982298e-04,3.13411159e-03,-7.20874231e-02,2.27819368e-03,-7.12539172e-02,4.28672263e-02,2.78313778e-02,-2.91339007e-02,1.03438351e-02,-3.67823893e-02,3.36621001e-02
-4.29121288e-03,6.22754910e-03,-1.07528756e-02,-2.66611119e-03,-5.41186271e-02,2.14526404e-02,-3.63500461e-02,2.80891466e-02,-2.89936963e-03,-3.64600450e-02,3.71656668e-02,-2.26387847e-02,3.67713139e-02
4.47432503e-02,3.94420418e-02,-4.66673160e-02,1.81082924e-03,-3.14373468e-02,-1.22911507e-02,-3.22889495e-02,2.37776159e-02,-1.43700312e-03,-3.38337595e-02,4.20488656e-02,-4.05671319e-03,1.28851156e-02
1.72990159e-02,1.63355974e-02,-8.08390042e-02,-8.85287498e-03,1.64017010e-02,-2.62479361e-02,-2.10938429e-02,-2.07844708e-02,-6.33365084e-02,-5.60166248e-02,4.55605918e-02,1.94031573e-02,-1.61558526e-02
2.97214310e-02,8.72879756e-03,-6.37145183e-02,-6.03802274e-03,5.65379848e-02,-3.49538747e-02,2.03302465e-02,-1.31421059e-02,-8.91304521e-02,-4.51001605e-02,2.12891511e-02,9.56980347e-03,-4.33600273e-02
4.18367697e-02,2.09560612e-03,-3.67562798e-02,-2.19514979e-02,9.46454393e-02,-4.47821211e-02,5.59791686e-02,-1.85372379e-02,-1.34246035e-01,-5.17283256e-02,-3.41854715e-03,1.67534421e-02,-3.96782474e-02
3.88664434e-02,9.20022960e-04,5.58442552e-02,-5.85498206e-03,1.16731615e-01,-2.24157592e-02,5.15647216e-02,-2.78179545e-02,-1.70235617e-01,-4.26584405e-02,1.43248121e-02,3.89349420e-02,-5.83787519e-03
-3.67544736e-02,-1.44954702e-02,1.16535617e-01,1.77653201e-02,9.70233478e-02,-2.61026924e-02,8.46906324e-02,-2.27685349e-02,-1.18816617e-01,5.30738949e-03,1.64616668e-02,4.17222621e-02,2.87995102e-02
-4.21320132e-02,-5.29185054e-03,1.67876694e-01,3.52151725e-02,1.14004765e-01,2.87038201e-02,1.04580274e-01,-9.23102406e-03,-6.25378646e-02,2.38289341e-02,6.75627079e-03,4.50241863e-02,3.30449322e-02
-3.74673442e-02,-3.34829864e-02,1.34485219e-01,2.79332490e-02,7.55403509e-02,2.63156441e-02,4.58444227e-02,-1.30482982e-02,-1.61860754e-02,3.35171475e-02,1.61965742e-02,6.32744923e-02,4.87160641e-02
-1.46582104e-02,-1.67205663e-02,1.12443825e-01,1.34041409e-02,3.60305072e-02,3.43962386e-02,2.82923760e-02,-3.56003919e-02,9.56469388e-03,3.76512362e-02,5.46856035e-03,4.39110498e-02,3.04778180e-02
-2.54437449e-02,3.15272072e-03,7.06260094e-02,1.44435045e-02,1.05763810e-02,1.71235107e-02,4.95857287e-03,-3.73632260e-02,7.48497783e-02,5.95872194e-02,4.76814752e-03,4.02573239e-02,2.16982215e-02
-2.29204069e-02,-8.62677570e-04,1.96392386e-02,-2.18929317e-05,1.53072730e-02,1.07825267e-02,-2.44162583e-02,-3.60919501e-02,9.59559991e-02,6.79744571e-02,9.08720330e-03,2.73333789e-02,9.30593389e-05
-2.04964183e-02,-3.79016245e-02,-2.69544640e-02,-1.37844646e-03,2.87616181e-02,2.10603717e-02,-1.76423544e-02,-1.29916452e-02,9.74222706e-02,5.17360612e-02,-4.28430950e-02,-8.77950612e-03,-2.83668341e-02
-2.76528472e-02,-4.01963388e-02,-7.32511358e-02,-5.62100516e-02,-3.04225234e-02,-7.29573263e-02,-5.91002214e-02,-1.83637494e-02,7.96957661e-02,3.44030836e-02,-8.89794391e-02,-5.60984885e-02,-6.29462040e-02
-2.89164531e-02,-2.94240156e-02,-6.06222011e-03,-2.96951423e-02,2.15594305e-02,-4.45574248e-02,-5.50670214e-02,-8.49430010e-03,3.99482985e-02,1.79112359e-02,-7.20686111e-02,-5.29554431e-02,-3.20898382e-02
-4.68847675e-02,-1.49640757e-02,1.04219858e-02,-2.11072753e-02,1.62341765e-02,-4.64849751e-02,-2.68274330e-02,-1.03180352e-02,2.76967676e-02,7.89412058e-03,-3.82366134e-02,-3.03108256e-02,7.77937832e-03
-3.62858513e-02,-1.43937839e-02,2.69080432e-02,-3.76463036e-02,2.80317986e-02,-4.17992807e-02,1.92845078e-02,1.77298433e-02,5.55533005e-02,2.56393299e-02,-7.15589851e-03,-2.80803894e-02,2.98313905e-02
-8.39221411e-03,-7.65655551e-03,6.48965505e-03,-3.48871106e-02,6.50693856e-03,-5.65238497e-02,3.35719528e-02,-4.08164976e-04,4.73806340e-02,2.81440749e-02,2.08909206e-02,-5.37897232e-03,5.22521799e-02
6.92269881e-02,8.16718837e-03,2.04895693e-02,-6.47736075e-03,-1.61048425e-03,-6.52019162e-02,1.67588641e-02,-1.28524744e-02,2.49022686e-02,4.37597225e-02,3.97661790e-02,3.38468139e-04,4.79015987e-02
9.82846033e-02,1.56663574e-02,1.08761795e-02,2.39328555e-02,-3.85307071e-03,-4.88373188e-02,-3.06259257e-03,-4.85653858e-02,-5.29523734e-03,1.65591786e-02,2.59313361e-02,-2.82128160e-03,7.29704288e-02
9.01513630e-02,-4.52530695e-03,-2.24044402e-02,3.93788470e-02,2.27074727e-03,-1.62730179e-02,1.34309722e-02,-2.60205969e-02,1.85858904e-02,4.84616587e-02,5.32879733e-02,-2.64295912e-02,3.41001101e-02
8.25612124e-02,-4.44555222e-02,-3.66427939e-02,7.43343769e-02,3.10189589e-02,6.54841070e-02,1.45496400e-02,-1.19197027e-02,-1.46924738e-02,2.35700475e-02,4.30757358e-02,-4.54817601e-02,4.59056510e-02
3.33454233e-02,-5.39174749e-02,-8.62440644e-02,3.22936715e-02,-6.50754013e-02,-3.22186818e-03,-5.71962385e-02,-5.10456145e-02,-2.72223557e-02,1.16840048e-03,1.51372294e-02,-8.78305338e-02,-4.32154225e-03
1.52163240e-02,-5.40296904e-02,-5.60739036e-02,8.59015677e-02,-1.64870547e-02,4.57709002e-02,-8.18391825e-02,-6.74627147e-02,-7.96674965e-02,-4.91636683e-02,8.73717905e-03,-8.14313060e-02,2.67182515e-02
-3.38396177e-03,-3.82015039e-02,-3.67759997e-02,1.00109151e-01,-2.27196945e-02,7.06635528e-02,-9.58691701e-02,-4.43920595e-02,-8.57032684e-02,-5.29939831e-02,3.02241859e-02,-5.28665619e-02,2.44927603e-02
-3.88705538e-02,-4.61087592e-02,-1.03073841e-02,1.01864128e-01,1.25271297e-02,9.28425316e-02,-5.56714709e-02,-2.04356610e-02,-7.25353785e-02,-5.27525149e-02,1.14143033e-02,-4.25645294e-02,1.47645979e-02
-6.28419379e-02,-4.02532054e-02,-1.16037998e-02,7.62155334e-02,-3.85000714e-03,7.53725591e-02,-2.85237121e-02,-1.02582515e-03,-5.74894510e-02,-3.65195441e-02,2.43167371e-02,-3.59514445e-03,2.06827159e-02
-1.63678124e-02,1.10174262e-02,1.68616511e-02,5.14771762e-02,1.19828784e-02,3.84852756e-02,-2.69644575e-02,1.22105261e-02,-4.57797407e-02,-5.20127027e-03,4.01907689e-02,4.89107041e-02,2.83402998e-02
1.26381745e-02,4.34424112e-02,4.89054682e-02,2.19619077e-02,1.46592975e-02,1.74741297e-02,-2.01365822e-02,1.57429784e-03,-4.82151067e-02,-1.90759004e-02,-1.22262467e-02,6.65342077e-02,3.75514211e-02
-1.99522914e-02,7.65241029e-02,6.97853536e-02,-9.24583542e-03,4.58176279e-02,-8.20365109e-04,1.20086246e-02,2.61590675e-02,-2.96947681e-02,1.39690039e-02,-4.23053882e-02,6.05207053e-02,2.93538142e-02
-1.86282527e-02,3.63689371e-02,5.71580193e-02,-7.69125537e-02,7.34243499e-02,2.85496013e-02,5.86693574e-02,5.19531369e-02,-2.13980942e-02,5.65107263e-02,-7.33550903e-03,7.92901641e-02,5.68145867e-02
7.10540023e-05,3.74750979e-02,5.23988415e-02,-1.40260312e-01,3.14994026e-02,-6.04483952e-03,4.36524799e-02,1.80038704e-02,-3.76489529e-03,7.06736402e-02,2.48923174e-02,7.02940460e-02,3.38106842e-02
-3.89178485e-02,1.73050871e-02,6.36954404e-02,-1.29027932e-01,5.54785893e-02,-3.85278601e-03,3.61641039e-02,-2.09585276e-02,-2.95086239e-02,1.21518597e-02,2.96810166e-02,6.65115189e-02,7.90067226e-02
-3.04163057e-02,1.47878306e-02,6.79404239e-02,-1.22731976e-01,2.23132032e-02,-1.78411878e-02,2.95457893e-03,-3.52737605e-02,-3.20347475e-03,2.91774662e-02,6.96254605e-02,5.14180230e-02,7.29732275e-02
-7.09368456e-03,8.09443321e-04,5.88855204e-02,-9.73528923e-02,4.73459115e-02,-2.25948939e-04,1.48320666e-02,-5.06488381e-02,8.38885713e-03,1.27914990e-02,6.75267177e-02,5.30942278e-02,3.93884234e-02
-1.55190771e-02,-2.82197097e-02,1.49920020e-02,-7.23173203e-02,2.02018856e-02,1.03505779e-03,1.99883125e-02,-3.91169153e-02,2.97487142e-02,-5.63828090e-03,9.80186775e-02,7.29229275e-02,3.96423574e-02
4.11483464e-02,-2.20006990e-02,-2.59660770e-02,-6.60327324e-02,-3.24600716e-02,-3.18115358e-02,-6.08785660e-03,-3.30267993e-02,2.52625159e-02,-1.97583934e-02,1.16475234e-01,7.65484458e-02,3.25078185e-02
4.36453883e-02,-2.08152305e-02,-4.26859899e-02,-2.09335824e-02,-6.08380278e-02,-6.61822859e-02,-2.68011898e-02,-3.74415173e-02,2.94251244e-02,-3.64984762e-02,8.08664279e-02,6.19298987e-02,5.39443973e-03
2.48366360e-02,4.54179857e-03,-5.69574816e-02,-1.04929951e-03,-7.23316385e-02,-8.36200041e-02,-4.08412355e-02,-1.66039684e-02,2.35241933e-02,-5.49831053e-02,1.84085535e-02,3.60725603e-02,1.99480242e-02
-1.30344746e-02,-3.48309606e-02,-1.10213624e-01,-4.70952725e-02,-9.12326678e-02,-9.91935441e-02,-2.27312088e-02,1.22460836e-02,2.13701678e-02,-3.76262162e-02,-9.01259164e-03,1.94708204e-02,1.46326582e-03
5.34188121e-03,-7.83488034e-03,-7.86436539e-02,-1.72349330e-02,-7.04849082e-02,-7.85615442e-02,-4.79411250e-02,4.85155767e-03,1.08114878e-02,-3.53592701e-02,-1.09464375e-02,1.20723554e-02,-3.82307452e-04
-1.73886777e-02,4.51219894e-03,-6.05694499e-02,-3.36727990e-03,-4.63323309e-02,-6.01874616e-02,-5.66937648e-02,-6.63655704e-04,1.02423818e-03,-4.13637510e-02,-2.42262707e-02,4.74268031e-03,-8.23502501e-03
-4.25178701e-02,4.00133687e-03,-6.47394725e-02,-1.47275756e-02,-5.66591969e-02,-5.09394002e-02,-5.33521742e-02,2.99182374e-03,1.84444590e-02,-2.62741643e-02,-2.54491133e-02,-2.28235416e-02,-8.53848695e-03
-2.22234667e-02,1.72163786e-02,-4.49907208e-02,-1.73826756e-02,-2.59897708e-02,-3.89589264e-02,-6.21747123e-02,1.76450059e-02,3.85260528e-02,-1.21137872e-02,-1.63113155e-02,-2.57432609e-02,-3.33859272e-02
-2.19892345e-02,1.98353459e-02,-3.55688539e-02,-1.37514779e-02,-3.78270781e-03,-1.72617831e-02,-3.77640774e-02,3.73945431e-02,5.36234469e-02,3.75168580e-03,2.83216757e-02,1.54263628e-03,-8.63051133e-03
-1.46124738e-02,-1.18201363e-02,-3.04810480e-02,-1.73020765e-02,-1.71874169e-02,-7.58820792e-03,-3.24488500e-02,4.63099477e-02,2.26469592e-02,-2.38003185e-02,3.68623455e-02,-2.21157175e-02,-1.55313811e-02
2.03219378e-02,1.42169799e-02,3.02574175e-02,2.22344173e-02,6.46413258e-04,-2.21258110e-02,-4.17973329e-02,3.75031241e-02,1.16633156e-02,-2.03689203e-02,3.96806313e-02,-2.54604314e-02,-1.60914806e-02
4.94995240e-02,3.05428899e-02,6.57540516e-02,2.82941422e-02,-2.63606541e-03,-2.31669483e-02,-2.36032483e-02,4.33190642e-02,1.43477887e-02,-2.07219986e-02,2.82835447e-02,-2.68598631e-02,6.83765686e-03
2.53899491e-02,3.81556011e-02,1.00540093e-01,1.54021807e-02,-1.67696786e-02,-5.90620777e-02,-2.09408366e-02,3.47380175e-02,5.43098416e-03,-1.70243200e-02,1.82116799e-02,-3.99754663e-02,2.57885386e-03
6.29298048e-03,1.71240875e-02,1.06021424e-01,4.10196952e-03,1.44879958e-02,-4.75312077e-02,-1.37406981e-02,1.97258967e-02,-1.33175497e-02,-2.24906808e-02,1.38318530e-02,-4.65442787e-02,3.73580196e-02
3.47578872e-02,4.34050481e-02,1.34956185e-01,-6.40638772e-03,6.10358975e-02,-2.28707321e-02,-1.87858848e-03,-3.41236715e-03,-4.24547177e-02,-2.12282636e-02,3.38581343e-03,-2.82657860e-02,3.81966979e-02
3.54601766e-02,5.16417612e-02,1.24704495e-01,-3.57359638e-02,6.93963176e-02,-3.54359191e-02,2.75583894e-02,-2.78015797e-03,-3.17208491e-02,-1.36010543e-02,-1.30416628e-02,-3.58321760e-02,4.09456295e-02
6.09112210e-03,2.42153770e-02,5.30188980e-02,-8.45601795e-02,5.81708146e-02,-5.13584168e-02,4.06041522e-03,-3.84113839e-02,-4.25382728e-02,-9.93103753e-03,-7.97450535e-03,-2.84559694e-02,3.45758652e-02
1.09221224e-02,2.80930878e-02,2.24234282e-03,-7.78205764e-02,8.44979504e-02,-3.75026354e-02,1.10528302e-02,-3.29763549e-02,-2.90421464e-02,2.19513145e-02,1.71769393e-02,-1.28844838e-03,3.66517166e-02
-6.77760161e-03,9.95750806e-03,-3.91624102e-02,-7.45719318e-02,6.87738357e-02,-3.11481760e-02,5.20980398e-03,-1.74550554e-02,-2.41815196e-02,1.28023087e-02,1.29079675e-02,1.07448226e-03,-2.90072819e-03
-3.29843944e-03,1.57269036e-02,-4.74775618e-02,-4.20658860e-02,6.10376974e-02,6.76709205e-03,5.44681737e-03,-6.23731761e-03,2.48613228e-03,-2.30615043e-03,2.39262345e-03,1.21774734e-02,-6.00000750e-03
-2.00155687e-03,2.60294742e-02,-3.25368056e-02,-1.39037014e-02,1.66157080e-02,2.47376431e-02,-3.11725189e-03,9.59849051e-03,3.23887533e-02,-1.67854031e-02,-3.27916120e-02,5.57987368e-03,-2.88422087e-02
3.81546141e-03,5.28599476e-02,3.23794866e-02,6.13826891e-02,-1.63583363e-02,2.11390826e-02,-1.06642685e-02,2.21977181e-02,5.39480097e-02,-1.04900686e-02,-4.69433054e-02,-8.59751605e-03,-4.55027276e-02
-1.54891799e-02,2.53094146e-02,1.72617145e-02,6.39110983e-02,-4.89977558e-02,2.92537186e-02,-2.59508475e-02,2.47479959e-02,5.76220803e-02,-1.88708766e-03,-2.67779501e-02,-1.16862566e-02,-2.64828298e-02
-4.50911933e-02,3.08944094e-02,2.15769213e-02,7.65971125e-02,-4.98457295e-02,6.12418524e-02,1.63902911e-02,9.06641325e-03,-3.03422265e-03,-3.24912549e-02,-4.80862518e-02,-8.37018980e-03,-2.12214415e-02
-5.60921790e-02,5.73241601e-02,2.97704260e-02,1.11108206e-01,-2.67548339e-02,6.36317338e-02,9.29446238e-02,4.47975860e-02,-2.23627336e-02,-7.06643067e-02,-5.50452406e-02,4.03338961e-02,-2.41206076e-03
-9.01996188e-02,2.07782204e-02,-3.27170698e-02,6.42944695e-02,-5.21044429e-02,1.62131095e-02,1.10564086e-01,3.83919281e-02,-5.26926944e-02,-9.74502966e-02,-4.68854752e-02,8.87349799e-02,2.50525627e-02
-7.68173284e-02,-1.58551867e-02,-9.87308910e-02,5.80250780e-02,-1.33229498e-02,9.13550562e-03,1.32435597e-01,4.39170013e-02,-1.04642696e-01,-1.24721034e-01,-1.28449881e-02,1.41122264e-01,5.19771489e-02
-7.03757524e-02,-1.42992984e-02,-9.52740079e-02,6.90600356e-02,1.11135615e-02,-1.52022345e-02,1.26541146e-01,6.06028732e-02,-1.13957470e-01,-1.27339350e-01,2.05860999e-02,1.78931445e-01,5.13168147e-02
-8.62025971e-02,-1.65580790e-02,-9.34704602e-02,5.82864835e-02,4.89099276e-02,8.32255998e-03,1.42460380e-01,7.06807916e-02,-1.12945009e-01,-1.54397272e-01,1.50143648e-02,1.86381485e-01,6.22605398e-02
-5.11964587e-02,-4.62198597e-02,-8.08331149e-02,1.84574370e-02,3.58437122e-02,-6.04885208e-03,1.04845447e-01,6.58453906e-02,-9.53734502e-02,-1.51880637e-01,3.82500517e-03,1.80745217e-01,5.72713871e-02
8.03806642e-03,-4.48948631e-02,-3.00534786e-02,1.64637123e-02,1.59765104e-02,-3.69262389e-02,5.65787222e-02,5.49713984e-02,-7.25106498e-02,-1.11363139e-01,2.04938256e-02,1.40830203e-01,2.72396765e-02
5.32036673e-02,-6.02006601e-02,-1.42203648e-02,-7.63660348e-03,-6.71331961e-03,-6.25622722e-02,-4.16101996e-02,2.77779370e-02,-3.75838131e-02,-5.28235173e-02,3.98417618e-02,7.78413101e-02,2.66521730e-02
7.49923587e-02,-5.01808652e-02,7.60924780e-03,-1.46941048e-02,-1.11079671e-02,-3.66017929e-02,-7.48536711e-02,-1.09210944e-02,-4.57364256e-02,-1.48193607e-02,3.85176458e-02,1.17738355e-02,8.45454227e-03
5.89891675e-02,-6.48353983e-02,1.78750633e-02,-8.41334062e-03,-1.59374006e-02,-3.69024219e-02,-8.83759880e-02,7.16666296e-04,-4.00503245e-02,-3.18246628e-03,2.49786471e-02,-8.30107705e-03,5.07736884e-03
3.84891169e-02,-7.10358313e-02,1.52731719e-02,-1.30102047e-02,-4.87851247e-02,-5.80535577e-02,-8.90637091e-02,5.92120313e-03,1.27886302e-03,2.87369059e-02,1.13281189e-02,-3.35926785e-02,-1.27399744e-02
7.00184121e-02,-5.59442535e-02,6.40771700e-03,3.02132222e-04,-5.50790543e-02,-4.61506553e-02,-6.84073741e-02,-2.03857789e-03,6.61673815e-03,2.74821451e-02,2.58238254e-02,-3.22504848e-02,-1.72839325e-03
6.50048190e-02,-4.54565259e-02,1.14144929e-03,1.22517408e-02,-4.30392906e-02,-4.24713961e-02,-4.32725203e-02,-5.80970798e-03,3.15540247e-02,2.51350662e-02,3.09512591e-02,-2.42765022e-02,2.45194835e-02
5.56061617e-03,-4.93123990e-02,-1.26991036e-02,-7.02037200e-03,-3.55316892e-02,-4.22209564e-02,-1.30717764e-02,-1.17936512e-02,4.63116014e-02,8.46179113e-03,2.40930240e-02,-2.61873698e-02,3.29013339e-02
-1.30610334e-02,-7.02859594e-02,-4.43228301e-02,-3.09271291e-02,7.01414258e-03,-1.97474298e-02,1.87722177e-02,-1.94444350e-02,3.86882701e-02,-1.44863503e-02,1.50331779e-03,-8.65188234e-03,4.00364292e-02
1.17110691e-02,-2.26751866e-02,-5.38888954e-02,-3.82163436e-02,4.38701990e-02,1.42963951e-03,4.96852585e-02,-3.57471358e-02,3.61308306e-02,-4.41567488e-02,1.21168228e-03,5.53414615e-03,2.13425238e-02
1.20252703e-02,1.68722000e-02,-7.67627762e-02,-5.44206652e-02,3.19714087e-02,-3.28313599e-02,2.64899994e-02,-4.09662547e-02,3.40634693e-02,-5.98476054e-02,-2.09009539e-02,-2.45889692e-02,6.67158979e-03
4.06749641e-02,6.83788711e-02,-7.73341193e-02,-4.01217414e-02,3.90330544e-02,-1.19295317e-02,4.14620815e-02,-5.10712978e-02,1.19140983e-02,-5.71030354e-02,-3.54862720e-03,-2.83164219e-03,1.97773613e-02
4.66258849e-02,5.10371596e-02,-9.19891764e-02,-3.84408658e-02,3.55606768e-02,-7.72129020e-03,4.68330341e-02,-3.13511896e-02,-8.00581412e-03,-4.94993292e-02,-2.36133911e-02,-8.89905770e-03,-2.52430885e-03
2.42546104e-03,4.13789523e-02,-8.12627392e-02,-2.90001768e-02,1.26611855e-02,-7.24747738e-03,4.10734835e-02,-6.81865444e-03,-5.13954973e-03,-1.80824886e-02,-2.69598087e-02,-2.41884294e-02,-2.22601136e-02
-2.63064743e-02,1.81326561e-02,-8.83477367e-02,-1.84859458e-02,-2.45557483e-02,2.02585062e-02,2.45584946e-02,-9.80847683e-03,-2.80397709e-02,-1.15513312e-02,-3.61494237e-02,-2.28645772e-02,-1.03804647e-02
4.27797459e-03,5.41475877e-02,-5.87260853e-02,-3.07170779e-03,-4.03210655e-02,3.08797514e-02,3.67849942e-02,1.57581394e-02,-1.17607308e-02,1.05207218e-02,-3.71566190e-02,-1.89504259e-02,-5.20417007e-03
-3.06999662e-02,3.43419135e-02,-6.17542607e-02,-3.87648385e-02,-9.76384416e-02,-1.66438543e-02,1.16928896e-02,3.23695675e-02,1.64672779e-03,4.34641609e-02,-1.41215142e-02,-5.10397895e-03,2.18376228e-02
-3.07234468e-02,5.77769757e-02,-2.89176336e-02,-2.49549634e-02,-6.97803487e-02,3.20929395e-02,5.71869772e-03,3.14147601e-02,-3.02010377e-02,6.27399136e-02,-1.99908542e-02,-3.04095483e-02,-8.77619890e-03
-2.66817336e-03,1.11185788e-01,3.78764976e-02,1.87611672e-02,-1.22951574e-02,9.79763214e-02,9.10706733e-03,4.31146794e-02,-4.11472189e-02,3.60924813e-02,-3.56299599e-02,-4.02144099e-02,-1.29122745e-02
-9.43672857e-03,1.50629417e-01,7.79967630e-02,2.42810655e-02,-1.92303144e-02,1.04135476e-01,-1.12878219e-02,2.83770480e-02,-7.33689046e-02,8.59485448e-03,-3.99719511e-02,-5.82668939e-02,-2.93108656e-02
1.19426342e-02,1.76314984e-01,1.06361816e-01,5.13627205e-02,-1.69571634e-02,1.17761936e-01,1.11890447e-02,4.31110432e-02,-9.47211955e-02,6.97456190e-03,-1.12474271e-02,-6.23147758e-02,-2.39757805e-02
3.52895689e-02,1.64171780e-01,1.25527472e-01,7.87918886e-02,4.27714065e-04,1.34158741e-01,8.43263775e-03,1.54725521e-02,-9.28064697e-02,-8.74036035e-03,1.74040103e-03,-4.15530301e-02,-3.08188020e-02
5.46803107e-02,1.65053502e-01,1.73277497e-01,8.49553493e-02,-1.07918363e-02,1.19151046e-01,-2.40673977e-02,-1.61188935e-02,-7.58573611e-02,-3.99555208e-03,4.57222504e-03,-6.27802069e-02,-5.39265811e-02
2.18025597e-02,5.55314819e-02,1.49870738e-01,8.28264163e-02,6.56199169e-03,1.30197569e-01,-5.10460928e-02,-6.29493538e-02,-8.98447437e-02,-2.67001893e-02,-2.33982469e-02,-7.07988218e-02,-4.18785360e-02
4.90314884e-02,2.40016364e-03,1.28664586e-01,7.19417907e-02,1.04993010e-02,1.18552090e-01,-5.17202530e-02,-8.60833203e-02,-8.07446222e-02,-4.65793441e-02,-1.18148635e-02,-2.58234490e-02,-2.17762263e-02
2.72095711e-02,-6.41982246e-02,4.25013242e-02,-1.79681271e-02,-1.97797847e-02,1.69357863e-02,-5.92621532e-02,-7.81371577e-02,-6.04875552e-02,-6.44079927e-02,-9.00859270e-04,1.38124659e-02,1.81139227e-02
2.00829503e-02,-7.55786253e-02,2.64039908e-02,-2.74750939e-02,4.53555811e-03,-1.65828336e-02,-3.71068540e-02,-5.73880791e-02,-4.31841400e-02,-5.77666421e-02,-1.47527905e-02,-7.49560318e-03,4.22276670e-03
2.62211817e-02,-7.23229511e-02,1.12204680e-02,-4.14277958e-02,1.12403335e-02,-3.35662355e-02,-2.35435577e-02,-2.78093102e-02,-4.56085383e-02,-5.45202449e-02,-1.84696223e-02,-2.99378187e-03,-8.98010090e-03
1.63355772e-02,-5.37994219e-02,-7.62474418e-03,-6.78141906e-02,-8.51883130e-03,-8.13068946e-02,-7.69868292e-03,4.40549353e-03,-4.71534804e-02,-5.69600079e-02,-2.58753892e-02,4.78183081e-05,1.05952086e-03
2.75232783e-02,-3.73214072e-02,-2.64404605e-02,-4.93668613e-02,4.97047985e-03,-9.50004399e-02,3.50825924e-02,4.69314192e-02,-4.85572249e-02,-3.88318295e-02,-1.46291761e-02,-1.78900423e-02,-1.23972111e-02
3.05331539e-02,-2.67343399e-02,-2.46730331e-02,-3.08317858e-02,5.04392097e-03,-8.96965539e-02,4.32702409e-02,6.84831831e-02,-2.29868119e-02,-3.67303837e-02,6.46023882e-03,7.30823502e-03,1.76808923e-02
3.01311548e-02,-1.07539430e-02,-2.23190752e-02,-1.96824223e-02,-4.74275238e-02,-1.00976057e-01,6.98734601e-03,4.45836490e-02,-1.56781235e-03,-2.36667286e-02,1.58763081e-02,-5.12954896e-03,1.52207388e-04
1.40133460e-02,-1.60410414e-02,-5.64077147e-03,2.59194345e-02,-3.72457714e-02,-7.62841310e-02,-8.81123555e-03,4.02296460e-02,1.57667396e-02,-2.38222082e-02,-7.27683689e-03,-3.71573569e-02,-9.30972117e-04
1.33770582e-02,-3.13809868e-02,-2.25635970e-02,5.05353116e-02,-3.59886103e-02,-3.81148830e-02,-2.28448881e-02,1.43527840e-02,2.40332990e-02,-3.17372544e-02,-1.66424336e-03,-1.21161794e-02,9.44284543e-03
-1.03410848e-02,-4.70230911e-02,-5.28526806e-02,1.73053006e-02,-3.74255824e-02,-2.86353566e-02,-3.99019455e-02,-4.22178593e-03,1.23571532e-02,-4.28675620e-02,5.74645053e-03,1.77359205e-02,1.27168679e-02
-2.30661216e-02,-3.16318995e-02,-3.49470900e-02,3.71638137e-02,-2.37367606e-02,-2.65130919e-02,-3.90986888e-02,-1.04510953e-03,2.54875003e-02,-3.30511231e-02,-1.42631198e-03,4.53568478e-03,6.95726352e-03
-4.50748801e-02,-2.13507019e-02,-4.93861179e-02,1.96585392e-02,-2.99619344e-02,-1.24381551e-02,-2.60472928e-02,-1.16666051e-02,3.96472281e-03,-2.28578475e-02,8.79630797e-03,3.75577451e-02,-1.77650761e-02
-3.34798547e-02,1.35227298e-02,-3.41912599e-02,8.77119431e-03,-1.23321515e-02,-1.90444978e-02,-1.73275967e-02,1.58693707e-02,1.29103534e-02,-1.86219783e-02,-1.91294407e-03,4.86895406e-02,-1.55791497e-02
-2.69214447e-02,2.89121820e-02,-2.54373640e-02,4.05952694e-02,3.43520278e-02,-1.39548488e-02,5.36200322e-03,1.73313707e-02,4.44677843e-04,1.02293376e-02,-4.01143632e-03,4.68885664e-02,-2.53703884e-02
-5.39105064e-03,3.86343117e-02,-2.63583470e-03,4.15935075e-02,6.70550172e-02,3.65608239e-03,2.64666894e-02,2.62503085e-02,7.27998694e-03,2.84113225e-02,7.58340629e-03,5.53961987e-02,-2.44473108e-03
-2.70466417e-02,5.01166034e-03,-7.23181295e-03,3.42172923e-02,4.84113969e-02,-9.39463017e-03,3.50266688e-02,6.72336921e-03,6.04730206e-03,1.05080332e-02,-1.79924927e-02,-6.14981995e-04,-2.36540865e-02
-8.56119202e-03,-2.43196706e-03,2.30448645e-03,1.69640545e-02,1.48262640e-02,-4.69707638e-02,2.21851443e-02,5.70181371e-03,1.42846113e-02,1.47842158e-02,-2.19006622e-02,-2.05899419e-02,1.60867099e-02
1.57082888e-02,-1.44545283e-02,2.47893675e-04,1.66943893e-02,7.66362766e-03,-4.83291276e-02,2.85949778e-02,3.40053128e-02,3.59246831e-02,-1.85460266e-03,-3.27664839e-02,-4.52408983e-02,4.69658809e-02
8.39985095e-03,-1.91412849e-02,5.67114559e-03,3.01061743e-02,5.44285037e-02,-5.13640861e-03,2.69633459e-02,4.27831178e-02,2.07957714e-02,-1.11334723e-02,-2.45836218e-02,-2.57911388e-02,4.84483651e-02
3.11860210e-02,-1.76508800e-02,1.11377946e-02,8.54037361e-02,6.04494554e-02,1.24981643e-02,-3.40733587e-04,1.23577941e-02,1.13631119e-02,2.18374649e-03,-2.90786974e-02,-2.60039019e-02,3.66866320e-02
4.58756183e-02,-2.72691689e-02,-4.30459442e-02,1.26331650e-01,3.45329817e-02,2.63245947e-02,2.78200997e-02,1.52440338e-02,4.03692152e-02,7.87993564e-03,-3.61978919e-02,-1.22316138e-03,-2.90729064e-03
7.05574329e-02,4.65521499e-03,-4.00466714e-02,1.41698070e-01,2.26814615e-02,6.16467455e-02,2.62198129e-02,2.77720809e-02,7.44260182e-02,-9.34686555e-03,-5.23625187e-02,1.03954600e-02,-3.53466317e-02
6.08275480e-02,2.46656775e-02,-2.77954543e-02,1.54028689e-01,1.61371354e-04,3.90406996e-02,-5.98065499e-03,-1.23176863e-02,6.74573771e-02,-1.15433830e-02,-5.47657765e-02,4.48733707e-02,-4.64799762e-02
5.27971938e-02,3.24954610e-02,-3.32716004e-02,1.31610486e-01,6.20779499e-03,4.43234667e-02,-1.81139297e-02,-1.37130498e-02,7.05938215e-02,-2.23081002e-02,-4.61102082e-02,7.25302715e-02,-5.43330808e-02
-5.23109081e-03,-3.74803062e-04,-3.34445441e-02,1.38963845e-01,1.41804245e-02,5.82696910e-02,1.86010528e-02,-5.31685015e-03,6.46949436e-02,-5.90542969e-02,-8.12612570e-02,2.50679452e-02,-8.92749699e-02
-2.81914939e-02,-2.62547615e-02,-2.56480982e-02,7.46100767e-02,-2.64591167e-02,-8.01630050e-03,-1.26991582e-02,-3.36835167e-02,4.57394104e-02,-5.22936267e-02,-5.83225970e-02,2.14843300e-02,-7.73964376e-02
-4.07832534e-02,-4.06181559e-02,-5.83831882e-03,-2.86049148e-03,-7.71818431e-02,-5.03416308e-02,-4.63583486e-02,-2.76728862e-02,3.52843396e-02,-5.51245003e-02,-3.02714067e-02,1.00835079e-02,-4.56112807e-02
-6.83494707e-02,-2.30852181e-02,4.08224211e-02,-1.08801589e-02,-2.81911138e-02,-2.50305732e-02,-3.64092432e-02,-1.46076458e-02,2.95550085e-02,-2.97615238e-02,-3.90006191e-03,1.52549165e-02,-2.58363130e-02
-6.64417477e-02,-2.52424236e-02,5.97515700e-02,-1.70822132e-02,-9.51950091e-03,-3.73214298e-02,-5.06356666e-02,-4.94774373e-02,-2.24195999e-02,-1.08157979e-02,6.62702181e-03,1.34375086e-02,1.17019024e-02
-4.11654088e-02,-6.55705973e-02,2.24467651e-02,-1.87348914e-02,2.28856814e-04,-3.45818798e-02,-4.31621045e-02,-5.33829080e-02,-2.13489189e-02,1.03376436e-02,2.59477076e-02,1.28386855e-02,9.68406223e-03
-4.16162615e-02,-6.46702399e-02,1.35786622e-02,-1.56346234e-02,2.70801137e-02,1.55467212e-02,-2.65482441e-03,-2.22812303e-02,7.39320059e-04,3.37619042e-02,1.60426973e-02,-1.41303396e-02,-6.84213269e-03
-4.45625357e-02,-3.85610586e-02,2.16936353e-02,-2.61772175e-02,1.85828103e-02,4.46720782e-03,-1.97032100e-02,-4.61768675e-02,2.24335670e-03,6.80498117e-02,2.05574189e-02,-3.10190551e-03,3.35712960e-03
-2.99693709e-02,-2.01753030e-02,2.29056768e-03,-7.11496233e-02,1.59536392e-02,-5.15789711e-03,-4.62590445e-02,-4.98279967e-02,5.90869398e-04,6.77788473e-02,2.57962948e-02,9.02905743e-03,2.26413696e-02
-2.93213213e-02,-2.25227714e-02,-8.90384336e-03,-6.24014787e-02,6.47013109e-02,4.31149487e-02,9.99812951e-03,-9.03114089e-03,3.78470010e-03,4.51669871e-02,-1.56213239e-02,-9.56202643e-03,1.47345931e-02
-2.24640614e-02,-2.87162950e-02,-2.14810447e-02,-6.97080745e-02,8.77714283e-02,4.83800163e-02,2.91321975e-02,1.05680516e-02,3.63456732e-03,3.01602757e-02,-2.29776930e-02,-2.14746885e-02,-1.21269683e-02
2.80295181e-02,-5.99212281e-03,-1.39337364e-02,-9.90161456e-02,6.74716150e-02,3.56627554e-02,2.23677864e-02,-1.51382010e-02,-1.26626131e-02,1.16990054e-04,-4.32362764e-03,-1.61368463e-02,-1.02844474e-02
3.39753708e-02,1.07857367e-02,-2.60536389e-02,-4.46389891e-02,5.97399451e-02,4.05002693e-02,6.86053709e-02,-2.22155944e-02,2.11963015e-02,1.11054686e-03,8.29314926e-03,-4.35654497e-03,1.49087312e-04
4.69496853e-02,3.01297855e-02,-4.06729592e-02,-3.54155878e-02,3.94168003e-02,1.19968994e-02,7.28950737e-02,-2.32986155e-02,1.19719015e-02,-1.53155822e-02,1.07828104e-03,-1.92772153e-02,2.00749503e-02
6.70656179e-02,2.72978042e-02,-2.85469988e-02,-2.18149229e-02,2.78930362e-02,-9.18249588e-03,3.25212556e-02,-3.50939342e-02,1.11611363e-03,-3.86559903e-02,7.08860314e-03,-1.09868779e-02,1.55328079e-02
3.30125782e-02,1.62041726e-02,-2.54174221e-02,5.79601672e-03,3.21410172e-02,-1.78422757e-02,5.32192045e-02,1.45293155e-02,4.02817025e-02,-1.12758049e-02,-2.03165087e-03,-3.83040864e-02,-8.98360898e-03
3.01585583e-02,5.89427222e-02,-2.42524434e-03,3.52400560e-02,3.13909036e-02,-2.48228430e-02,3.86357158e-02,2.81831464e-02,4.67293457e-02,1.84235751e-02,-5.06727091e-03,-4.58465811e-02,1.78097069e-03
2.11650336e-02,7.54068640e-02,3.35967740e-02,4.33257278e-02,-4.01448503e-03,-6.15130704e-02,-1.68886445e-02,2.03173502e-02,4.34835703e-02,3.69150019e-02,1.12028773e-02,-4.18901145e-02,8.57921424e-03
-8.66001342e-03,6.70750100e-02,4.82835985e-02,1.15518272e-02,3.48063347e-02,-4.24715472e-02,-2.60618512e-02,5.77947771e-02,2.94895197e-02,6.28686648e-02,1.32797054e-03,-2.96654039e-02,7.13174633e-04
-3.39091931e-02,9.41592197e-02,6.57679734e-02,2.78539935e-02,5.54575341e-02,-1.25054839e-02,-4.96234942e-02,6.41366906e-02,3.05138085e-02,7.27270570e-02,-1.68679305e-02,-2.02707830e-02,-5.01265808e-02
-2.85369373e-02,9.08745088e-02,7.69426588e-02,6.05205162e-03,6.25893029e-02,5.31691682e-02,-3.59585387e-02,6.00031260e-02,4.90475705e-02,6.61208534e-02,-2.82023457e-02,-5.47198306e-02,-6.05561597e-02
2.88856099e-03,8.79903515e-02,2.83359298e-02,1.26657667e-02,4.42816002e-02,7.52633456e-02,-5.69434909e-03,4.57568799e-02,4.58613452e-02,3.82513341e-02,-3.26759662e-02,-3.58430202e-02,-5.35561036e-02
3.07574449e-02,1.02374702e-01,-9.21438220e-03,1.91688984e-03,3.70659120e-02,7.63014582e-02,-2.31706258e-02,5.40107756e-02,2.12673450e-02,5.37409748e-03,-3.88339227e-02,-3.95965270e-02,-5.07877103e-02
6.68046466e-02,8.23058029e-02,-2.66125621e-02,-1.44157485e-02,1.92763557e-02,6.30527339e-02,-2.88029656e-02,2.96177614e-02,-3.90831817e-03,-2.39053488e-02,-4.44511293e-02,-2.49988324e-02,-3.75294593e-02
1.28952394e-02,1.67446075e-02,-5.95293623e-02,-1.24882981e-02,9.96077272e-03,5.74005680e-02,8.04391573e-03,7.14611574e-02,3.08565665e-02,-1.13006375e-02,-2.00418626e-02,-1.65620537e-02,-3.70033558e-02
-3.37799449e-02,-3.67033939e-02,-8.85698964e-02,-3.94770781e-02,-1.35373961e-02,2.77957683e-02,2.64386373e-02,7.64880997e-02,2.76257822e-02,-2.37595170e-02,-4.94174131e-03,-1.18539228e-02,-4.83510435e-03
-3.09486655e-02,-7.03749020e-02,-7.00762174e-02,-3.10463152e-02,-6.11589699e-02,-1.07330892e-02,1.48748934e-02,4.75796732e-02,-2.61725250e-03,-5.59272571e-02,1.09484354e-02,-1.39201156e-02,-4.74253439e-03
-5.50394050e-02,-1.03019211e-01,-3.08835984e-02,-3.38921330e-02,-3.42533105e-02,-3.99972743e-02,1.50568949e-02,4.48367873e-02,-2.42928415e-02,-4.09142359e-02,3.86734275e-02,1.07539891e-02,1.11530428e-03
-9.00547089e-02,-9.02734430e-02,-5.42682836e-03,-1.39691127e-02,-3.98993835e-02,-5.33407484e-02,1.07121611e-02,1.74271426e-02,-4.47595705e-02,-5.26909273e-02,1.45249236e-02,3.53072404e-02,-3.14859461e-02
-1.20939592e-01,-1.10839311e-01,2.64646849e-02,-1.90183282e-02,-4.65945268e-02,-4.07706740e-02,1.20188711e-02,-6.76425186e-03,-4.51827613e-03,-2.33274697e-02,7.63199487e-03,1.41724998e-02,-3.53390752e-02
-7.24887814e-02,-7.06492411e-02,2.67131884e-02,-1.13146429e-02,-4.55685688e-02,-2.80494961e-02,2.59363523e-02,-3.23227407e-02,-1.78386191e-02,-3.31714136e-02,-2.21084683e-02,1.54787434e-02,-4.71533168e-02
-2.37011278e-02,-2.57389290e-02,2.29119221e-02,-1.19674513e-02,-1.59517057e-02,-1.20445337e-02,-2.29791988e-03,-4.69128459e-02,-2.62882946e-02,-3.55225796e-02,-2.41201420e-02,6.36602716e-03,-5.94294574e-02
3.05704623e-02,7.96101689e-03,2.33119245e-02,-4.39801363e-02,-2.30312896e-02,6.99691782e-03,-9.90545557e-03,-5.85517467e-02,-2.08261933e-02,-1.23443647e-02,-3.55570248e-02,9.97428605e-03,-3.40043550e-02
9.87549110e-03,-7.91995777e-03,6.39084942e-03,-4.50439526e-02,-4.16903444e-03,2.15116488e-02,-1.86117603e-02,-6.41219231e-02,-3.62570435e-03,-3.04349243e-03,-2.79908426e-02,1.01934873e-03,-2.86783075e-02
-1.17580664e-02,-2.50285221e-02,-3.13042286e-02,-6.15462889e-02,-3.35041226e-02,3.90401465e-02,-5.57594129e-03,-5.93182016e-02,5.10439905e-03,3.64072498e-03,-1.27937314e-03,9.72970722e-03,-6.21416435e-03
-2.79518512e-03,-3.66105118e-02,-5.61535090e-02,-5.35614176e-02,-3.28193794e-02,7.99216601e-02,1.44491625e-02,-4.91062024e-02,1.73542016e-02,1.62439585e-02,4.73769806e-02,1.47558977e-02,5.71802155e-03
8.38119258e-03,-1.08856408e-02,-3.33492592e-02,-2.26485852e-02,-2.23855943e-02,7.41670573e-02,1.70232043e-02,-3.60679564e-02,1.87945622e-02,1.88328738e-02,7.74650417e-02,2.53933546e-02,1.45674483e-02
-1.09833017e-02,-1.64160468e-02,-2.78026768e-02,9.60407042e-03,-1.04054650e-02,1.00359385e-01,4.40680867e-02,5.18584129e-04,2.45429001e-03,-4.38924679e-03,4.87576146e-02,8.17963950e-03,1.27427597e-02
4.16425044e-03,-7.42473403e-03,-8.71107989e-03,2.36714220e-02,-1.91540963e-02,7.63674303e-02,6.40853428e-02,2.25369914e-02,8.39305458e-03,1.04821198e-02,4.62955093e-02,1.83997566e-02,1.52834008e-02
3.91754129e-02,2.81057080e-02,5.34210754e-03,4.83462026e-02,-2.27861575e-02,5.76121736e-02,8.22369465e-02,2.55005936e-02,6.07638253e-03,-6.08080829e-03,9.67559443e-03,1.35457354e-03,-1.65811746e-02
7.44511662e-02,6.01547713e-02,1.29517661e-02,4.85425673e-02,-2.72175730e-02,5.23209503e-02,8.32780627e-02,8.78853381e-03,-1.15155731e-02,-2.37287113e-02,3.92925570e-03,3.18278068e-03,-1.80895598e-02
4.41635751e-02,5.42621515e-02,2.43685877e-02,5.14747804e-02,5.93131168e-03,6.32103088e-02,8.75919622e-02,2.38868372e-02,6.53253552e-03,-6.82248938e-03,-9.13352795e-03,1.06370972e-03,-5.42855437e-03
1.57574897e-02,3.02429224e-02,1.27339538e-02,3.47149184e-03,2.20689068e-02,2.09308849e-02,3.54637581e-02,1.10823712e-02,-1.62599557e-02,-3.23217515e-02,-6.14671230e-02,-4.08263564e-02,-1.55546228e-02
2.80933363e-02,3.23058021e-02,2.23495275e-02,5.09061496e-03,8.01763588e-03,-2.49385925e-02,-1.68941164e-02,-2.63080646e-02,-4.64357762e-02,-1.10080014e-02,-5.83512699e-02,-4.30446890e-02,-4.00863844e-03
9.47650385e-03,-9.12347614e-03,-1.39306270e-03,-1.23391888e-02,3.58729907e-02,-1.85014335e-02,-5.78935833e-03,-4.88453822e-03,-2.76684830e-02,1.35209891e-02,-3.69158385e-02,-6.22775623e-02,1.95099392e-03
-2.83874177e-02,-1.69444181e-02,-3.23897625e-04,-3.08942948e-02,4.11486906e-02,-4.95818166e-02,-3.26346693e-02,-5.39368462e-03,-3.10372444e-02,5.59647014e-03,-3.47335091e-02,-5.42008618e-02,4.75658321e-03
-2.30868647e-02,-3.95263905e-02,2.73428240e-03,-2.15484553e-02,4.58105400e-02,-4.38576532e-02,-4.49265781e-02,5.01260886e-03,-3.91826516e-02,4.77068409e-03,-5.84373940e-02,-6.97877115e-02,1.02787087e-02
1.59911686e-02,-2.04833342e-02,2.99934297e-02,-2.60566633e-02,4.06491917e-02,-4.65090405e-02,-2.75259790e-02,1.43043571e-02,-4.48523086e-02,2.34404627e-03,-3.62996858e-02,-5.32468843e-02,1.52923783e-02
3.62719148e-03,-3.39195547e-02,3.35201837e-02,-1.34630135e-02,4.06881809e-02,-2.11266779e-02,-1.60461240e-02,3.34101815e-02,-5.19638694e-03,1.11223211e-02,-2.43547859e-02,-4.44167671e-02,4.68742516e-04
-5.47729480e-03,3.12316415e-02,6.48558941e-02,1.77002974e-02,3.71199773e-02,-1.62966494e-02,-8.28143809e-03,2.56483561e-02,2.63735947e-02,3.46834941e-02,-1.46658971e-03,3.64113832e-03,1.52941713e-02
-7.97307814e-02,3.76834057e-02,4.96207102e-02,7.54887806e-02,5.73550299e-02,-2.46936889e-03,-9.15177624e-03,1.49131823e-03,4.04780652e-02,4.18799799e-02,2.09417686e-02,4.34541247e-02,4.16052611e-02
-1.24309318e-01,7.75425831e-03,-2.61300957e-02,1.88354863e-02,1.02194276e-02,-3.14958610e-02,-3.00668139e-02,-4.26220952e-03,3.58151699e-02,1.66426968e-02,-4.27325782e-03,5.28602686e-02,5.29611265e-02
-1.19327568e-01,1.24503279e-02,-2.87287446e-02,8.37946136e-02,2.36119705e-02,-5.03951921e-02,-1.29974413e-02,1.42988304e-02,4.81314916e-02,6.63454845e-02,2.45652988e-02,5.51371720e-02,5.36325814e-02
-8.50726116e-02,-1.85691237e-03,-6.88348428e-02,6.12168526e-02,3.59272571e-02,-3.27811565e-02,2.42993033e-02,3.62726477e-02,3.94022002e-02,5.48195446e-02,1.15254269e-03,1.53876185e-02,5.86892711e-02
-4.15825993e-02,3.65634665e-02,-5.50242502e-02,5.26431491e-02,5.89192507e-02,-6.33540807e-02,-2.00606495e-02,1.31082512e-02,2.28104703e-02,3.81316634e-02,-1.87905563e-02,-7.46452989e-03,3.84524402e-02
3.52851500e-02,4.08639755e-02,-7.66198026e-02,3.15595392e-02,5.51256687e-02,-5.25940557e-02,-6.95066074e-03,4.30348102e-02,1.31475313e-03,1.96753420e-02,-5.58978785e-02,-4.02175509e-02,1.32028196e-02
1.12456672e-01,6.58343514e-02,-4.38232975e-02,-5.78507694e-03,4.14103611e-02,-4.60204957e-02,-2.51424525e-02,1.49608341e-02,-3.61828103e-02,-9.19249754e-03,-5.61006900e-02,-4.37737150e-02,-5.49401506e-03
1.18970632e-01,1.37596527e-02,-5.27986306e-02,-2.51081419e-02,2.99088333e-02,-2.25914588e-03,1.70694782e-02,5.90583946e-02,-1.32955509e-02,-1.30331880e-02,-5.52278827e-02,-3.17598884e-02,-1.88458101e-02
9.60063626e-02,2.34310759e-02,2.13459526e-02,-7.74690395e-03,5.33110119e-02,1.55297092e-02,3.06182090e-02,6.07849580e-02,1.96080228e-02,3.37214744e-03,-4.11032458e-02,1.19004209e-02,8.92646296e-03
8.36817815e-02,4.48291798e-02,7.85324043e-02,1.92343595e-02,5.46217946e-02,2.43265915e-02,3.24132795e-03,2.49310765e-02,8.07100795e-03,-9.60774187e-03,-5.05843341e-02,4.40181669e-02,1.04753310e-02
6.47971851e-02,3.63707702e-02,4.56255543e-02,-4.08735373e-02,3.30368704e-03,-3.02263806e-02,-3.76637601e-02,-1.86456386e-02,-2.40791608e-02,-3.27690298e-02,-5.11999336e-02,8.48697454e-02,1.70626843e-02
9.35340918e-03,6.69629609e-03,4.87584882e-02,1.24427165e-02,1.95103286e-02,-1.00426937e-02,1.05441299e-02,1.56558859e-02,-9.61844847e-03,-1.28428872e-02,-2.52835144e-02,9.99581160e-02,-6.45279989e-03
2.67277952e-03,-4.67120266e-03,5.30747531e-02,1.08382298e-02,7.22176576e-03,2.16624419e-03,2.06536400e-02,-1.74022837e-02,-1.15604592e-02,-1.63355158e-02,-2.57996063e-02,8.04894668e-02,8.77676526e-04
4.67252620e-02,5.08934525e-02,7.51769632e-02,2.37615393e-02,1.51240237e-02,-2.09570974e-02,-2.80816069e-02,-4.00867430e-02,5.97728995e-05,-7.84722298e-04,-5.99069629e-03,5.91536958e-02,-1.21184384e-02
6.11847051e-02,6.15445503e-02,5.58621997e-02,9.06903578e-03,1.09729713e-02,-2.78671631e-02,-1.65391193e-02,-3.32396059e-02,-3.77160635e-03,6.03429456e-03,2.71786625e-03,1.53463604e-02,-3.07681682e-02
8.16575516e-02,9.94760183e-02,7.12364405e-02,2.27763675e-03,3.09322231e-02,-1.78474015e-02,-3.37435523e-02,-7.47072207e-02,-1.27123191e-02,7.38205587e-03,1.67638833e-02,-1.92266971e-02,-3.84552255e-02
4.25773071e-02,8.90774266e-02,3.85056385e-02,-1.38170204e-02,1.46176518e-02,-1.33618961e-02,-2.59620449e-02,-9.01661373e-02,-1.26167752e-02,1.76551631e-02,4.43944351e-02,-4.00283701e-02,-2.80434778e-02
-2.48696184e-02,4.39992796e-02,6.85582816e-03,-2.97780438e-02,1.18816728e-02,1.02845303e-02,1.36306718e-02,-7.75302325e-02,3.40722261e-03,3.74280843e-02,4.81583941e-02,-4.44702560e-02,-4.40745991e-04
-3.74180887e-02,1.78771481e-02,5.10133320e-03,-3.23169251e-02,-1.56343392e-03,9.87644863e-03,1.93096525e-02,-7.21546849e-02,2.23426631e-03,3.08050748e-02,3.36231302e-02,-7.07271801e-02,-6.77718637e-03
-1.34928648e-03,4.35117209e-02,-1.73023656e-02,-5.64583618e-02,-1.86340981e-02,-2.18264061e-03,2.41445371e-02,-5.32973405e-02,-1.10119941e-02,2.57801770e-02,3.60237819e-02,-4.62853652e-02,-7.65683347e-03
-2.07871116e-02,2.47974181e-02,-3.24404114e-02,-5.48256826e-02,-2.86955085e-02,3.43275191e-02,5.41197183e-02,-4.22270950e-02,-1.06650528e-02,1.05360624e-02,2.43999584e-02,-2.74202764e-02,-1.44711384e-02
8.70203547e-03,1.06988933e-02,-2.77141390e-02,-3.99591884e-02,-4.17776366e-02,4.77974591e-02,6.15413645e-02,-3.37057479e-02,-6.91486202e-03,-6.92281917e-03,-1.78521422e-02,-1.33643715e-02,-1.03640177e-02
4.10328080e-02,2.88364430e-02,-3.99016841e-02,-6.25732379e-02,-4.73617472e-02,6.18787859e-02,3.57674951e-02,-1.66921415e-02,-3.41341496e-03,-1.83714332e-02,-1.95821741e-02,-7.17614237e-03,-1.15944949e-02
3.25392733e-02,-1.31477283e-03,-6.38191559e-02,-6.08745204e-02,-5.01419722e-02,6.70905253e-02,3.60777954e-02,2.11918880e-02,6.00247108e-03,-1.07050115e-02,-2.16171598e-02,-2.28887000e-02,-2.94286311e-02
2.61672805e-02,-1.27476542e-02,-4.48078648e-02,-2.66830352e-02,-2.89185061e-02,8.69460924e-02,4.54343054e-02,3.59959306e-02,1.69293710e-02,-3.31689996e-02,-1.33200817e-03,-1.10572571e-02,-3.66200278e-02
3.58786937e-02,-2.14563156e-02,-2.17716380e-02,-1.72671861e-02,-3.30882171e-02,7.49152883e-02,7.59158903e-03,3.23098884e-02,1.30045466e-02,-3.82859523e-02,2.34724983e-02,1.22012694e-02,-1.92699976e-03
9.82356721e-03,-4.39791945e-02,-1.92307517e-02,-1.08841035e-02,-2.55277018e-02,6.36383065e-02,8.09977427e-04,3.40597345e-02,2.35112838e-02,-1.64950614e-02,1.87062611e-02,1.54450560e-02,8.53171644e-04
-6.66844843e-02,-6.66144859e-02,-4.63904462e-02,-5.61122697e-02,-3.13396004e-02,1.83827782e-02,-3.59053403e-02,2.49391674e-02,4.72114015e-03,2.33971978e-02,6.58119988e-02,1.45118620e-02,3.11175364e-02
-7.58549340e-02,-4.87259767e-02,-3.18559454e-02,7.41125947e-03,-1.59690948e-03,-1.62342407e-02,-6.57345892e-02,4.14882958e-02,1.03963087e-02,5.44130832e-02,9.04587478e-02,2.70300548e-02,2.70283576e-02
-8.30339362e-02,-4.00146567e-02,-1.55871478e-02,4.77879072e-02,-7.10043812e-03,-5.38091703e-02,-6.96933071e-02,9.55570747e-03,-7.80187284e-03,5.42338428e-02,6.36693964e-02,3.78073980e-02,3.21965403e-02
-8.01097547e-02,-4.93103218e-02,-1.40593207e-02,8.00674832e-02,-2.52704030e-03,-8.58245901e-02,-6.97433567e-02,2.10968387e-02,-1.01041407e-02,5.59393070e-02,3.14344684e-02,4.89011792e-02,2.60564441e-02
-6.01374181e-02,-6.13517385e-03,-2.41459451e-02,5.42948705e-02,-9.40041604e-03,-1.05386330e-01,-8.60121764e-02,-1.21772712e-02,-3.70037473e-02,3.87398668e-02,1.41366514e-02,4.62751888e-02,3.12634330e-02
-6.21484862e-02,-2.76421352e-02,-4.80586256e-02,3.78610626e-02,-4.34077916e-03,-1.01948391e-01,-8.74962311e-02,-3.68807743e-03,-3.63787731e-02,1.13716599e-02,-2.20109683e-02,-1.34218668e-04,1.58221956e-02
-4.75344400e-02,-2.35981232e-03,-4.07205880e-02,6.04721096e-02,2.37321973e-02,-7.42485259e-02,-4.22324152e-02,2.88872145e-02,-5.19481061e-02,-3.16145029e-02,-2.93372048e-02,-2.03595203e-03,-2.12591486e-02
1.59166424e-02,-1.39550696e-03,-1.21457929e-02,6.61424707e-02,3.91955721e-02,-5.80441892e-02,-4.71217966e-02,3.88659644e-02,-4.33769057e-02,-4.27541632e-02,-6.06097392e-02,-4.27950098e-03,-1.71235449e-02
3.84210449e-02,-2.10269676e-02,-1.07569706e-02,4.94136472e-02,2.45623448e-02,-7.68313709e-03,-1.57310025e-02,4.56902927e-02,-3.16314203e-02,-3.70350273e-02,-6.53643285e-02,3.45670788e-03,-2.26423769e-02
2.82120426e-02,-2.64300091e-02,-4.57067048e-02,-1.98058780e-02,2.55230672e-02,4.18245538e-03,-1.13280578e-02,6.05340470e-02,-3.20153075e-02,-9.69284806e-03,-2.45415440e-02,4.10818773e-04,-1.14004768e-02
3.25470374e-02,-1.23258141e-02,-2.82423275e-02,4.92825646e-03,2.63218206e-02,9.02108240e-03,-1.93813137e-02,4.75437627e-02,-2.91519380e-02,2.23315315e-02,-1.15801752e-02,-3.46614958e-03,-7.65037638e-03
4.71920434e-02,-3.08269730e-02,-1.63246432e-02,1.14586370e-02,2.92899251e-02,8.75417038e-03,7.38347829e-03,5.00888214e-03,-3.16910255e-02,2.45738327e-02,-1.98744825e-02,4.66597769e-03,-3.15440672e-03
3.84478476e-02,-3.01594096e-02,4.14769458e-03,1.54816293e-02,3.91309735e-02,2.49276031e-02,2.23950624e-02,-2.15394558e-02,-3.67144467e-02,3.24858307e-02,-1.46909235e-02,-5.87031470e-03,-2.07815898e-02
2.68504851e-02,-7.72758302e-03,-6.76807757e-04,-9.56354007e-03,9.55158885e-03,9.57099738e-03,3.73892244e-02,-5.25174046e-02,-1.53050765e-02,4.77619729e-02,-5.85528573e-03,-1.22155573e-02,-1.35812222e-02
-9.11139247e-03,-1.87776550e-02,-1.92481380e-02,-5.58844379e-02,-6.90937774e-03,9.58925478e-03,3.36774961e-02,-7.66190749e-02,1.30289778e-02,3.16764445e-02,-1.11048437e-02,-3.65448036e-02,-1.68649098e-02
-1.79540812e-03,1.61691249e-02,-1.40634004e-02,-5.70665536e-02,2.42817717e-02,6.41429710e-03,4.45852394e-02,-6.40187452e-02,2.32865435e-02,4.69944464e-03,-1.95974625e-02,-2.68018898e-02,-1.09805294e-03
-4.04602529e-03,2.42954008e-02,1.85862452e-02,-6.35657398e-02,3.46867302e-02,4.79593877e-03,4.17879391e-02,-8.91788227e-02,5.78548164e-02,5.28469595e-03,-3.55683777e-02,-2.89902547e-02,4.56069520e-03
-1.35994486e-02,1.51328519e-02,1.71994070e-02,-6.99295654e-02,2.03760169e-02,2.29937336e-02,5.68504345e-02,-8.94306056e-02,6.63942519e-02,-5.17967679e-03,-3.06851670e-02,-2.05884655e-02,1.53680933e-02
7.55091347e-03,-1.90195996e-03,1.64290366e-02,-4.11738929e-02,3.18930576e-02,2.02089509e-03,6.34005846e-02,-5.97618109e-02,6.37755763e-02,-3.97306836e-02,-1.71381777e-02,-2.13188699e-02,3.52002903e-03
-2.19259044e-02,-4.02953410e-02,6.67812817e-03,-4.60608999e-03,1.61226089e-02,-1.11687223e-02,5.04562003e-02,-3.71828727e-02,6.18102702e-02,-3.30708529e-02,-1.20528997e-02,-1.43371604e-02,2.02354098e-02
6.58514796e-03,-3.14214590e-02,2.88612327e-02,3.04912760e-03,5.76942023e-03,-7.85315670e-03,4.31756768e-02,-4.27342917e-02,5.02399993e-02,-3.63114414e-02,1.63068629e-02,1.52752077e-03,1.86488098e-02
2.40134849e-02,-4.03176781e-03,4.73640957e-02,2.89274350e-02,-1.26133258e-02,-1.04154649e-03,1.81287953e-02,-7.33778674e-02,1.74054906e-02,-3.66460214e-02,-1.12210235e-02,-1.48779629e-02,-8.41111979e-03
5.07178540e-03,-1.70667557e-03,5.03141704e-02,1.05073986e-02,-2.54859925e-02,3.09233310e-02,3.74625093e-02,-6.80726955e-02,2.36445133e-02,-1.19294228e-02,1.12466047e-02,-2.05212148e-02,6.44611393e-03
2.04162533e-03,3.90690005e-02,6.09466339e-02,-4.05624068e-03,-1.55427477e-02,5.99395992e-02,8.49381846e-03,-7.33173788e-02,1.21534167e-02,-1.35809671e-02,1.74585544e-02,-2.93738486e-02,6.65520398e-03
3.17302378e-02,6.75286802e-02,6.04134679e-02,-7.32954033e-03,6.64374989e-03,3.12330913e-02,-4.18485269e-02,-3.84424108e-02,2.91835528e-03,-8.08147927e-03,2.75080315e-03,-3.80257174e-02,2.89036578e-02
1.46851353e-02,5.57817209e-02,7.60301644e-02,-4.40609350e-02,5.87895097e-03,3.42908839e-02,-4.18086881e-02,-1.79009681e-02,3.16684065e-02,1.26882583e-02,5.09635495e-03,-3.16612955e-02,2.69387088e-02
3.30046371e-02,8.09619390e-02,6.42930816e-02,-6.15572425e-02,2.85999465e-02,4.41728300e-02,-4.51509585e-02,-7.91371681e-03,3.84846019e-03,-2.52682844e-03,-9.09600493e-03,-2.29998481e-02,3.27230928e-02
9.89967706e-03,5.52528256e-02,7.07003329e-02,-4.01051813e-02,-1.79501392e-02,8.17683476e-03,-6.02372938e-02,6.69961416e-03,-6.75240907e-02,-2.39783832e-02,9.11579555e-03,-3.60021418e-02,1.99606765e-02
-7.85897101e-02,-1.68408052e-02,5.10251715e-02,-2.17529917e-02,-7.63694219e-02,-3.07570353e-02,-7.23975711e-02,6.04255079e-02,-8.34809174e-02,-2.20549929e-04,4.94316306e-02,1.15769400e-02,5.09357442e-02
-6.56214935e-02,-2.32424130e-02,5.33063312e-02,-2.96297607e-02,-1.09936431e-01,-3.83394480e-02,-8.51638332e-02,9.90963721e-02,-1.22319213e-01,-1.00435955e-02,5.48141123e-02,4.17741683e-02,6.66837774e-02
-8.72154761e-02,-2.87502045e-02,6.03126751e-02,-1.39529641e-02,-1.76401181e-01,-7.58663717e-02,-1.00514475e-01,1.02453987e-01,-1.25547393e-01,1.04579831e-02,6.24925755e-02,6.07205670e-02,1.15959026e-02
-8.48009559e-02,-5.12133626e-02,6.64963723e-02,8.53358373e-03,-1.62761427e-01,-4.41452905e-02,-8.48987829e-02,1.06048390e-01,-1.11962811e-01,2.60151691e-02,9.67589022e-02,8.40905269e-02,3.68718811e-02
-6.85142809e-02,-4.26465589e-02,8.71166648e-02,2.42843652e-02,-1.41471904e-01,-4.97308084e-03,-6.32350574e-02,1.00733698e-01,-8.44040700e-02,4.02292269e-02,9.78459545e-02,1.00176697e-01,6.34307447e-02
-1.46961313e-02,-7.47986026e-02,8.16218412e-02,3.38917778e-02,-1.10027822e-01,-1.50930026e-02,-7.54319309e-02,9.09462116e-02,-7.89567913e-02,4.09069397e-02,7.28735312e-02,8.45786642e-02,7.21833908e-02
4.31547219e-02,-8.32810356e-02,1.08533338e-01,1.51070370e-02,-9.49245101e-02,-2.33470453e-02,-5.16015283e-02,6.29280755e-02,-2.44381317e-02,3.17484272e-02,5.97934070e-02,7.14876403e-02,5.87195903e-02
9.77908560e-02,-7.73821677e-02,1.05117790e-01,2.44742714e-02,-2.13898677e-03,-7.03924284e-03,-3.42487578e-02,2.39370159e-02,-2.72222917e-03,8.45839014e-03,1.91133564e-02,4.95191335e-02,6.13357431e-02
7.80230642e-02,-8.45842322e-02,9.44460898e-02,3.98351519e-02,1.47353567e-02,-6.16135691e-03,-2.15334762e-02,7.27624278e-03,-9.33303432e-03,-1.63099535e-02,-1.19874165e-03,-1.03016638e-02,3.97590566e-02
4.36642333e-02,-1.05045902e-01,3.79786236e-02,2.12156063e-02,-1.36937306e-03,-2.48495306e-02,-2.38860025e-02,3.88512976e-04,2.80061197e-03,-3.50426239e-03,1.19201302e-02,-7.86699486e-03,5.56440506e-02
4.70572397e-02,-8.76478618e-02,2.67537773e-03,2.53461830e-03,1.70564735e-02,-3.13418992e-02,-1.69733356e-02,-2.14842998e-02,-1.45941278e-02,-1.01307266e-02,-2.48287332e-02,-2.67865273e-02,6.11457609e-02
1.33647971e-02,-6.63300613e-02,-1.39842701e-02,-4.60243352e-03,1.72485008e-02,-5.52001639e-02,-1.46835522e-02,-1.68987335e-02,-4.60513490e-03,-6.35269872e-03,9.40309872e-03,-2.49569627e-02,1.31749476e-02
1.78528487e-02,-3.60272106e-02,-2.47580124e-02,2.12261742e-02,2.89015589e-02,-5.24503284e-02,-2.51997957e-02,-2.29989722e-02,7.43440350e-03,-2.74908496e-02,3.13100308e-02,-2.99143003e-02,-7.61945528e-04
5.14684134e-03,1.76639740e-02,1.23426645e-02,6.63966348e-02,5.56070779e-02,-5.99303728e-02,-2.73230102e-02,-1.40101017e-02,4.09077588e-02,4.03525742e-03,3.80743299e-02,-2.61782391e-02,-1.61898875e-03
1.42342882e-02,2.93823244e-02,-1.78236815e-02,6.68425701e-02,6.97684774e-02,-4.42848142e-02,-1.73490476e-02,-9.41775062e-03,1.71863502e-02,3.97015254e-03,2.23582764e-02,-1.83505859e-02,-1.41840799e-02
3.65035447e-02,6.21443639e-02,-3.40228857e-02,5.58825814e-02,4.31301490e-02,-3.24816024e-02,1.62412347e-03,6.25337692e-04,2.28863550e-02,4.76755151e-04,2.74369428e-02,-8.27105867e-03,-2.25385328e-02
5.53616638e-02,9.00569475e-02,-4.25568067e-04,7.49209330e-02,4.48313021e-02,-3.05314633e-02,-6.90091246e-03,3.15376278e-03,5.18786791e-03,-4.16341827e-03,9.31771186e-03,-2.36575489e-02,-1.69368982e-02
3.44536048e-02,1.09715362e-01,3.49454913e-03,5.58898224e-02,2.83475634e-02,-3.11438044e-02,1.50209972e-02,3.19312730e-02,1.06603769e-02,-8.46352364e-03,-2.18008813e-02,-2.84812486e-02,-1.85801396e-02
4.26867876e-02,9.01886732e-02,-6.57665037e-02,2.05782398e-02,-5.04329793e-03,2.32877608e-03,4.45858856e-02,5.14045043e-02,-2.45208965e-03,-9.07179182e-03,-2.74205419e-02,-3.40737055e-02,7.93626756e-04
5.30148118e-02,9.33419452e-02,-8.10471381e-02,1.26408891e-02,-1.47410700e-02,2.98192133e-02,4.86971388e-02,3.19578305e-02,-6.99656675e-03,-1.85353460e-03,-2.70799501e-02,-5.71411769e-02,4.93405757e-04
4.72499101e-02,8.07882621e-02,-1.11831866e-01,4.49231386e-03,1.42340501e-02,3.63779632e-02,4.78778975e-02,2.39311217e-02,-1.02095988e-02,6.13781002e-03,-1.81206848e-02,-4.80819531e-02,1.89605946e-02
5.41741659e-02,5.28803598e-02,-1.04248340e-01,-5.60118504e-04,1.31001188e-02,5.22046014e-02,5.14002361e-02,-6.09874412e-03,-8.50019395e-03,-3.73813274e-03,5.31369954e-03,-3.38829185e-02,1.29771277e-02
5.57405403e-02,5.70159049e-02,-4.41606323e-02,1.83580494e-02,3.10742830e-02,4.23512741e-02,3.65087870e-02,-3.51578625e-02,1.53718989e-02,-2.44182016e-03,1.30561849e-02,-4.27275627e-02,3.86579575e-03
-1.65102690e-02,2.31806577e-02,-1.10494231e-02,-7.66421965e-03,3.71790626e-03,3.98050980e-02,3.51575020e-02,-6.19108302e-02,1.55576890e-02,1.80911051e-02,4.38737795e-03,-2.99126337e-02,1.25383028e-03
-5.46340514e-02,-7.04190772e-03,-1.54153942e-02,-1.41842757e-02,-2.25529362e-02,4.25111537e-02,1.91764680e-02,-7.36255306e-02,2.52145710e-02,3.75809968e-02,1.91953066e-02,-1.31530207e-02,-6.41741288e-03
-8.29262413e-02,-4.51813095e-03,2.27318989e-02,-3.33890133e-02,-4.19420342e-02,4.64855683e-02,1.99140797e-02,-6.45245992e-02,1.06426604e-02,3.41956247e-02,3.58961281e-02,3.16230856e-02,6.15204192e-03
-8.86368453e-02,-2.85576775e-02,4.06935901e-02,-4.76610294e-02,-4.26973052e-02,3.01084878e-02,3.52837883e-02,-3.34793609e-02,1.99508206e-02,5.00722811e-02,1.35206125e-02,6.73408836e-02,1.05352757e-02
-9.19503007e-02,-4.47323512e-02,3.49049986e-02,-6.54217895e-02,-6.55303434e-02,2.84734641e-02,6.81138346e-02,-3.37393506e-02,-3.78282984e-02,3.73387972e-02,1.15937583e-02,8.70258677e-02,6.22532923e-03
-5.73185586e-02,-4.56052135e-02,3.05838832e-02,-7.31411410e-02,-9.63485118e-02,1.22646786e-02,5.28056518e-02,-7.35069170e-05,-4.88780690e-02,3.04709205e-02,2.83869276e-02,9.32643175e-02,1.45456858e-02
-4.00040848e-02,-1.44069056e-02,2.00343871e-02,-6.42234709e-02,-7.82412257e-02,-1.26919238e-02,4.44006039e-02,1.37021655e-02,-5.21336418e-02,2.45549250e-02,5.37565743e-02,1.10377377e-01,-1.90032872e-03
2.08867344e-02,-2.04817858e-02,6.46430909e-03,-5.25473121e-02,-2.44577698e-02,-1.22337159e-02,4.83845746e-02,4.63422908e-02,-4.35674748e-02,1.93750079e-02,4.26080326e-02,1.13835122e-01,-1.66024645e-02
6.79457931e-02,-2.17510758e-03,-2.63487017e-02,-5.85488806e-02,-3.13013904e-03,-4.95557956e-03,3.82209773e-02,4.37369972e-02,-3.14979892e-02,-5.95437799e-03,4.20662918e-02,9.26227825e-02,-2.18921276e-02
6.30567368e-02,1.63725006e-03,-4.98248122e-03,-5.17481721e-02,1.03502232e-02,-1.25017469e-02,-2.46714432e-02,3.74460733e-02,-9.16298064e-03,1.99047102e-02,2.98919075e-02,6.00498622e-02,-3.46057748e-02
7.12501393e-02,-3.57991055e-03,-4.31603396e-02,-6.65546158e-02,2.72509262e-02,1.52030911e-02,-7.87212830e-02,2.05516629e-02,2.62363433e-02,2.70609504e-02,6.64880441e-03,1.70878665e-02,-2.79139613e-02
6.17035686e-02,3.45798986e-02,-4.08906041e-02,-7.39989324e-02,2.56323582e-02,3.85606258e-02,-9.77891957e-02,2.93182449e-05,5.07908440e-02,3.51190403e-02,1.51313655e-02,-6.56770007e-03,-2.51204306e-02
7.77869978e-02,1.57895397e-02,-3.51313572e-02,-4.68118842e-02,2.30543428e-02,4.74472730e-02,-8.74157353e-02,9.27434570e-03,7.11517737e-02,2.37446320e-02,-7.58711967e-03,-3.00744279e-02,-1.74376744e-03
6.20426833e-02,7.81182281e-03,-1.69348832e-02,-2.93295923e-02,7.03442630e-03,4.06222803e-02,-6.23065405e-02,-3.53250385e-02,3.31638089e-02,-1.85182266e-02,-3.51769948e-03,-5.26923150e-02,-4.28699826e-03
3.46790689e-02,-1.23072510e-02,-1.44036699e-02,-3.25642264e-02,-9.93440429e-03,1.13182468e-02,-2.90949417e-02,-2.32053103e-02,1.64962796e-02,-3.02485833e-02,-1.89039422e-03,-6.39269537e-02,1.68358307e-02
4.92766747e-03,2.03683172e-02,1.32517782e-02,-1.93601010e-02,-2.48748964e-02,-1.04353001e-02,-1.48576602e-03,-4.30609990e-02,1.95539228e-02,-4.01722292e-02,3.83146368e-02,-5.15970133e-02,-1.32618356e-02
1.14805905e-03,-4.74317221e-04,1.10123060e-02,-4.62410972e-03,-1.42626863e-02,-2.96432011e-02,1.47613592e-02,-2.93061909e-02,3.06806235e-02,-4.65354887e-02,3.00359668e-02,-4.51665718e-02,1.36081374e-03
-2.57308788e-02,-2.05853571e-02,-2.77245400e-02,-9.69281980e-03,-1.97695132e-02,-3.50233231e-02,2.13751260e-02,-4.29265360e-02,1.16695573e-02,-4.58892710e-02,4.52447544e-02,-3.28145440e-02,2.98720341e-02
-3.41136694e-02,2.17375767e-03,-6.20289118e-03,1.13521875e-02,1.85956573e-02,-4.63845538e-02,-1.10050046e-02,-6.22658090e-02,1.45124424e-02,-6.07044942e-03,5.65017807e-02,-2.10557801e-02,1.37907224e-02
-3.95765953e-02,-6.27793405e-03,-4.84380372e-02,-1.73582841e-02,5.34571230e-02,-3.05860598e-02,-3.21593944e-02,-5.53159859e-02,3.06354494e-02,9.76680248e-03,3.88243255e-02,1.30828791e-02,3.95488422e-02
-5.95219200e-02,-4.18609726e-04,-7.79415416e-02,-2.20731540e-02,7.76920415e-02,4.43869821e-03,-2.07816900e-02,-1.82276886e-02,6.38957709e-02,6.14465531e-02,5.19220099e-02,1.24718488e-02,2.79261383e-02
-5.23968112e-02,-1.23825442e-02,-7.59645077e-02,7.62045401e-03,7.57743631e-02,-8.84296473e-03,-4.91520589e-02,-7.54947563e-03,4.95284915e-02,4.90292765e-02,3.08587741e-02,2.69333983e-02,4.16391163e-02
-1.50630400e-02,-9.58626511e-03,-6.62614983e-02,1.83687157e-02,2.72237312e-02,-2.89063254e-02,-6.15863314e-02,-5.47804170e-03,2.41577714e-02,-1.48894415e-03,1.25908278e-02,1.35649345e-02,-1.76544627e-04
-3.06625573e-02,-2.72996928e-02,-4.93655795e-02,3.27709125e-02,6.52356426e-03,-3.93449146e-02,-2.16347541e-02,5.62840607e-02,2.65228194e-02,-1.36514714e-02,-4.38597969e-03,-4.60196704e-04,-8.40170357e-03
-1.39387687e-02,2.79302268e-03,-1.79369377e-02,2.29635556e-02,-4.19764029e-02,-3.56552042e-02,1.31368509e-02,6.81899329e-02,2.04247016e-02,-1.79873477e-02,-4.36187708e-03,-1.75140355e-02,-6.29440040e-02
-1.21920483e-03,-7.96498535e-03,1.15377314e-02,2.61511189e-02,-8.40145043e-02,-4.72665407e-02,8.26840254e-04,6.75031843e-02,9.95496070e-03,-3.16935235e-02,-2.23182000e-02,-2.21107840e-02,-3.73593876e-02
1.53322745e-02,-1.20796918e-02,3.55369309e-02,3.66912567e-02,-8.39200897e-02,-8.07329772e-03,1.82477459e-02,4.85955590e-02,-4.29189096e-04,-3.02654874e-02,-2.03996541e-02,-3.62996135e-02,-2.60297015e-02
1.03111974e-02,2.08274360e-02,1.20672881e-01,3.67505102e-02,-5.69842174e-02,1.78678068e-02,1.25692168e-02,-6.51238963e-03,2.90648042e-03,1.95039659e-02,-4.72838672e-02,-3.13519436e-02,-4.50498573e-02
8.41957736e-03,3.11789857e-02,1.50545417e-01,-2.33034779e-03,-5.34626700e-02,4.46682892e-02,1.47380622e-02,-5.46034070e-02,-2.23387994e-03,6.23323542e-02,-4.65857906e-02,-1.72048266e-02,-4.68511978e-02
-2.10395084e-02,1.13394583e-02,1.36692880e-01,-3.27070946e-03,-3.71503154e-03,1.07782945e-01,5.71458674e-02,-6.10603889e-02,2.43918172e-02,1.19489388e-01,-4.09963790e-02,-1.59301883e-02,-5.41982367e-02
-7.51442523e-02,-2.54022867e-02,1.20939779e-01,2.87566725e-02,6.66165372e-02,1.32411083e-01,7.24176464e-02,-8.01386701e-02,2.22505221e-02,1.28883551e-01,-5.68339451e-02,-2.01426312e-02,-4.63121019e-02
-4.12635820e-02,-2.73101178e-02,8.71513222e-02,2.22036672e-02,6.47741814e-02,8.65552809e-02,4.23547304e-02,-1.10735443e-01,9.35433067e-03,1.00851946e-01,-7.04290514e-02,-2.51528819e-02,-6.06579887e-02
-3.53458164e-02,-5.10168719e-02,3.05401086e-02,3.53588026e-02,5.98593860e-02,4.30339946e-02,3.79913995e-02,-7.42112515e-02,1.62557372e-02,1.02558130e-01,-4.71474232e-02,-1.34085281e-02,-3.71650305e-02
-8.80334732e-03,-2.98215924e-02,-2.58921079e-02,4.95029749e-02,3.87945057e-02,1.34452611e-02,3.67447815e-02,-3.83979161e-02,2.07211086e-02,8.67812763e-02,-1.47363070e-02,-1.33446537e-02,-4.17097894e-02
1.41077413e-02,-6.90652488e-03,-4.72402510e-02,4.86044701e-02,5.61423253e-03,-3.31712770e-02,1.51130275e-02,-3.90953826e-03,9.70628334e-03,3.78336888e-02,-2.82542758e-02,-1.60118552e-02,-7.94353648e-03
-5.27994394e-03,-2.39697295e-03,-7.26324976e-02,6.80166756e-02,8.77522003e-03,-2.90790913e-02,2.38885301e-02,3.06768417e-05,2.52562710e-02,9.95798140e-03,-2.81324055e-02,-2.15922066e-02,7.88389115e-03
3.35076287e-03,3.03152554e-02,-5.03513458e-02,5.50158615e-02,-1.10763214e-02,-3.15038779e-02,2.20096753e-02,3.51710953e-03,4.31832074e-02,1.34043451e-04,-4.89346962e-02,2.07751265e-04,8.45188690e-04
2.04505634e-02,5.62139258e-02,-4.06109754e-02,-6.50674760e-04,-5.57936417e-02,-3.51057702e-02,-4.98201803e-03,-3.07755016e-03,3.31878459e-02,4.30108371e-03,-3.73203241e-02,-3.54577106e-03,-5.22012143e-03
1.91964471e-02,4.48772342e-02,-4.96140365e-02,-2.69134728e-02,-5.25758074e-02,-2.10795888e-02,-2.58402688e-02,-1.29707218e-02,2.06478277e-02,6.91642119e-03,-3.19067402e-02,-1.70991052e-02,-1.16033941e-02
-1.68712287e-02,3.60544344e-02,-2.92379744e-02,2.85875481e-03,-2.27721321e-02,1.81381079e-02,-1.60100179e-02,1.85349181e-03,3.93900344e-03,-7.30444384e-03,-4.07382076e-02,-4.85700420e-02,-1.93989244e-02
1.39514200e-03,4.02861781e-02,2.86192787e-04,-7.14800572e-03,-2.34075496e-02,1.19515867e-02,-2.98476185e-02,1.02173213e-02,1.42009673e-02,-2.22556133e-02,-4.11191302e-02,-8.26197505e-02,-1.80518330e-02
3.05687550e-02,1.20402744e-02,-2.52219605e-02,-2.96267712e-02,-2.44318596e-02,2.80584100e-02,-2.42109099e-02,1.69960675e-02,1.24516394e-02,-2.19180088e-02,-1.08104523e-02,-8.11582193e-02,-1.71600652e-02
4.51889951e-02,1.68283582e-02,-3.70383249e-02,-4.52219148e-02,-2.40853636e-02,2.23113568e-02,-5.81809435e-02,1.31110458e-02,9.60592729e-03,-2.71621930e-02,1.65995536e-02,-7.49641882e-02,6.33613678e-03
4.18751442e-02,3.51205568e-02,4.59272602e-03,-3.14903489e-02,-9.16398825e-03,2.85942939e-02,-5.57848003e-02,3.36358050e-02,4.01193602e-02,-9.90190695e-03,3.55370768e-02,-7.95306370e-02,1.14011062e-02
3.37840856e-02,1.99097234e-02,3.31216051e-03,-2.43183824e-02,2.94637361e-02,3.91570016e-02,-3.28625502e-02,3.12587198e-02,3.18274939e-02,1.07412135e-03,2.51571957e-02,-6.49380696e-02,2.82339983e-02
7.52077318e-03,1.16255077e-02,3.22895365e-03,-4.16756457e-02,3.83662360e-02,5.32608413e-02,9.08508370e-04,1.47363722e-02,2.45483366e-02,-1.80111450e-02,2.38099043e-02,-3.47008262e-02,1.86985695e-02
-1.11847512e-02,1.16737230e-02,1.44201554e-02,-3.98572499e-02,3.52785598e-02,2.79971030e-02,-2.18539830e-03,1.96523620e-02,1.51865982e-02,-1.60914929e-02,2.21724926e-02,1.48273525e-04,2.01135672e-02
-1.31736356e-02,-1.50498422e-02,-3.15620088e-02,-5.94260295e-02,6.21370460e-02,-3.49087384e-03,9.21458178e-03,2.04572991e-02,-1.91356051e-02,-1.18065379e-02,2.13069055e-02,2.16810926e-02,5.67986066e-04
-9.51451963e-03,-1.41966037e-02,-4.71329409e-02,-6.15723247e-02,4.31535244e-02,-3.28176104e-02,2.20169614e-03,2.64550940e-02,-4.22575855e-02,-2.26592903e-02,1.96779915e-02,4.97287123e-02,-8.57528053e-03
-6.95429693e-03,-8.25641150e-03,-2.06335795e-02,-4.30442041e-02,4.00295393e-02,-5.34639255e-02,2.26607995e-02,4.19908252e-02,-5.19718362e-02,-2.20806711e-02,1.47019498e-02,3.66687448e-02,-2.14673271e-02
-3.80835126e-03,-2.57486195e-02,-3.90944160e-02,-2.67739706e-02,3.94959935e-02,-3.35214092e-02,5.17209239e-02,3.19010837e-02,-6.86760105e-02,-3.72482050e-02,2.88084219e-02,4.90292802e-02,-4.74442793e-02
-2.12929636e-02,-2.91932958e-02,-4.36427909e-02,-2.22215340e-02,3.28565377e-02,-3.88367111e-02,5.18007703e-02,5.43586936e-02,-4.84484384e-02,-3.17243152e-02,1.66830942e-02,4.11874799e-02,-2.58790776e-02
-6.42399881e-02,-2.31122632e-02,5.70076531e-03,-1.61727043e-02,-1.39352848e-03,-2.33930823e-02,5.74592303e-02,4.53423977e-02,1.46407678e-02,1.00628812e-02,2.02446040e-02,5.45725029e-02,-1.38935197e-02
-3.20540678e-02,-4.68256898e-02,3.84004507e-02,-9.59286789e-03,-1.57513118e-02,2.36076611e-03,6.44621669e-02,4.33054825e-02,4.39498922e-02,6.17106288e-02,1.54953566e-02,5.11670638e-02,-8.70128425e-03
-8.45387004e-02,-6.66649329e-02,5.68809162e-02,-9.72815322e-04,-1.58094492e-02,3.34507256e-02,4.61417321e-02,-4.35910307e-03,4.99066055e-02,7.38407866e-02,3.41944504e-03,5.64336066e-02,-2.30328314e-04
-1.13563394e-01,-9.17335842e-02,7.83191021e-02,4.38041386e-02,-2.53941217e-02,3.75835987e-02,1.66316305e-02,-2.95879003e-02,6.39557021e-02,9.11119930e-02,4.56684704e-03,4.74654313e-02,1.43025120e-02
-8.72599841e-02,-1.06130812e-01,5.44829567e-02,3.97022954e-02,-4.00040809e-02,2.73935817e-02,1.23720941e-02,-2.96969931e-02,5.60119463e-02,1.04358084e-01,-5.22919677e-03,5.09716701e-02,1.33967766e-03
-5.28275579e-02,-8.18508594e-02,6.99360466e-03,-5.34623697e-03,-6.90545820e-02,3.59920255e-02,-2.10542275e-02,-7.19985565e-02,4.40890856e-02,6.79644856e-02,-1.48888003e-02,4.16990229e-02,-2.43351886e-02
2.67450078e-03,-2.19972561e-02,4.68369771e-03,-3.36512803e-02,-8.90557972e-02,3.33522067e-02,-2.53403268e-02,-7.30202438e-02,2.80016066e-02,5.95934183e-02,-5.58764394e-03,2.56400560e-02,-4.34129300e-02
1.46652172e-02,3.09329568e-03,-8.90491566e-04,-3.76134480e-02,-7.97722450e-02,1.07443077e-02,-5.98118183e-02,-1.05683979e-01,5.06610059e-03,8.78839221e-03,-3.45595079e-02,9.47823453e-03,-3.54525221e-02
2.33023324e-02,1.89408084e-02,-1.98092495e-02,-2.66114503e-02,-4.14576936e-02,4.64353389e-03,-5.71596164e-02,-3.24474565e-02,3.13016877e-02,5.29988394e-04,-3.84694197e-02,2.83389090e-03,-1.53671152e-02
3.76456763e-02,3.71822735e-02,-2.52990161e-02,-5.53915777e-02,-4.86057341e-02,-1.92283973e-02,-5.78550364e-02,-1.26349368e-02,4.14772448e-02,-3.48667604e-02,-4.95045355e-02,1.13977641e-03,1.44073820e-02
7.44262698e-02,4.00296170e-02,3.12128822e-02,-2.93528081e-02,-2.84534944e-02,-2.44577106e-02,-4.59107818e-02,1.88914091e-04,4.76029571e-02,-3.03807489e-02,-3.76407291e-02,-1.38731568e-02,-6.93593989e-04
5.37525655e-02,-8.30497797e-04,3.20330849e-02,-2.71596941e-02,1.17565865e-02,-1.98062566e-02,-1.04007587e-02,1.85879538e-02,5.07647777e-02,-1.65391290e-02,-3.07375351e-02,-1.58433596e-02,2.13865308e-03
7.43182529e-02,-4.33908158e-03,4.55888672e-02,2.61706796e-02,4.40595715e-02,-2.30406241e-02,3.36283293e-03,8.27586914e-03,2.97027017e-02,-2.25453045e-02,-1.76318888e-02,-4.74616503e-02,2.70140222e-02
9.26674849e-02,-2.22432552e-02,1.75098968e-02,5.44214482e-02,3.76452300e-02,-4.15266123e-02,2.50939078e-02,1.42034142e-02,7.64467860e-03,-7.79526843e-03,2.25987772e-03,-4.86387800e-02,3.18830313e-02
9.17852175e-02,-1.96827894e-02,-2.00845438e-02,5.66662221e-02,4.71852016e-02,-5.64578663e-03,4.54081723e-02,-5.31843272e-03,-2.67089668e-02,-1.23231221e-02,2.02284624e-02,-4.78191309e-02,1.56982638e-02
9.98376726e-02,2.16329539e-02,-2.48891727e-02,7.24592923e-02,1.33921546e-02,9.40716924e-03,2.92320581e-02,-1.98618385e-02,-3.92732485e-02,6.26133960e-03,5.04253056e-02,-2.71308282e-02,1.00421128e-02
7.88338647e-02,4.16011562e-02,-3.02660447e-02,7.13414053e-02,-1.03999547e-02,1.50022939e-02,3.02609484e-03,-4.54348200e-02,-3.47291954e-02,-2.01922598e-02,4.29554295e-02,-3.73417451e-02,2.32217165e-02
7.03455653e-02,4.17660377e-02,-4.81669832e-02,8.90916000e-02,-1.89598462e-02,5.33342944e-02,7.87020889e-03,-3.30627073e-02,-2.64393985e-02,2.88944939e-03,5.28341249e-02,-1.69066512e-02,1.74248499e-02
2.02115667e-02,2.62558014e-02,-4.25402377e-02,9.01084256e-02,-4.20861923e-02,3.15694825e-02,-4.21849837e-02,-2.90791776e-02,-1.25911040e-02,-1.10050869e-02,2.96738746e-02,-3.61964308e-02,2.18286452e-02
-2.82596067e-02,-2.32063905e-03,-1.69193842e-02,9.48511926e-02,-4.65414055e-02,4.56215249e-02,-7.45007887e-02,-5.47176658e-02,-7.05156677e-03,-2.06281838e-02,2.28374063e-02,-2.02071104e-02,1.85391072e-02
-6.29269445e-02,-5.01816925e-02,-7.99813896e-03,5.29227839e-02,-5.32285234e-02,2.45282002e-02,-5.48176040e-02,-3.38836892e-02,2.05135916e-02,2.40449832e-03,5.75692868e-03,-2.88790780e-02,-1.30217502e-02
-6.52954678e-02,-4.53859887e-02,7.45432082e-03,2.61303378e-02,-4.31908030e-02,2.00410367e-02,-5.28726214e-02,-4.69325415e-02,3.60442063e-03,-2.53779689e-03,-2.22879743e-06,-2.63634640e-02,-1.45442188e-02
-5.54038563e-02,-3.47689132e-02,1.81171321e-03,4.63459417e-03,-3.55971248e-02,-9.96359155e-03,-3.39532618e-02,-4.74468190e-02,-8.33664929e-03,1.79661052e-02,-7.01836788e-03,-2.29763080e-02,-2.68384360e-02
-6.24608724e-02,-5.34512531e-02,-6.39067840e-03,-5.19809082e-03,5.58635466e-03,8.94305166e-03,1.46845021e-02,-3.34106843e-02,-9.55233056e-03,2.62415589e-02,-1.21034011e-02,-1.06097596e-02,-3.84422186e-02
-5.49441902e-02,-5.47229378e-02,8.59214803e-04,1.19937612e-03,1.40701542e-02,-1.09414790e-02,3.34324431e-02,-1.47038573e-02,-1.38799329e-02,3.39676210e-02,-4.03055268e-02,1.84312129e-02,-1.81177129e-02
-2.35123676e-02,-3.12172933e-02,1.43212026e-03,-2.67981523e-02,4.38653075e-03,-3.98007654e-02,2.03901773e-02,9.35644587e-03,8.76504723e-03,4.06447620e-02,-1.80249575e-02,3.03547579e-02,-1.05169660e-02
2.10304989e-02,-9.10277030e-03,1.92113077e-02,-3.83668349e-02,1.39401596e-02,-6.82201417e-03,7.77222172e-02,6.44155501e-02,-5.96907798e-03,4.21487114e-02,-1.72498288e-02,3.73884005e-02,-7.97927362e-03
-2.09010012e-02,-6.87089580e-03,7.24959717e-02,-2.68431062e-02,4.26928258e-02,-2.22687708e-03,7.31085465e-02,7.13674718e-02,-3.17171485e-02,3.38924744e-02,-1.56740548e-02,2.28591763e-02,1.08096401e-02
-3.62791900e-02,-5.10258803e-02,7.88672485e-02,-5.63068056e-02,6.65804099e-02,1.72208310e-02,7.79584913e-02,7.70021837e-02,-3.51531200e-02,4.29677931e-02,3.83975359e-02,4.37684529e-02,3.95587808e-02
-2.49387696e-02,-4.42587703e-02,8.73763892e-02,-6.65065329e-02,8.71231757e-02,1.56352165e-02,8.15589333e-02,9.47300277e-02,-2.38460291e-02,4.06147974e-02,6.79188740e-02,3.36877638e-02,2.42583069e-02
-5.14426291e-02,-5.53801972e-02,5.79035491e-02,-8.06384787e-02,8.83540721e-02,1.01832117e-02,4.79566600e-02,6.23949457e-02,-3.27751152e-02,1.77847277e-02,1.12620028e-01,3.10889230e-02,9.70049196e-03
-5.01034652e-02,-4.19223320e-02,2.60221518e-02,-1.15048017e-01,5.00485038e-02,4.13304244e-03,3.58539469e-02,7.25971091e-02,-1.53738051e-02,3.79025358e-02,1.37705837e-01,3.78312295e-02,6.40567181e-03
-2.65915781e-02,-4.36862433e-02,4.04182511e-03,-1.05974556e-01,5.04811585e-02,2.10389058e-02,3.99493647e-02,1.48548175e-02,-1.99316504e-02,1.47237743e-02,1.29512843e-01,4.93694101e-02,-7.59885813e-03
-1.75419401e-02,-3.90122343e-02,-3.19218152e-02,-7.94983250e-02,1.11200649e-02,2.05110121e-02,3.83285330e-02,-1.72858676e-02,-1.58325989e-02,-3.09874476e-03,9.27304612e-02,4.46442045e-02,4.25914753e-03
2.31828366e-02,-1.47127032e-02,-7.47207547e-02,-5.53716449e-02,-5.93685003e-02,-1.81982012e-02,-1.55079907e-02,-4.27014808e-02,1.53196932e-02,-1.46278103e-02,6.40423071e-02,2.75260531e-02,-5.13573245e-03
3.56618826e-02,-2.37899246e-04,-6.00917082e-02,-1.74709905e-02,-6.85349366e-02,-5.47470357e-03,-9.72718168e-03,-2.53951947e-02,3.69960498e-02,-3.91607580e-02,-2.63550229e-03,3.36076745e-02,-7.18540074e-03
-1.55414911e-02,1.37074639e-03,-5.50690953e-02,1.36258234e-02,-7.24193163e-02,6.75612987e-03,-2.32981417e-02,-2.57315317e-02,3.53374791e-02,-4.24039010e-02,-1.32602557e-02,4.71103618e-02,2.22192087e-02
-3.38913867e-02,-2.77013063e-03,-4.74492438e-02,1.63140839e-02,-6.81831049e-02,-6.48026033e-03,-2.47644609e-02,-6.75857510e-03,4.90144487e-02,-2.38748922e-02,-8.76470724e-03,3.54760538e-02,4.11358839e-02
-1.66526369e-02,3.92828082e-02,-1.24276578e-02,3.03453780e-02,-4.25602015e-02,1.44181499e-02,-2.79622244e-02,1.02589014e-03,2.56251240e-02,-3.92853946e-02,-9.30826781e-03,3.73151603e-02,4.90473059e-02
-3.08847878e-02,3.15179622e-02,4.97156227e-04,2.85929680e-02,-3.28080578e-02,-1.66456924e-02,-4.87823505e-02,-3.23922019e-04,4.40404047e-02,-3.83429894e-02,-2.33223702e-03,3.13272754e-03,2.01979887e-02
-4.53427254e-02,1.94945376e-02,4.97435847e-03,2.07573719e-02,-1.82349235e-02,-8.03270147e-03,-3.90983283e-02,2.34885354e-02,5.84581944e-02,-3.46821277e-02,9.71339194e-03,-2.48811773e-02,1.38584049e-02
-3.58447522e-02,-4.83201346e-03,-9.84691289e-03,-1.62591171e-02,4.67029300e-03,-2.15975209e-03,-1.64003068e-02,3.62123876e-02,4.09774442e-02,-2.32573668e-02,2.70467930e-02,-9.77475767e-03,2.84503256e-02
-1.55574458e-02,1.29910686e-02,6.74902154e-03,-3.38563705e-02,6.92366857e-03,-1.30504605e-02,-2.51484174e-02,2.30545612e-02,2.77792472e-02,-9.27521047e-03,1.26427176e-02,-2.57546242e-02,3.13474002e-02
1.30667966e-02,2.57810342e-02,1.23759645e-02,-2.28397346e-02,-1.28884302e-02,-2.65793581e-02,-3.69971978e-02,1.38599556e-02,-6.09951182e-03,-3.16181408e-02,-6.08066947e-03,-5.03343198e-02,3.94547692e-02
4.40462596e-02,2.59337646e-02,3.30998935e-02,-3.91787587e-03,4.98145627e-03,-2.05344233e-02,7.54951823e-04,3.52010114e-03,-1.84289136e-02,-3.27880232e-02,-3.84022688e-02,-5.74439444e-02,2.88040482e-02
2.45593708e-02,1.44457352e-02,3.70866336e-02,4.57386286e-03,7.07144840e-03,-1.87059250e-02,7.19376647e-03,1.47751272e-02,-3.10508487e-02,-2.31058797e-02,-1.48871702e-02,-2.39278956e-02,2.87889317e-02
-3.57738783e-03,1.55489655e-02,1.98116071e-02,-1.68443132e-04,3.22705877e-02,-1.97324445e-02,1.40484970e-02,5.22086788e-02,8.04430244e-03,-2.78364426e-03,-9.44651093e-04,-7.23202966e-03,3.49518225e-02
2.78828358e-02,6.94898491e-02,1.88328937e-02,-1.95632045e-02,3.74668351e-02,-4.20113659e-03,8.05176426e-03,2.35171655e-02,-4.65382007e-02,-2.50836057e-02,2.18019986e-02,1.60851826e-02,4.00357977e-02
2.67230309e-02,5.44337461e-02,1.52035073e-02,-2.86355773e-02,5.12094648e-02,-4.61829636e-02,-1.16010731e-03,1.13147679e-03,-7.34460070e-02,-2.56373730e-02,3.25092188e-02,5.05856493e-03,1.96331330e-02
3.35573176e-02,7.52479027e-02,4.24775683e-02,-1.55083358e-02,7.23019185e-02,-4.93692314e-02,-1.99003303e-03,-8.28550171e-03,-5.67822822e-02,-3.18064222e-02,4.23947017e-02,9.06600951e-03,-8.73958381e-03
-7.59914121e-03,4.32907700e-02,-1.08391577e-02,-6.10065012e-02,6.54915439e-02,-2.96225814e-02,2.04346279e-02,1.84813852e-02,-3.52418355e-02,-1.76489381e-02,6.24119851e-02,2.89613666e-02,-3.10852522e-02
-1.07622330e-02,1.62855104e-02,5.70091714e-03,-5.88643933e-02,4.48650488e-02,-6.67166538e-02,-2.63631413e-02,-2.39892866e-02,-1.75368336e-02,-1.70116046e-03,4.25150551e-02,5.90693275e-03,-7.20158529e-02
1.18585883e-02,-7.07553318e-03,5.31656726e-03,-2.80371541e-02,3.34615694e-02,-6.84808796e-02,-2.19515071e-02,-3.03048261e-02,-2.26746377e-02,5.77984978e-03,1.79237401e-02,-6.85017164e-03,-6.00592438e-02
3.46923736e-02,5.39739700e-04,-3.46734222e-03,1.16720114e-02,2.12583596e-02,-6.97451899e-02,-2.04009576e-02,-3.35130886e-02,-1.95031075e-02,-3.30248851e-04,-1.34045274e-02,-2.04727591e-02,-4.48680633e-02
-6.85973262e-03,1.37690357e-02,3.30130814e-03,2.86206583e-02,-5.75710218e-02,-5.34928254e-02,-1.26531783e-02,-2.05713225e-02,-3.31041809e-02,2.95975408e-03,-5.21962451e-02,-1.25709394e-02,-3.86932614e-02
-7.57532884e-02,-5.58118734e-03,2.13878973e-02,6.94449961e-02,-5.80573436e-02,-1.96007795e-02,-1.49855725e-02,1.48288226e-02,1.96147713e-02,4.09604370e-02,-6.66643910e-02,1.35829159e-02,4.21876011e-03
-1.41809383e-01,2.08281536e-02,4.97264696e-02,9.43064825e-02,-5.82336224e-02,2.46234501e-02,-2.81426796e-03,5.23087328e-03,8.28040438e-03,2.69980902e-02,-7.14930523e-02,2.43039776e-02,1.10505301e-02
-1.36184875e-01,7.11420631e-03,2.45228322e-02,9.08652394e-02,-3.57836521e-02,3.59063184e-02,1.19038923e-02,-7.51848391e-03,-4.04140347e-02,1.33539829e-03,-6.50069461e-02,2.79620553e-02,4.30503749e-02
-1.14427271e-01,4.35271503e-02,3.38973634e-02,6.86312737e-02,-3.58367395e-02,4.47096103e-02,2.82274942e-02,-8.03420048e-03,-6.21461070e-02,1.01420262e-02,-1.27179751e-02,6.68083660e-02,7.29181525e-02
-1.17206930e-01,2.48963937e-02,-2.34367735e-02,-2.91167857e-04,-3.83003254e-02,4.94010479e-02,4.12001983e-02,9.71212064e-03,-4.39094784e-02,3.46008871e-02,4.17328890e-02,1.03980400e-01,8.11241461e-02
-1.01621935e-01,-1.22862380e-02,-3.10035710e-02,-3.88137170e-02,-3.63970517e-02,2.61773786e-02,7.72597643e-03,-3.46385934e-02,-4.58043473e-02,2.52589979e-02,5.62251906e-02,9.38590543e-02,5.81362744e-02
-4.14790339e-02,-2.96239282e-02,-2.25071713e-02,-5.14607005e-02,-5.06481540e-03,1.92690992e-02,9.65358070e-03,-4.07543253e-02,-4.66979672e-02,1.44573234e-03,4.36832276e-02,6.92810444e-02,4.64505527e-02
1.14363058e-02,-3.89506201e-02,-2.46346757e-02,-5.04207995e-02,3.65997812e-02,8.55508100e-03,-1.78047020e-03,-3.36827671e-02,-3.79655565e-02,-3.07377153e-02,4.51541323e-02,5.78722673e-02,4.17204221e-02
3.97579294e-02,-2.47235245e-02,-3.50254236e-02,-9.35611659e-02,-3.78791036e-02,-1.41870490e-02,-2.37968209e-02,-3.51602801e-02,-4.66150526e-02,-3.29472448e-02,4.67330188e-02,5.38317509e-02,3.54763819e-02
7.36798783e-02,-4.13715321e-02,-3.18726001e-02,-8.84840830e-02,-4.01986279e-02,-2.58649840e-02,-5.35483302e-02,-1.65691213e-02,-2.48177328e-02,-2.43625362e-02,2.77670381e-02,2.89473158e-02,4.19371299e-02
2.51894384e-02,-4.30065753e-02,-3.90518889e-03,-6.48579667e-02,-4.35588025e-02,-2.82044300e-02,-5.72101249e-02,-1.58842830e-02,-1.97254710e-02,-3.24961794e-02,6.33589720e-03,-5.12056479e-03,1.49608951e-02
3.59818555e-02,-5.04048560e-02,-3.29441844e-03,-2.18232128e-02,-2.97219265e-02,-1.19923194e-02,-4.56580428e-02,-3.36952745e-03,-1.52990550e-02,-5.81214976e-02,-3.21618237e-02,-3.42130576e-02,2.27570789e-02
2.59685687e-02,-2.39348930e-02,3.09097173e-02,2.58930643e-02,-1.35660030e-02,3.09417933e-02,3.03327520e-03,-1.30173642e-03,-3.40642818e-02,-8.10034725e-02,-5.29246405e-02,-6.64777350e-02,8.93333843e-03
3.38561179e-02,-4.78069760e-02,-5.45632101e-03,7.69340659e-03,-3.91900388e-02,-3.98515676e-03,2.55332288e-03,-2.57118154e-04,2.75150752e-03,-5.70603629e-02,-3.70036867e-02,-6.89206826e-02,1.66882414e-02
3.10253919e-02,-3.70701187e-02,-2.24799814e-02,-2.61275953e-02,-5.91962419e-02,-2.24595466e-02,9.65462612e-03,-2.23921596e-02,1.63954755e-02,-4.49639155e-02,-3.22717697e-02,-5.46032110e-02,4.07732639e-02
5.17116610e-02,8.34967222e-03,6.17725003e-03,-3.44383073e-03,-2.17938238e-02,-1.64094587e-02,2.02133826e-02,-3.18503604e-02,2.74178602e-02,-4.60223326e-02,-3.13334854e-02,-6.69823956e-02,2.29160681e-02
4.25186856e-02,1.00151491e-02,-3.70974521e-03,1.54366883e-02,4.76634615e-02,-1.06867815e-03,3.80124049e-02,-3.08545910e-02,1.97864939e-02,-4.07266160e-02,-2.24440331e-02,-5.00023143e-02,1.09928495e-02
1.25394677e-02,5.43942815e-03,-4.31136317e-02,1.91461315e-03,6.80026696e-02,-3.78929785e-03,2.10469090e-02,-2.13901714e-02,1.30869386e-02,-2.60382287e-02,3.41602303e-03,-3.19212695e-03,-4.73739869e-03
4.89546563e-02,3.87031221e-02,-6.07677249e-02,-7.63014256e-03,8.45772234e-02,-7.95871097e-04,1.56313540e-02,2.83159987e-03,2.48842491e-02,-7.48230881e-03,1.60238866e-02,2.75804933e-02,-3.12398554e-02
5.57867809e-02,6.02685578e-02,-6.22613420e-02,-2.92469381e-02,5.19276072e-02,-1.74365436e-02,-4.52630765e-03,5.72164371e-03,1.93948380e-02,2.15732417e-02,3.54718612e-02,4.18723551e-02,-5.78168221e-02
4.87428186e-02,4.97040679e-02,-7.67470542e-02,-1.10604762e-02,4.45582430e-02,-2.91509953e-02,-2.14253408e-02,1.97751538e-02,1.14040660e-02,4.35762763e-02,4.50672218e-02,6.42644606e-02,-4.98533658e-02
2.86760628e-02,8.30097009e-02,-3.92670706e-02,5.38469661e-02,7.45818680e-02,1.32200598e-02,-1.54639885e-03,4.39878507e-02,-7.30814146e-03,2.75733666e-02,2.26402689e-02,2.52413664e-02,-7.40983501e-02
-1.41756397e-02,4.06285877e-02,-5.87757473e-02,6.85679074e-02,4.32814434e-02,2.85728252e-03,-8.92936013e-03,5.27765577e-02,-9.15776866e-03,1.89624742e-02,1.77665213e-02,9.92242596e-03,-6.02208505e-02
-5.27757228e-02,3.99114796e-02,-5.21223601e-02,2.85642679e-02,-3.87564084e-02,-2.96014123e-02,-1.13951143e-02,6.46904715e-02,-1.84419553e-02,1.16222526e-02,1.39401484e-02,1.10957536e-02,-1.35893734e-02
-2.43452713e-02,3.68986615e-02,-2.92334281e-02,3.18291041e-02,-7.16088525e-02,-3.51885787e-02,1.12787844e-02,7.51634358e-02,2.23571432e-02,1.81398397e-02,-1.35766184e-02,-2.29762087e-02,6.18865196e-03
1.32368468e-02,2.40931762e-02,-7.50493527e-03,4.45032166e-02,-3.89280140e-02,-3.64680506e-03,3.13313896e-02,8.28950788e-02,5.20290546e-02,2.37601865e-02,-9.83611208e-02,-4.38994978e-02,3.93189966e-02
-1.47193847e-02,7.40321826e-04,-6.38118964e-03,5.61719073e-02,2.08115140e-03,1.73506890e-02,3.06659159e-02,9.49640857e-02,4.11330359e-02,-1.46150529e-02,-1.41793662e-01,-2.90577685e-02,4.70836524e-02
-2.22323855e-02,6.50562139e-03,8.36540210e-03,8.15353135e-02,5.67706979e-02,5.98645987e-02,5.26921917e-02,1.01383222e-01,3.65184648e-02,-6.30546130e-02,-1.86550706e-01,-1.67527546e-02,4.81917840e-02
1.91264026e-02,6.91681818e-03,4.45511901e-02,1.13521414e-01,6.57842276e-02,7.93021281e-02,6.29155018e-02,1.04849622e-01,1.41628112e-02,-9.10233510e-02,-1.89812947e-01,-2.74875123e-02,3.65947715e-02
5.64205176e-02,1.70862096e-03,3.59889543e-02,8.92463843e-02,5.37125498e-02,4.65666638e-02,5.02755152e-02,1.03888721e-01,8.41526337e-03,-9.86722967e-02,-1.73679973e-01,-1.07650439e-02,4.03115295e-02
5.89765197e-02,7.72939241e-03,3.32557483e-02,7.61548988e-02,6.05991351e-02,3.98452850e-02,4.65951611e-02,8.95364637e-02,-1.14699590e-02,-1.26502675e-01,-1.70752346e-01,-2.08182652e-02,1.14000896e-02
4.44100828e-02,-6.71283148e-03,4.59150281e-02,7.09028949e-02,3.81894678e-02,6.32889121e-03,1.57025814e-02,6.36829179e-02,-2.15343952e-02,-1.01035442e-01,-1.00517976e-01,-1.13892339e-02,6.57426863e-03
1.87619949e-02,-1.00585614e-02,4.05133752e-02,1.85751254e-02,4.69752658e-04,-2.95069779e-02,-8.73030038e-03,2.55315429e-02,-5.87321840e-02,-9.83957391e-02,-3.80258039e-02,-1.49892776e-02,-3.61453385e-03
-2.75149841e-03,-4.65714321e-02,-1.37844508e-02,-3.87122487e-02,-3.94677725e-02,-8.66982448e-02,-2.10271067e-02,3.98672943e-03,-3.65739828e-02,-6.86944077e-02,1.10328999e-02,-1.60886290e-02,4.28944147e-03
2.16322459e-02,-4.74145687e-02,-1.69754798e-02,-5.22327484e-02,-2.03912024e-02,-9.95267927e-02,-6.83367574e-03,7.59946871e-03,-8.96440134e-03,-2.13864945e-02,7.51434503e-04,-3.89306753e-02,5.17161326e-03
3.93899758e-02,-4.42961445e-02,-2.28237920e-02,-6.50216631e-02,-2.24482959e-02,-1.07822867e-01,-1.62607567e-02,-8.69747035e-03,-2.17275171e-02,8.05966281e-03,2.42165291e-02,-3.37639792e-02,4.64306972e-03
-8.95659175e-03,-3.77710049e-02,-6.71951783e-03,-6.32665508e-02,1.19916016e-02,-8.20742732e-02,-2.43924815e-02,-1.45041523e-02,-6.24071874e-03,6.87519629e-03,-8.44939593e-03,-3.39990375e-02,-1.93571160e-03
1.73004708e-02,-2.26899180e-02,2.13727531e-02,-1.61764875e-02,2.31741542e-02,-5.70059257e-02,-1.73532620e-02,-2.16566780e-02,-8.07997378e-03,1.86847937e-02,3.90019255e-03,-3.46738318e-02,-1.25118669e-02
3.58056946e-02,-1.64841833e-02,2.89720564e-02,-2.44658111e-02,1.65023930e-02,-3.47430592e-02,-1.77286832e-02,-2.03720800e-02,-1.95264516e-02,2.39489990e-02,1.63734153e-02,-3.08028493e-02,-1.29895342e-02
9.83890122e-03,-4.48492324e-04,4.08141211e-02,-1.49647946e-02,9.45653849e-04,-1.83297600e-02,-2.06921210e-02,-3.62554603e-02,-4.14853203e-03,2.91395792e-02,1.90439921e-02,-2.27851695e-03,-2.41991573e-03
-9.91944041e-03,1.59069426e-02,6.44733310e-02,3.53193736e-03,-2.76297830e-02,-1.79490419e-02,-2.22171580e-02,-3.34727554e-02,1.02300442e-03,5.77387361e-02,1.19585137e-02,3.32869991e-03,-1.38879108e-02
-8.17029245e-03,5.45928166e-02,6.69038764e-02,5.12310374e-03,-2.03884407e-02,6.64659236e-03,-2.76355491e-02,-4.90768383e-02,-9.71334399e-03,4.27913649e-02,1.87717325e-02,1.74542930e-02,-2.25433973e-02
-3.17016169e-02,7.22813641e-02,3.73528652e-02,-7.19428156e-03,-2.97524023e-02,7.95825088e-03,-4.74068359e-02,-6.26640710e-02,3.13318479e-03,3.49291498e-02,2.28794539e-02,2.83293829e-02,-1.84555667e-02
-3.09485002e-02,7.90193477e-02,1.73437347e-02,-3.90626593e-03,-2.02971137e-02,1.43575483e-03,-4.05787887e-02,-4.48057682e-02,-1.79474936e-02,3.69350200e-02,2.45141640e-02,2.79100617e-02,-2.87153014e-02
-1.22828556e-02,7.54939847e-02,-3.13166712e-02,-4.13146304e-03,-8.81195572e-03,-4.54006715e-04,-3.70576731e-02,-3.90960292e-02,-3.80685348e-02,5.04222480e-02,4.51006903e-02,2.00461773e-02,-3.01431820e-02
4.06195932e-03,7.16934215e-02,-6.20022686e-02,-1.17713062e-02,4.46634605e-03,-2.58089744e-04,-2.15910221e-02,-1.90788289e-02,-2.91103149e-02,4.53456636e-02,2.21774226e-02,9.54578187e-03,-1.51512074e-02
5.54853267e-03,3.88971748e-02,-1.02606221e-01,-1.67806092e-02,-5.89774912e-03,-1.97565438e-02,-1.07300872e-02,-1.02781652e-02,-3.97034393e-02,-2.24167743e-03,-1.04957091e-02,-4.63904961e-02,-3.17459469e-02
1.50667411e-02,-4.76166042e-03,-1.13444440e-01,-1.21276904e-02,8.61360717e-03,1.84484236e-02,2.88284990e-02,-2.68163615e-03,-4.67381890e-02,-2.69933786e-02,-1.26755516e-02,-6.95906915e-02,-3.97430462e-02
3.03719169e-02,-1.03872182e-02,-9.34116388e-02,-2.39481195e-02,-3.89059787e-02,2.16360615e-03,4.73479405e-02,-1.65031677e-02,-2.38331865e-03,-2.65697995e-02,8.58047658e-03,-5.00405483e-02,7.68653447e-03
9.91574794e-03,-2.30901235e-02,-4.96775931e-02,-2.30979496e-02,-4.16940049e-02,-2.95335709e-03,7.73241287e-02,-8.77802783e-03,1.87409124e-02,-1.80589595e-02,2.79913831e-03,-5.12999463e-02,2.43401323e-02
5.16814957e-03,3.18865138e-04,-2.18600048e-02,-6.20712645e-03,-2.44374943e-02,1.40941494e-02,8.41175714e-02,-1.06781976e-02,7.54155601e-03,-2.85694149e-02,3.86909739e-03,-3.38397597e-02,1.24532916e-02
-1.46865823e-02,2.54425518e-03,2.10917952e-03,5.23217546e-02,9.05953311e-03,5.23544255e-02,8.37426152e-02,-1.36896603e-02,1.22289405e-02,-4.11312400e-02,-5.53431257e-03,-1.75483755e-02,3.77903898e-03
1.91196393e-03,1.14694237e-03,2.59252314e-02,1.11526989e-01,2.13531290e-02,5.64147022e-02,3.78726237e-02,-2.65942187e-02,9.62913873e-03,-3.04611059e-02,7.34668818e-03,3.25574892e-02,-8.38273082e-03
-2.28059706e-02,1.06218939e-02,4.64548897e-02,1.44264774e-01,4.20901247e-02,4.49163337e-02,-2.46225785e-03,-3.05903815e-02,4.36543769e-03,-1.65752619e-02,-4.06805915e-03,4.53101633e-02,-4.79232867e-02
-1.07426040e-02,2.06667843e-02,6.03323840e-02,1.58756472e-01,4.85426396e-02,6.26126656e-03,-4.49379913e-02,-3.00500191e-02,7.11855057e-03,2.49181701e-02,1.78811556e-02,9.90995644e-02,-2.14975671e-02
-2.54855504e-02,-6.21139941e-03,3.74471652e-02,1.56632709e-01,6.21497563e-02,-1.63191772e-02,-6.23334260e-02,-1.86440178e-02,5.71672009e-03,2.17308761e-02,2.86782618e-05,7.28495399e-02,-5.60633330e-02
-7.03588491e-02,-4.85962613e-02,1.99169515e-02,1.48168359e-01,8.62860809e-02,-1.03964213e-02,-6.92961511e-02,-1.23709804e-02,-2.34545102e-02,-1.98303198e-03,-2.21697156e-02,5.98801401e-02,-7.50182627e-02
-7.22071801e-02,-5.43500924e-02,-2.23796697e-02,8.23575348e-02,3.77791348e-02,-6.32566712e-02,-9.15868701e-02,-1.51620124e-02,-2.05799746e-02,-5.50788201e-03,-3.20401642e-02,6.08377059e-02,-5.62153447e-02
-4.88131677e-02,-5.14439884e-02,-2.28452203e-02,1.26458754e-02,2.84279435e-02,-6.36908744e-02,-3.67128354e-02,1.86206629e-02,2.79110657e-03,3.00110004e-02,-1.53650194e-02,6.02995064e-02,-3.26593890e-02
-3.67644288e-02,-4.44492565e-02,-4.29624476e-02,-4.39556999e-02,1.26185041e-02,-5.28341021e-02,-3.51368340e-03,1.03779046e-02,-1.74997518e-02,3.10402443e-02,-3.37232490e-02,2.93334343e-02,-3.18288040e-02
-2.16735405e-02,-2.47460658e-02,-4.22417329e-02,-6.39334022e-02,6.30141779e-03,-5.85103219e-02,1.68328658e-02,1.35265014e-02,-3.19483110e-02,2.68354326e-02,-3.06483932e-02,-2.43265941e-03,-3.20696296e-02
-1.01613475e-02,-2.76836561e-02,-2.68811186e-02,-6.94449126e-02,1.49324565e-02,-1.58448864e-02,4.47819843e-02,2.16019019e-02,-1.93839601e-02,2.33153400e-02,3.54395483e-03,-9.77504671e-03,-3.27202071e-02
-2.95246160e-03,-1.46587238e-02,-1.72043084e-02,-6.87775969e-02,-7.27717572e-03,-8.64172632e-03,5.71492009e-02,7.91872243e-03,-2.63820027e-02,1.29624176e-02,-1.58138075e-02,-4.28867606e-02,-3.25452114e-02
3.12861782e-03,7.90676096e-03,-3.32443863e-02,-6.96531919e-02,-1.34626708e-02,4.60065035e-04,5.62614215e-02,7.53752072e-03,-9.19009024e-03,1.82161928e-02,-1.83428954e-03,-3.71040074e-02,-9.28687779e-03
9.26517842e-03,2.06462193e-02,-6.07507616e-02,-8.95323254e-02,7.63882095e-03,5.18155392e-02,7.89260082e-02,-9.81272979e-04,3.23619731e-02,4.71459212e-02,2.58197930e-02,-3.38862114e-02,-2.43474042e-02
2.73639448e-02,6.17468014e-02,-4.09253592e-02,-9.49915242e-02,2.31272841e-02,7.53430254e-02,6.34404081e-02,-3.28585624e-02,2.11663888e-02,2.12723033e-02,1.92653714e-02,-4.11670407e-02,-4.37359990e-02
4.47247475e-02,1.25604614e-01,-4.83152684e-02,-1.04654722e-01,5.32053636e-02,7.76447498e-02,4.01004021e-02,-5.15803509e-02,3.87589352e-02,1.65296377e-02,-3.29273644e-03,-4.90731944e-02,-5.56140608e-02
4.83463657e-02,1.19097910e-01,-5.51881483e-02,-9.61043479e-02,8.34084089e-02,1.02995735e-01,7.47812920e-02,-5.30038298e-02,6.83922091e-02,2.72465899e-02,-2.81207324e-02,-4.16454405e-02,-4.80089661e-02
8.13572134e-02,1.15289455e-01,-8.39714473e-02,-9.71983578e-02,6.57775239e-02,8.02786167e-02,6.39446223e-02,-7.61498636e-02,4.58688254e-02,1.47288397e-02,-3.22486392e-02,-2.31834895e-02,-1.93067910e-02
8.39539996e-02,1.05281442e-01,-5.45622296e-02,-6.95796743e-02,4.47810374e-02,2.51765168e-02,2.92664936e-02,-5.85487783e-02,3.37014890e-02,-1.69310496e-02,-1.84663385e-02,-9.54310589e-03,-1.53668936e-02
4.25049303e-02,4.52319830e-02,-3.66281116e-02,-6.47035352e-02,5.69869616e-02,2.05927877e-02,4.19436420e-02,2.05279231e-02,4.32568790e-02,-2.65393739e-02,1.73101719e-02,-7.33229005e-03,-2.65903787e-02
4.00671869e-02,1.20145456e-02,8.95298946e-03,-4.23870160e-02,2.03628005e-02,-1.96214661e-02,1.10288660e-02,2.30703732e-02,1.08201113e-02,-3.33116019e-02,2.18143182e-02,-6.72594956e-04,6.70085507e-03
2.56567711e-02,-2.11252377e-02,2.69533242e-02,-8.09477191e-03,2.37898372e-02,-2.98663065e-02,-8.06159103e-03,7.03104263e-02,1.73509047e-02,-6.93425671e-02,-5.48253754e-03,-9.09880816e-03,3.75963031e-02
-3.25292380e-03,-7.21567630e-02,1.31683467e-03,-3.39769057e-02,2.20493781e-02,-2.51873195e-02,-2.80840648e-02,1.15329179e-01,1.67108990e-02,-6.09545930e-02,-7.10438654e-03,-5.29768988e-03,4.55049761e-02
2.16588448e-03,-3.19965845e-02,4.15204313e-02,-1.31486640e-02,1.44196442e-02,3.25307030e-03,-8.16136753e-02,1.21432070e-01,1.43806741e-02,-4.59799179e-02,-1.82260405e-02,2.87431671e-02,4.93907850e-02
1.18593677e-02,4.02448442e-03,9.18393460e-02,5.81840158e-02,2.83090420e-03,3.72438966e-02,-7.51168925e-02,1.14376423e-01,1.79019946e-02,-2.17451002e-02,-5.01680175e-02,1.83566472e-02,3.12451692e-02
-1.29997091e-02,-1.51469947e-02,1.00271101e-01,1.17507380e-01,1.78665505e-02,6.17520537e-02,-5.41137439e-02,7.56538838e-02,3.26773898e-02,-2.12057573e-02,-1.18484171e-01,-2.49547452e-02,-2.65653984e-03
1.92579165e-02,3.03464708e-02,7.98909546e-02,1.40392140e-01,1.81262137e-02,5.76066050e-02,-6.11120550e-02,2.27007171e-02,-1.15467100e-03,-1.99659007e-02,-9.04854372e-02,-1.70546133e-02,7.56923493e-03
-2.15994835e-02,-1.63205904e-03,4.85300343e-02,1.14377813e-01,-1.71343468e-02,6.25373427e-02,-4.64680346e-02,2.41978351e-02,3.39218523e-02,-7.27711062e-03,-6.12095296e-02,5.45335726e-03,7.84995686e-03
-6.14087958e-02,-3.06134957e-02,5.99566860e-03,8.41583242e-02,-2.12234827e-02,4.09978367e-02,-2.38246030e-02,3.60660475e-02,4.64100861e-02,-7.74491783e-03,-1.03631558e-02,1.14910811e-02,-4.84924191e-04
-6.03733577e-02,-3.97251101e-02,-1.72493923e-02,4.47566293e-02,-4.96226963e-02,3.51316033e-02,3.20738064e-03,-1.30509597e-03,3.90407890e-02,-4.76668815e-03,2.06559012e-02,1.61813212e-02,7.92756926e-03
-5.20755403e-02,-3.19884891e-02,-2.85835242e-03,2.23907359e-02,-4.48767899e-02,1.42577770e-02,1.94280492e-03,-4.97104955e-02,1.42891371e-02,-4.10581276e-02,3.53634564e-02,5.84055015e-03,3.92589389e-03
-2.56475247e-02,-5.17940825e-02,-5.09922287e-02,-2.90792577e-02,-3.44291756e-02,-2.95840062e-02,2.49906247e-02,-2.93794228e-02,-2.68581305e-05,-3.02755466e-02,5.14875567e-02,-1.27826884e-02,-7.26357445e-03
-4.26125192e-02,-4.97939895e-02,-4.74779612e-02,-2.36819392e-02,7.59916058e-03,1.33938468e-02,5.18393562e-02,-3.02362788e-03,2.09891695e-02,-5.03719975e-03,6.44897436e-02,2.45339611e-02,-3.34221581e-03
-3.86716135e-02,-4.59473029e-02,-7.01170694e-03,2.25870396e-03,-2.13626568e-02,-2.69625320e-02,2.20339986e-02,-2.42093217e-02,-1.07381720e-02,-4.17093586e-03,2.60919347e-02,-6.37364204e-04,-2.89988601e-02
-1.03423065e-02,-5.82033428e-02,3.09743671e-02,3.61288667e-02,-7.60345415e-03,-3.14958779e-02,2.24234349e-02,-4.38661627e-02,-3.69230489e-02,-3.00105265e-02,-9.14831147e-03,-1.50704264e-02,-5.24933028e-02
-2.97315735e-02,-8.08789043e-02,2.22805733e-02,3.48899636e-02,5.18864186e-03,-1.61128249e-02,2.76089594e-02,-2.08246030e-02,-4.24644465e-02,-9.76607581e-03,1.18740999e-02,-9.24601236e-03,-5.77280839e-02
-4.86813790e-02,-9.02560080e-02,2.10883822e-02,2.57137179e-02,1.30915379e-03,-4.28212948e-03,2.80951003e-02,1.10834814e-02,-2.39884998e-02,5.36320174e-03,3.34274442e-02,7.27342053e-04,-5.76730572e-02
-4.33479789e-02,-7.29365212e-02,1.71238047e-02,-1.64306019e-02,-2.24963622e-02,-1.78995277e-02,-2.51859991e-03,1.74581164e-02,-1.66184995e-02,-1.49153539e-02,1.56953503e-02,-3.55473260e-03,-2.94173916e-02
-7.43569079e-02,-7.35569262e-02,1.41511443e-02,-1.59157248e-02,-3.10970063e-02,3.54073255e-03,-9.97016746e-03,1.00963770e-02,2.02016597e-02,-1.37387456e-03,-1.75068177e-03,-9.75747292e-03,4.92378361e-03
-7.86645240e-02,-4.30802418e-02,1.89664023e-03,-1.76166509e-02,-4.31220296e-02,1.31585860e-02,-3.64117862e-02,-2.23171580e-02,3.96948479e-03,-6.93718143e-03,-7.78635407e-03,-1.30214785e-02,3.55145540e-02
-6.44153215e-02,-1.89487970e-02,-3.56206287e-02,-5.41890127e-02,-6.96252653e-02,1.16575112e-02,-6.13727699e-02,-5.49391314e-02,-1.27246869e-02,-7.00076123e-03,-1.43768738e-02,-3.67932649e-02,2.90959628e-02
-3.34902656e-02,5.66616678e-03,-3.90175671e-02,-2.24947805e-02,-4.79847558e-02,7.27114446e-02,1.09065323e-02,-2.32178617e-02,2.77416941e-02,2.10782277e-02,1.70713416e-03,-3.76693179e-02,2.88788957e-02
-9.64232081e-03,3.39384755e-02,-4.61442013e-02,-2.42319212e-02,-4.87358761e-02,4.06347767e-02,3.78347731e-03,-3.47002776e-02,2.35789157e-02,1.63750099e-03,-2.62336546e-02,-7.41228173e-02,7.29184777e-04
6.02666812e-02,7.46900191e-02,-1.52744109e-03,1.14497032e-02,-9.49197587e-03,5.53274467e-02,1.88960181e-02,-3.73312106e-02,2.08037868e-02,-3.20338625e-02,-2.69288750e-02,-7.61155867e-02,-2.16408220e-03
4.83621515e-02,3.87352977e-02,-2.99400284e-02,6.89544357e-03,-2.93718000e-02,3.93220272e-02,4.60779208e-02,4.35339133e-03,6.52628498e-02,-4.43272268e-03,6.39657486e-03,-3.69685042e-02,-2.34391770e-02
6.98753975e-02,5.81056127e-02,1.51287112e-03,3.37616398e-02,-1.09373031e-02,1.76489662e-02,5.76022176e-02,1.10744507e-02,4.47877433e-02,-1.13976447e-02,1.26151889e-02,-1.65594398e-02,-3.27548606e-02
8.24102734e-02,5.33774184e-02,2.35707725e-02,2.57877385e-02,8.82062968e-03,2.25716680e-02,6.67741965e-02,3.27207659e-02,4.38844473e-02,-3.89731176e-02,-1.55393011e-02,-3.56492822e-02,-3.50343978e-02
5.53665611e-02,3.92235925e-02,4.20626738e-02,4.85087265e-02,3.63787901e-02,-9.88632383e-03,5.86992292e-02,3.08504824e-02,5.31180701e-02,-1.28094033e-02,-2.51694856e-02,-2.17338566e-02,-1.34072250e-02
4.44823850e-02,1.94698602e-02,1.35182061e-02,2.95543158e-02,4.40219695e-02,-2.22884805e-02,2.48950613e-02,2.23772345e-02,4.46098887e-02,5.35501359e-03,-3.33791826e-02,-1.10554300e-02,3.27261737e-02
1.24602622e-02,2.05151761e-03,5.80796060e-03,7.83754462e-03,2.74182691e-02,-2.51036560e-02,-2.21946814e-03,-9.66312413e-03,-8.13729837e-03,-1.87981557e-03,-6.15432610e-02,-2.95955903e-02,3.59683435e-02
3.23419297e-02,2.13160451e-02,1.25033068e-02,-2.33771881e-02,4.09210268e-02,-2.14237263e-02,-8.44025515e-03,-1.37014775e-02,-1.49576451e-02,2.48370586e-02,-5.05833806e-02,-8.23859256e-03,6.59993218e-02
2.95916344e-02,1.69280872e-02,1.90913903e-02,-1.87419674e-02,5.47449933e-02,-1.73929664e-02,-3.23885078e-02,4.40486567e-03,-3.08057247e-02,3.35716806e-03,-5.40670561e-02,9.65930292e-03,5.40053045e-02
4.16094795e-02,4.84196170e-02,3.48200186e-02,-5.67127289e-03,4.86843780e-02,1.68762272e-02,-4.63339468e-02,-5.59659091e-03,-3.58252692e-02,-3.06182021e-03,-3.05797506e-02,8.34732149e-03,3.83162871e-02
2.72778833e-02,4.34824504e-02,3.01147605e-02,4.07212682e-02,2.38365641e-02,4.74968132e-02,-3.57904546e-02,2.66067256e-02,-3.53349815e-02,5.79314926e-03,-3.16817234e-03,1.19760798e-02,2.60497646e-03
1.21964397e-02,7.25345679e-02,3.75715226e-02,5.65815597e-02,-6.72469846e-03,5.05743031e-02,-2.23958739e-02,2.09041862e-02,-5.50268968e-02,1.96986400e-03,9.22243509e-03,4.33994794e-02,-4.54567891e-03
-7.10527301e-03,2.37237751e-02,2.11409564e-02,5.72140300e-02,-9.30656024e-03,6.38069220e-02,-1.92870013e-02,3.13848022e-02,-6.69230253e-02,-4.96955030e-03,1.51175073e-02,3.27541784e-02,-2.82111677e-02
-2.67086449e-02,9.33683330e-03,8.34477705e-03,4.94458489e-02,-3.05615455e-02,2.57340322e-02,4.54169891e-03,4.28740897e-02,-4.33477552e-02,4.07413336e-02,6.46409396e-02,3.54878197e-02,-4.85504373e-02
-2.12084061e-02,-2.66097745e-02,-6.29325997e-03,2.50560833e-02,-3.15096502e-02,7.71926554e-03,-6.65075192e-03,4.92755125e-02,-1.08857221e-02,3.50633662e-02,7.99115978e-02,1.68592363e-02,-7.68496321e-02
5.90490029e-03,-1.14552158e-02,-7.49549259e-03,-5.93477470e-03,-3.46822611e-02,-4.79680275e-03,1.52764654e-02,3.57551695e-02,-5.05034724e-02,1.97373986e-02,7.86191857e-02,-1.47225982e-02,-9.80592651e-02
2.66877343e-02,-1.99296835e-02,1.53227248e-02,-2.93135543e-02,1.49651548e-03,-4.31229643e-02,9.31332339e-03,2.70123313e-02,-2.04963334e-02,2.42894792e-02,5.91857863e-02,6.10990501e-03,-6.81652506e-02
4.84856474e-02,-1.73342712e-02,3.18630889e-02,-3.43850928e-02,2.54470772e-02,-4.36077395e-02,-1.43483421e-02,2.37912791e-02,-1.87983295e-02,-4.01424581e-03,1.10085502e-02,6.44091167e-04,-8.78775869e-02
9.63872699e-02,3.50393837e-03,5.95239993e-03,-3.54607747e-02,2.04391942e-02,-6.51102886e-02,-3.46861897e-02,-2.25978416e-02,-6.32073617e-03,-2.08211542e-02,3.63275521e-03,1.93817406e-02,-8.34970370e-02
8.52813666e-02,2.42431891e-02,2.47200372e-02,-8.41797835e-03,8.84236335e-03,-4.63430854e-02,-1.93336794e-02,-1.95954236e-02,5.89943923e-03,-1.23653157e-02,-1.29978801e-02,5.97799875e-03,-7.36633763e-02
5.57955756e-02,1.99346387e-02,3.46509942e-02,2.73138692e-02,3.58000207e-02,-3.43969671e-03,1.88909830e-03,-3.57933830e-02,-2.59546216e-03,-3.37883595e-02,-3.61860988e-02,1.34925344e-02,-3.73853180e-02
2.20420833e-02,-1.88725028e-02,-2.73560497e-03,-1.87877495e-04,3.26428229e-03,1.76024709e-02,9.13595057e-03,-4.82393261e-02,-2.38167214e-02,-4.48623389e-02,-2.56195419e-02,7.46519133e-03,-1.78397171e-02
6.39105264e-03,-1.77187885e-02,-1.58183663e-02,-1.84171617e-02,-3.96812329e-02,-1.70378626e-02,2.81470881e-03,-5.45470214e-02,-5.41343749e-03,-8.16922191e-03,-1.12024366e-02,-6.25221580e-03,3.26611313e-02
-1.02516946e-02,-1.28059165e-02,-3.73714812e-03,1.01287013e-02,-2.72580284e-02,-1.77035783e-02,7.21047079e-03,-2.89501664e-02,1.60938801e-02,-2.23986739e-02,1.60685351e-02,1.44158529e-03,2.68371233e-02
-5.80080701e-03,3.00913312e-02,2.00289383e-02,1.22577300e-02,5.45346862e-03,-1.58936842e-02,-2.40974899e-02,-3.96501381e-02,-3.26601803e-02,-5.08451856e-02,3.23712401e-02,9.39641413e-03,3.39079703e-02
6.40237942e-03,2.95022148e-02,2.96051726e-02,4.46649921e-02,2.17993740e-02,-2.36459379e-02,-3.42996033e-02,-1.43399747e-02,5.97865497e-03,-4.08531229e-02,4.09115952e-02,2.06500962e-02,4.75342401e-02
1.21255373e-02,2.70073541e-02,2.84448271e-02,5.15385850e-02,1.76228526e-02,-8.05334400e-03,-4.06302285e-02,-1.50567631e-03,9.98678233e-03,-3.00447756e-02,3.70959578e-02,2.27087959e-02,4.98678380e-02
2.25424778e-02,3.39834466e-02,1.22252529e-02,4.98919626e-02,3.76424960e-02,-1.58765891e-02,-3.54732130e-02,-1.63468253e-03,1.59359671e-02,-2.46310288e-02,1.70799912e-02,3.51365083e-02,5.13926848e-02
1.25179289e-02,4.43748083e-02,1.55338602e-02,5.13396146e-02,3.22992690e-02,-3.56401004e-02,-5.72492159e-02,-1.86633453e-02,3.65750553e-02,1.68607581e-03,1.89234072e-02,8.39533857e-02,5.51000894e-02
8.37086029e-04,1.06220320e-04,3.23029617e-03,6.52346525e-02,6.40375134e-02,1.35471730e-02,-3.19250727e-02,-3.17928583e-03,5.12749318e-02,-5.19051588e-03,-1.79738784e-05,9.35020767e-02,2.36336804e-02
-3.49553531e-02,-6.31898129e-02,-3.56786464e-02,3.03580918e-02,1.76079015e-02,6.06089932e-02,3.41667707e-02,1.22695550e-02,6.54866971e-02,9.34666510e-03,1.95504963e-02,7.14966744e-02,-1.59543804e-02
-2.56982789e-02,-8.48186597e-02,-5.16849764e-02,-1.10415696e-02,-2.75702763e-02,4.53843906e-02,4.89905161e-02,1.01890357e-02,4.63767596e-02,3.49047621e-02,-9.63383764e-03,4.09470284e-02,-8.65748583e-03
-1.80599896e-02,-5.03279671e-02,-2.04714234e-02,4.84977824e-03,-5.21454897e-02,3.69595359e-02,5.67353795e-02,4.19063377e-03,3.35694234e-02,2.48228326e-02,1.60003224e-03,4.30766860e-02,1.92302707e-03
-2.32366853e-02,-2.03552296e-02,3.25217892e-05,-1.00848141e-02,-3.37498056e-03,6.22856352e-02,2.24624757e-02,-3.95189184e-04,-1.60253413e-02,2.56673300e-04,-2.72287182e-02,4.30711919e-03,-1.34425798e-02
-1.15573416e-03,1.68035948e-03,-1.90733815e-02,-4.50622532e-02,-2.02582950e-02,4.37672865e-02,-6.88250004e-03,-5.54722721e-03,-1.37540906e-02,-1.34661105e-02,-4.31867316e-02,-4.45624294e-02,-2.63992127e-02
6.62927235e-03,2.92068956e-03,-2.02156169e-02,-5.05753199e-02,-2.68165661e-02,5.86689381e-02,-4.13571866e-04,1.61678214e-02,-1.81508904e-02,3.57263332e-03,-5.44696265e-02,-6.50075050e-02,-1.44218686e-02
-4.07955673e-02,1.14281103e-02,-8.69114498e-03,-4.37117663e-02,7.12200949e-03,6.23577877e-02,2.56125267e-02,1.89943880e-02,-2.03288502e-02,1.88799474e-02,-4.33339572e-02,-6.28189455e-02,4.29429488e-03
-2.53260510e-02,-6.45228612e-03,-2.09462112e-02,-3.14979780e-02,2.18845207e-02,5.68013781e-02,-2.59759930e-02,5.11413678e-03,-9.24802287e-03,2.57166808e-02,-1.24305285e-02,-2.90286886e-02,1.86496042e-02
-2.81008950e-02,-6.40012268e-03,-4.00109767e-02,-5.66043536e-02,5.03173645e-02,5.08483393e-02,-1.39572115e-02,3.47865862e-02,3.40018876e-02,3.26087899e-02,1.47976620e-02,-3.37848975e-02,1.31811944e-02
-4.72684175e-02,-4.59938555e-02,-5.21723585e-02,-6.70862989e-02,5.99069596e-02,3.53541606e-02,1.34362680e-02,5.79386540e-02,6.08984561e-02,7.51300310e-02,7.05174866e-03,-6.09497549e-02,1.29173709e-02
-3.53178125e-02,-6.03440480e-02,-6.06813081e-02,-7.09386267e-02,5.86336223e-02,1.84461637e-02,9.27267539e-03,4.85997275e-02,4.91190645e-02,9.72008936e-02,-2.70476583e-02,-7.88963457e-02,2.29555200e-02
-2.91790046e-02,-4.10182038e-02,-1.65700169e-02,-2.05435237e-02,6.69492999e-02,9.30461026e-03,1.76373366e-02,7.61110539e-02,6.86258998e-02,9.03533732e-02,-3.67232229e-02,-4.57298201e-02,3.28273632e-02
-1.55643459e-02,-3.17423211e-02,1.09179326e-02,2.55767994e-03,8.29175925e-02,2.77021165e-02,3.06488565e-02,1.01579435e-01,6.01208736e-02,9.71629993e-02,-3.17211625e-02,-5.36874090e-02,2.88894415e-02
-2.12124129e-03,-1.95716071e-02,1.19368238e-02,-1.20453388e-02,5.22852316e-02,-2.06150887e-02,2.00044066e-02,8.47324314e-02,5.03129810e-02,7.05388025e-02,-3.17064206e-02,-2.22889805e-02,3.32042267e-02
3.11380320e-03,-8.68850269e-03,5.29483819e-02,2.82405642e-02,7.35904820e-02,-1.66756205e-02,1.43179067e-03,6.74646870e-02,7.83783288e-03,2.41867133e-02,-3.92167212e-02,-2.06251720e-02,3.49130614e-02
-1.32933609e-02,-1.39320033e-02,5.18154232e-02,6.57964321e-02,9.05982315e-02,-3.52031466e-02,-8.10411003e-03,3.96584244e-02,-2.31987973e-02,-1.86857143e-02,-2.86021902e-02,1.41041356e-02,2.49630927e-02
-9.92923259e-03,-5.10255475e-02,9.27878692e-03,8.12137102e-02,4.00248645e-02,-4.62157626e-02,-1.96554151e-02,4.90528138e-02,-2.61142978e-02,-4.71286336e-02,1.02534808e-02,4.89574748e-02,3.86979135e-02
1.93781376e-02,-1.98119215e-02,1.23324878e-02,8.60533411e-02,2.28245074e-02,-7.14600664e-02,-1.64324746e-02,4.30143269e-02,-2.11475186e-02,-6.74457286e-02,4.08026512e-02,5.25906293e-02,4.23856337e-02
6.89358887e-03,-1.60902618e-02,2.72514132e-02,1.15822524e-01,2.92226015e-02,-1.02143828e-01,-2.65157027e-02,1.97314200e-02,-4.12171819e-02,-7.58682012e-02,2.74600242e-02,2.54353325e-02,3.60737596e-02
4.27166439e-03,-1.71719109e-02,1.01675576e-02,9.50354174e-02,2.40155823e-02,-1.05279290e-01,-6.67246702e-02,-1.09760091e-02,-5.48201791e-02,-7.83470943e-02,1.39804938e-04,-1.79799916e-02,2.66371794e-02
1.17249461e-04,-2.26062939e-02,-1.26549529e-02,9.07385094e-02,5.52865586e-02,-6.10002932e-02,-3.79547358e-02,1.23699596e-02,-3.82665783e-02,-5.15038094e-02,-3.94248774e-02,-4.37365249e-02,-6.84058377e-03
2.06449331e-02,-1.88943293e-02,-1.01002512e-03,7.80597465e-02,2.27792028e-02,-6.02301335e-02,-4.45146694e-02,1.24070768e-02,-4.23969218e-02,-1.51601564e-02,-3.94434153e-02,-7.37963353e-02,-2.37954713e-02
2.62357476e-02,-1.66389346e-02,1.63122304e-02,5.96234308e-02,1.55145683e-02,-5.34002346e-02,-4.06975708e-02,3.46007848e-03,-3.25324403e-02,1.22555041e-02,-9.93393027e-04,-2.66989862e-02,-1.85562453e-02
5.01933995e-03,-2.85787469e-02,3.00352079e-02,7.87194409e-02,6.13372684e-02,-2.02372827e-03,-3.23075289e-02,-2.22232932e-02,-5.09295162e-02,-2.78907269e-02,4.35513948e-03,-1.27815525e-02,-1.65454100e-02
2.23268029e-02,-2.62792807e-02,2.99090435e-02,4.79279192e-02,4.00787575e-02,-5.49815610e-03,-2.59621884e-02,1.59735386e-03,-1.79264640e-02,-7.41052524e-03,-3.13821108e-03,-2.87183620e-02,-5.40253357e-02
-6.23283773e-03,-5.52750651e-02,-7.88473764e-03,2.08852276e-02,1.28770299e-02,2.87887489e-02,8.23379109e-03,2.90177339e-02,9.67539196e-03,2.86797524e-03,1.66763146e-02,-1.96921947e-02,-3.47607951e-02
1.80455232e-02,-2.04001249e-02,-2.76799460e-03,-4.45573206e-03,2.69620004e-02,5.60939209e-02,2.70787366e-02,3.42048186e-02,2.89164903e-02,-2.66286197e-02,-3.34788151e-03,-1.54647376e-03,-2.54883201e-02
1.61922121e-02,-8.66451569e-03,4.20546831e-02,1.49582917e-02,1.13981425e-02,4.79357158e-02,2.28568069e-02,1.82105486e-02,7.26945395e-02,-2.69471571e-02,3.97233242e-03,-1.24939122e-02,-3.30166711e-02
2.47227543e-02,-6.21834192e-03,4.43389208e-02,-3.61217167e-02,-8.79884864e-03,3.29250752e-02,-9.74596580e-04,-9.77538168e-03,7.43957681e-02,-4.95144217e-02,-2.95531323e-04,5.20171853e-03,-4.33614008e-02
2.99665323e-02,-2.32409222e-02,3.72100463e-02,-3.66004899e-02,1.01494952e-02,5.71087869e-02,2.78564519e-02,-4.71307987e-03,7.27180307e-02,-3.94327633e-02,-1.12190534e-02,7.14296046e-03,-3.71685515e-02
3.08358127e-02,1.59618688e-02,4.00629112e-02,-5.37086834e-02,-1.13712344e-02,2.45532123e-02,-4.43554279e-03,-1.39448334e-02,6.94953228e-02,-3.82194273e-02,-1.97134405e-02,5.61592363e-03,-3.88174400e-02
4.96778470e-02,2.43633789e-02,6.74237033e-02,-4.13049890e-02,-4.45760660e-03,6.30962676e-03,-2.65802342e-02,-3.90955533e-02,2.59381090e-02,-3.77128447e-02,8.01445778e-04,4.51685495e-02,-1.90291313e-02
2.69891451e-02,1.99862561e-02,5.08290437e-02,-2.77189629e-02,4.46548123e-03,8.34512240e-03,-3.68285888e-02,-6.18878646e-02,-1.89172959e-02,-5.14570309e-02,2.35656861e-02,6.97920125e-02,-4.29355183e-04
2.18653069e-02,2.40094761e-02,5.14394144e-02,-3.78243667e-02,-2.68119756e-02,-1.26970836e-02,-1.61721077e-04,-1.99984156e-02,-2.03560364e-02,3.36298176e-03,1.80584583e-02,4.70390076e-02,-6.21295100e-03
1.12294201e-02,5.01435787e-02,2.18504457e-02,-2.50677161e-02,-4.03122924e-02,1.62017993e-03,1.62133008e-02,-1.71158233e-02,-3.82264897e-02,1.15270983e-02,3.16807309e-02,5.22315713e-02,-4.25417102e-03
1.27926396e-02,6.49008318e-02,-3.60220745e-03,-3.19030662e-02,-1.85132663e-02,2.26744667e-02,2.98354191e-02,5.72078369e-03,-5.71497530e-02,-3.60917677e-03,1.44463524e-02,6.64576578e-02,9.54874024e-03
-1.30607396e-02,4.62270690e-02,1.96001946e-02,-6.36840279e-03,-1.05349177e-02,3.00157596e-02,4.50406911e-02,-6.80132966e-03,-6.02223607e-02,-7.80731567e-03,1.02749870e-02,2.65947480e-02,-3.19870486e-03
-3.45807690e-02,7.29037910e-03,-2.95293026e-03,-2.37444405e-02,2.62533780e-03,2.70607987e-02,3.20806518e-02,-2.07709920e-03,-4.45217298e-02,1.50651562e-02,-2.40515353e-03,1.44345467e-02,-2.19720164e-02
-1.75384390e-02,4.16691517e-03,-1.15025022e-02,-4.04214524e-02,-1.47647527e-02,-7.46923148e-03,3.65412546e-02,2.10689049e-02,-3.10945613e-02,2.79493525e-02,1.63624277e-02,-6.53793678e-03,-1.78561181e-02
-5.10106320e-02,8.21433535e-03,-2.34510602e-02,-3.21940851e-02,-5.46125475e-03,-1.06252657e-02,3.76959070e-02,4.85345634e-02,6.59260835e-03,2.89966846e-02,5.77010293e-03,-5.96967215e-02,-4.27309344e-02
-4.70981698e-02,-1.01434985e-02,-4.52719352e-02,-1.00387618e-02,1.05135431e-02,-2.95840388e-02,2.66887720e-02,4.94918935e-02,2.83560072e-02,4.73098881e-02,-1.29416189e-02,-7.86144438e-02,-7.06316163e-02
-1.87796894e-02,-1.14520277e-02,-4.75049500e-02,2.22759078e-02,1.82337413e-02,-5.02550089e-02,-1.84476966e-02,2.40227409e-02,1.65409522e-02,3.52019460e-02,1.28719974e-02,-8.05367757e-02,-5.56787322e-02
-2.76465596e-02,-5.30873414e-02,-5.03158278e-02,3.63558744e-02,3.16071157e-02,-3.80834047e-02,-2.47487613e-03,3.62521013e-02,2.99997000e-02,7.29595418e-02,2.43629277e-02,-8.35503888e-02,-4.84392638e-02
-2.20324945e-03,-4.86650097e-02,-6.73731011e-02,1.65214796e-02,1.90488507e-02,-4.78821226e-02,-1.29737425e-02,2.34764572e-02,3.71653943e-02,6.72933945e-02,3.41811029e-02,-7.70829828e-02,-5.60275385e-02
3.09022995e-02,-4.66783810e-02,-5.34258073e-02,1.24533390e-02,2.24449785e-03,-6.61093935e-02,-4.35842380e-02,1.14443016e-02,2.25851782e-02,5.40659604e-02,3.32990185e-02,-3.87371251e-02,-3.17984844e-02
4.62165736e-02,-4.54627009e-02,-2.57355744e-02,2.05434602e-02,1.83056028e-02,-2.72582808e-02,-3.93108592e-02,-1.71405859e-02,-4.47638144e-03,9.32551504e-03,1.81055712e-02,-2.32957672e-02,-1.41320799e-02
5.12724090e-03,-7.14263634e-02,-3.03272478e-03,4.59611411e-02,3.62925626e-02,-4.94104657e-03,-4.07007291e-02,-3.75270142e-02,-1.27683876e-02,1.23590875e-02,-1.91727004e-02,-2.25062394e-02,-3.64052677e-02
-1.57384883e-03,-5.07322343e-02,2.07028775e-03,1.12071451e-02,-2.69248466e-03,-2.27979567e-02,-2.37448667e-02,-7.55104624e-03,5.17896207e-03,1.94154179e-02,6.03137761e-03,1.36501980e-02,-9.49506293e-03
-2.88436877e-02,-4.60954136e-02,-1.10525879e-02,-4.66400250e-04,3.43258764e-03,-9.34355741e-03,-3.71356588e-03,-8.19524603e-03,-2.38103599e-02,3.47176445e-03,1.10785960e-02,2.17427754e-02,1.34933416e-03
-1.38300117e-02,-1.81185434e-03,-1.30824173e-02,-1.91028302e-02,-3.35475463e-02,-2.42974074e-02,1.06362631e-02,1.96458382e-03,-6.99756337e-03,9.70278301e-03,-7.06323612e-03,1.03300664e-02,-1.97293454e-02
2.17613749e-02,1.90202949e-02,-2.57297185e-03,6.12005394e-03,-1.08731570e-02,-1.23866075e-02,1.20164825e-02,-1.43306782e-02,-3.37410811e-02,-2.08148084e-02,-3.72616502e-02,6.14629741e-04,-6.00522951e-03
3.79495697e-02,3.80981593e-02,-2.41798680e-02,1.88005804e-03,-1.54001599e-02,2.81067273e-03,1.34481917e-02,-8.28950538e-03,-3.72979808e-02,8.52714602e-03,-6.78859234e-03,1.60723724e-02,6.22072879e-03
5.93257860e-02,3.24993702e-02,-4.64665212e-02,-9.17734288e-03,-1.40734969e-03,1.43289850e-02,-4.47860311e-03,1.57894806e-02,-1.26542109e-02,1.67094938e-02,-4.85272807e-04,9.35298480e-03,8.62399899e-03
7.76716358e-02,3.87788562e-02,-2.18641903e-02,-1.77259722e-02,-1.91025686e-02,-1.55904620e-03,-4.45539345e-03,4.06470977e-03,-1.42658168e-02,9.00309471e-03,-4.62580911e-04,1.30951480e-02,-8.53165272e-03
1.32006718e-01,3.47247509e-02,-7.02120842e-03,-3.52278280e-02,-1.47359129e-02,2.12727816e-02,-3.25921222e-02,8.16209527e-03,2.48771657e-03,2.01749230e-03,-5.70524240e-03,1.12949010e-02,-3.35095670e-03
1.03528254e-01,-1.89101491e-03,1.52692945e-03,-3.17761894e-02,-4.89958540e-02,1.80633294e-02,-1.10035807e-02,2.37152230e-03,6.76422621e-04,1.26980930e-02,-2.46031287e-02,-2.69141557e-02,-3.32254506e-02
5.80595092e-02,-1.87016343e-02,-1.09430745e-03,-1.13125061e-02,-4.08514043e-02,1.84245444e-02,-1.70594293e-02,3.34488776e-02,4.28681338e-02,3.69153142e-02,-4.06091382e-03,-1.45401525e-02,-2.33868005e-02
1.34636089e-02,-3.91497019e-02,-1.76176012e-02,7.00383425e-03,-1.18618815e-02,1.13482729e-03,-2.92144466e-02,1.95848821e-02,1.06440264e-02,2.65436588e-02,1.96182934e-02,1.55718427e-02,5.89270515e-03
2.47695708e-02,4.30120700e-03,1.57692721e-02,-4.20239326e-03,-3.94304726e-02,-2.88025124e-02,-3.05748604e-02,1.99439194e-02,6.39059205e-03,8.73445446e-03,7.21371142e-03,1.76121625e-03,-5.93642520e-03
2.35595885e-02,1.20765623e-02,4.35102662e-02,-5.91172571e-05,-7.37780180e-04,-2.47138971e-02,-1.78883405e-02,2.05220023e-02,5.69077249e-03,-1.32525661e-02,-2.55784130e-02,-7.89486169e-03,-9.92286592e-03
-2.15413450e-03,6.42007454e-04,3.24971121e-02,-2.03920004e-02,-1.90586079e-02,-2.85795500e-02,-1.42474132e-02,1.57153188e-02,-5.75242806e-03,8.88527269e-03,4.25918356e-03,1.65296147e-02,1.68221514e-02
-3.81258214e-02,8.75172237e-04,3.92031033e-02,4.72349894e-03,2.53695979e-02,-1.15803204e-04,-4.05194668e-02,3.76542711e-02,6.84988360e-03,1.44831186e-02,-1.17664222e-02,1.39186711e-02,3.52020558e-02
-4.08586364e-02,4.59656429e-02,5.91710624e-02,-1.15545842e-03,2.07423343e-02,5.48566757e-03,-1.29241094e-02,3.80601328e-02,1.59533056e-02,1.55205079e-02,-1.72537853e-02,-6.02402502e-03,-2.30007491e-03
-7.46094015e-02,5.38546737e-02,4.81604217e-02,-3.33373941e-02,-7.05011627e-03,1.19725920e-02,-4.44203154e-02,-2.00025706e-02,7.16019384e-03,1.00547740e-02,-3.24713155e-02,-9.32073789e-03,1.70100202e-02
-1.46835964e-01,2.04939594e-02,1.56871263e-03,-5.68998537e-02,-2.28988854e-02,6.87229920e-02,-2.84205162e-02,-2.20928392e-02,1.14237646e-02,8.51302447e-03,1.95035318e-02,-2.57408239e-03,2.24500894e-02
-1.43178478e-01,4.86617592e-02,-5.19514928e-02,-4.44202721e-02,6.83585114e-03,1.16023754e-01,-3.97909753e-02,-5.22402378e-02,2.80503623e-02,1.56217193e-02,4.83917199e-02,3.09716913e-02,3.20383699e-02
-1.37052101e-01,5.36255501e-02,-6.41795748e-02,1.08008913e-02,1.43687889e-02,9.60236347e-02,-5.47007111e-02,-7.90825428e-02,1.77313159e-02,3.13528646e-02,8.74178176e-02,4.97698117e-02,1.72089335e-02
-8.95295301e-02,5.93854745e-02,-7.15725573e-02,3.24965929e-02,-1.57596846e-02,7.64648298e-02,-3.31220517e-02,-9.34890182e-02,3.32481087e-03,2.99021283e-02,9.24427225e-02,6.27136679e-02,-1.22101808e-03
-6.14611702e-02,7.84582712e-02,-8.59072579e-02,5.35346537e-02,-1.83242791e-02,2.87566086e-02,-2.45936170e-02,-1.21661291e-01,-4.37516687e-02,-3.29751929e-03,1.00693478e-01,9.51413714e-02,-1.51725476e-02
-3.03311080e-02,3.93282395e-02,-1.01852420e-01,5.45205030e-02,-2.17433497e-02,-3.61183509e-02,-1.60227538e-02,-1.14146542e-01,-7.02778296e-02,-1.67957710e-02,1.05071565e-01,7.96918798e-02,-2.90690146e-02
6.18797769e-03,1.41059170e-02,-5.52433481e-02,6.88421319e-02,9.74072297e-03,-3.20268808e-02,-1.41009811e-02,-7.41549437e-02,-7.50808142e-02,-2.75369396e-02,6.90324399e-02,5.88038485e-02,-4.78488115e-02
6.52784676e-02,5.85846198e-03,-1.22537681e-02,5.70256210e-02,1.46584040e-02,-5.58811046e-02,-1.43856030e-03,-2.12777833e-02,-4.62445112e-02,-1.81204785e-02,4.20925144e-02,3.15150403e-02,-5.72036564e-02
4.11982018e-02,-1.11145662e-02,3.50863056e-03,4.74137088e-03,-1.74693201e-02,-8.14875310e-02,-1.72294358e-02,-1.06851092e-02,-2.18277751e-02,-1.13655150e-02,6.91104345e-03,1.58678843e-02,-3.14656370e-02
-1.92877409e-03,-2.55938355e-02,-7.97030846e-03,-2.14400238e-02,8.79070771e-03,-5.26021764e-02,-3.71777434e-02,1.55376470e-02,1.49301118e-02,-1.22727220e-02,-4.14036694e-03,5.59853283e-04,-9.16311688e-03
3.01806225e-02,2.15846835e-02,-1.80256996e-03,-5.81773175e-02,3.98279621e-02,1.05815250e-02,-4.40108218e-02,-2.46371957e-03,1.97484509e-02,-3.49686464e-02,-1.29660058e-02,1.44567718e-02,2.25653540e-02
2.46386608e-02,2.11891820e-02,1.47164113e-02,-4.65384477e-02,4.35450803e-02,2.75239870e-02,-8.03094179e-02,1.01163510e-03,7.28639961e-02,-8.55966475e-03,-2.78936753e-02,-5.41450524e-03,7.37972752e-03
1.49036359e-02,1.89529241e-02,2.72524583e-02,-6.49171304e-02,2.52140926e-02,7.50443379e-02,-3.90303067e-02,-5.56753338e-03,9.44876789e-02,6.24063571e-03,2.88054353e-03,2.20688221e-02,2.88810421e-02
-1.22644266e-03,2.05246522e-02,-9.33597256e-03,-5.07181232e-02,1.89491954e-02,8.83034199e-02,-2.71394113e-02,-1.51381288e-02,7.45460379e-02,-1.14759090e-02,-2.38458668e-02,1.66249645e-02,3.28489439e-02
5.27206299e-03,3.26162805e-02,-7.36454944e-03,-2.01774927e-02,3.57566641e-02,5.81711865e-02,8.65612934e-04,-2.64729172e-02,3.39865481e-02,-5.01007180e-02,-1.80272589e-02,-1.58498829e-02,1.06085595e-02
1.39380706e-02,1.15740324e-02,4.68461479e-03,-5.76890296e-04,5.05145737e-02,6.72827614e-02,6.80491276e-04,-4.20663020e-02,2.12667949e-02,-4.97689761e-02,-3.62058405e-02,-3.52160112e-02,9.43531122e-03
-4.68899222e-02,-5.56876219e-02,-1.11863710e-03,3.25484823e-03,4.01060539e-02,7.42903766e-02,4.74146187e-02,-2.08975334e-02,3.32002507e-02,-1.23306488e-02,5.28784393e-03,-1.03319991e-02,3.11348098e-02
-5.83757712e-02,-9.33810087e-02,-1.24884518e-02,3.67762160e-03,1.31554852e-02,2.07172539e-02,3.61303698e-02,-3.52724851e-02,2.93935585e-02,-4.94552614e-03,1.17462561e-02,-1.97961287e-02,7.92638224e-03
-4.08654114e-02,-6.26680817e-02,-1.47631228e-02,5.58834562e-02,4.02442105e-02,2.20360609e-03,3.94840568e-02,-4.61117689e-02,2.25892280e-02,-9.28618289e-03,-6.83382443e-03,-1.41274498e-02,-5.44761151e-03
2.12563494e-02,-4.83889951e-03,-2.64739395e-02,5.74938236e-02,5.03706452e-02,3.46549782e-04,4.41699122e-02,-4.56688838e-02,1.34264491e-02,-1.40880499e-02,-1.66351024e-02,6.14737917e-03,-2.17915336e-02
3.27392094e-03,-5.78883246e-02,-9.94007678e-03,7.97872744e-02,4.63897400e-02,-2.03393140e-02,3.47001160e-02,-4.57718982e-02,1.43518363e-04,7.81616967e-03,-3.48830116e-02,2.66200359e-02,-3.36764131e-02
-1.44076894e-02,-7.20518022e-02,5.82053735e-03,6.13115614e-02,1.56818162e-02,-2.25340734e-02,6.20423720e-02,-2.53566503e-02,1.48353923e-03,4.17993277e-02,-1.33639467e-02,5.86745307e-02,-4.99475338e-03
3.69823658e-02,-4.19409870e-02,-2.34659023e-02,5.13501016e-02,-1.06007472e-02,-8.70843796e-03,8.62607617e-02,9.64536174e-03,-9.73078109e-03,1.04543062e-02,-6.88292343e-02,8.59041149e-03,-2.47047696e-02
8.89074216e-02,-5.65378772e-03,-3.81891553e-02,7.77092563e-02,-2.66396864e-02,-2.36946728e-02,8.07755268e-02,1.11735216e-02,-2.24863505e-02,-4.29443661e-02,-6.84004455e-02,-1.06649776e-02,-5.36198940e-02
9.81456483e-02,1.88670293e-02,-3.82377895e-02,4.91265434e-02,-4.87483249e-02,-1.44510370e-02,4.72180761e-02,1.02394988e-02,-1.62300317e-02,-3.77890339e-02,-4.53801896e-02,-2.94102424e-02,-2.40249011e-02
2.11983416e-02,-3.06130802e-02,-4.11905811e-02,-9.36307986e-04,-5.97999692e-02,1.37299700e-03,5.83090958e-02,3.87286443e-02,3.18175445e-04,2.44474152e-02,1.20824428e-02,2.04982594e-03,5.97060229e-02
-6.49276102e-03,-3.57352015e-02,-6.16062655e-02,-4.62967014e-02,-7.72288204e-02,-4.07566759e-02,6.65114536e-03,3.21113849e-02,-1.36506238e-02,5.44973078e-02,4.60572926e-02,-8.86686953e-03,6.03795970e-02
1.31987026e-02,8.13427874e-03,-4.02955223e-02,-3.07474798e-02,-4.06577314e-02,-3.61680632e-02,-2.21422088e-02,2.53065468e-02,-3.01603652e-02,6.65618585e-02,8.25543863e-02,-1.37544958e-02,7.14978624e-02
5.50342262e-02,4.39784354e-02,-5.35011296e-02,-5.51225728e-02,6.25333826e-03,-2.89434264e-03,-4.29097221e-02,3.03557025e-02,-5.83090859e-03,6.03063925e-02,1.07826816e-01,-3.24235327e-03,5.40599798e-02
5.13308382e-04,-2.40463996e-02,-4.36505542e-02,-3.98359887e-02,3.02349293e-02,1.51483679e-02,-4.50640082e-02,7.33911863e-03,-6.31957530e-03,8.44435321e-02,1.15299418e-01,3.79400686e-02,4.32763260e-02
-3.42392858e-02,-4.06601320e-02,-2.74004620e-02,-6.71201460e-02,2.92594415e-02,1.13722059e-02,-6.34378580e-02,1.08418011e-02,1.74086660e-02,1.05450544e-01,1.04244426e-01,6.09745734e-02,4.68766042e-02
-5.40780421e-03,-4.14729529e-02,-2.51287112e-02,-7.64794347e-02,1.39497620e-02,3.14504816e-02,-3.64545009e-02,5.53043153e-03,-1.50161083e-02,6.17952034e-02,5.44366584e-02,3.92237842e-02,1.67218912e-02
5.30026382e-02,-1.12004107e-02,-2.69696696e-02,-5.34002625e-02,2.72893954e-02,2.72333970e-02,-4.82944446e-02,-5.22652355e-03,-1.72510116e-02,2.44051015e-02,1.57218207e-02,3.62725378e-02,-4.74645360e-02
5.47058481e-02,-2.73902101e-02,-2.25610635e-02,-4.83903132e-02,-1.40904615e-02,5.89250759e-04,-3.83671576e-02,-2.29351533e-03,-4.40410465e-03,1.73655735e-02,6.46483095e-03,1.34959049e-02,-7.59934125e-02
-8.17760645e-03,-6.91067585e-02,-1.36171865e-02,-6.39354634e-02,-4.18718648e-02,2.15764511e-02,-1.06836761e-02,1.13102359e-02,-2.34642830e-02,1.91382062e-02,-4.39227762e-03,2.14509190e-02,-5.30194184e-02
-4.54797799e-02,-6.11917342e-02,4.56241008e-03,-3.99486825e-02,3.27611719e-03,2.91119449e-02,-2.79118482e-02,5.74445365e-03,-6.84950943e-02,-1.30283967e-02,-2.47084621e-02,2.32853417e-02,-1.80526667e-02
1.12986309e-02,-6.91809752e-03,4.45469471e-02,-3.68460142e-02,1.26796713e-02,1.93188458e-02,-3.83516848e-02,3.37257170e-02,-5.66578504e-02,-1.47449744e-02,6.47690910e-04,1.23715572e-02,-1.55956954e-02
2.59483147e-02,1.70140569e-02,7.56697484e-02,-1.95246441e-02,5.38364901e-02,1.91532903e-02,-5.68238862e-02,4.05748039e-02,-4.25463169e-02,-2.36254021e-02,2.59466720e-03,8.49714597e-03,3.93171001e-03
-1.04417004e-02,-3.38381463e-02,2.56598595e-02,-1.16172424e-02,6.23662564e-03,6.17008833e-03,-2.71389380e-02,3.83590469e-02,-5.57792397e-03,-4.77443586e-03,6.59746805e-03,1.34734782e-02,2.82724022e-02
-5.73176760e-02,-3.12223752e-02,2.11493693e-02,-8.88543739e-03,2.96502230e-02,1.43037462e-02,-1.41352389e-02,1.40027265e-02,2.18290487e-03,-2.33294476e-02,-1.59630776e-03,7.54384099e-03,6.06191833e-02
-4.91296409e-02,-2.62714209e-02,9.26059695e-03,-1.61075579e-02,3.68152193e-03,2.33882614e-02,-1.59494051e-02,-2.34980613e-03,-3.49002197e-02,-5.85338770e-02,-8.81474848e-03,-2.50274257e-02,4.27869851e-02
2.15103784e-03,4.90288138e-02,2.91768225e-02,-4.58046586e-02,8.90015841e-03,3.23709431e-02,-2.94898546e-02,8.80775872e-03,-2.35895727e-02,-2.56351602e-02,-5.46407449e-03,-2.69837479e-02,3.06386777e-04
3.15046735e-02,4.53021583e-02,2.06937793e-02,-5.94238322e-02,-3.60482456e-02,-7.50131585e-03,-1.93538038e-02,-9.36792773e-03,-1.64996337e-03,1.27906062e-02,-5.24917207e-03,-3.91114432e-02,-2.84663762e-02
-2.32647815e-02,-4.95025776e-03,-3.32028546e-02,-9.35831987e-02,-8.43928021e-02,-2.33880830e-02,4.16828055e-04,-1.69247705e-02,-1.78743371e-02,1.30664402e-02,-1.30975226e-02,-3.05841438e-02,-6.34174128e-02
-2.94832083e-02,-1.67661389e-04,-2.84669913e-03,-4.98535712e-02,-1.11991856e-02,3.75952436e-03,8.30423440e-03,-4.94771680e-02,-3.54945462e-02,-2.40950258e-02,-2.90584071e-02,-2.08069316e-02,-2.97561308e-02
2.73798406e-02,3.29298510e-02,2.47408819e-02,-4.50755524e-02,1.84569480e-03,-1.24303558e-02,1.25595715e-02,-1.07527079e-02,3.22901582e-04,-6.96258148e-02,-6.82950923e-03,-1.12115436e-02,-4.79200905e-02
4.39760279e-02,7.69330514e-02,5.91526723e-02,-2.36136682e-02,2.03226717e-02,-2.97708858e-02,-1.32049181e-02,-1.29300014e-02,3.94739945e-02,-6.99822726e-02,1.17565720e-03,6.06738095e-03,-2.86602370e-02
3.76703310e-02,3.43588859e-02,-5.01391908e-03,-3.05943276e-02,-3.67882466e-02,-7.40999444e-02,1.25785050e-03,-8.09542926e-03,8.80477010e-02,-6.32469653e-02,2.36681669e-02,2.21549816e-02,-2.11305807e-03
7.46724339e-03,4.24732534e-02,2.36168154e-02,-2.17473750e-03,3.81818783e-03,-5.30774501e-02,1.87879138e-02,-3.46669620e-02,7.14652123e-02,-8.47892101e-02,3.50350190e-02,4.29448104e-02,6.00058599e-02
1.24336834e-02,2.01143579e-02,4.93166186e-02,2.42839645e-02,2.41409717e-02,-2.88386049e-02,1.36483082e-02,-1.90796848e-02,5.02228764e-02,-7.54563249e-02,8.97056605e-03,1.54895361e-02,4.21885388e-02
6.25943397e-02,3.56435415e-02,7.36440128e-02,1.45614513e-02,4.67955215e-03,-2.16485052e-03,-2.11688008e-02,1.11062647e-02,4.17102665e-02,-1.52363653e-02,-1.00072347e-02,4.17280699e-04,2.50305090e-02
8.46673938e-02,4.88298931e-02,6.89507187e-02,-1.15482758e-04,-8.08684307e-03,2.59469581e-02,-5.18269634e-02,-1.72187428e-02,-5.70026915e-03,2.22012135e-02,-1.41583703e-02,-6.01762591e-03,1.76528915e-02
7.71843402e-02,2.05406295e-02,3.15770998e-02,-3.40801274e-02,-9.79614333e-03,2.95606983e-02,-7.67487729e-02,-1.99014494e-02,-1.52469928e-02,5.74843999e-02,-3.26214513e-02,-3.46394918e-03,-9.33765115e-03
6.04042008e-02,3.02815633e-02,4.79373528e-02,1.89429429e-02,1.98350872e-05,5.20395245e-02,-5.57102191e-02,-2.03705852e-02,-3.82833012e-02,5.23746864e-02,-5.44725487e-02,-2.62532254e-02,7.78543219e-03
4.51182926e-02,3.93200029e-02,3.20259248e-03,2.19257402e-02,1.84063521e-02,5.10577109e-02,-3.50816985e-02,2.31037698e-02,-4.71607239e-02,3.54192986e-02,-7.79987472e-02,-3.56488474e-02,2.85852533e-03
2.47795779e-02,5.38319716e-02,-2.68947067e-02,2.12790661e-02,2.67348702e-02,3.61362718e-02,-2.86102847e-02,5.53660961e-02,-2.26002892e-02,5.37547961e-02,-1.99164243e-02,-9.81495734e-03,9.53835866e-04
-5.93767801e-02,3.96896514e-02,-8.56096364e-02,1.33383432e-02,-2.77981365e-03,1.62228452e-02,3.61898189e-02,6.82878304e-02,1.34537129e-02,6.79904058e-02,1.48933672e-02,-9.71201650e-03,9.73178537e-03
-9.43713135e-02,4.83671532e-02,-6.34578694e-02,2.53992455e-02,-6.13046501e-02,-9.71254286e-04,7.37362334e-02,3.75077006e-02,6.77927836e-03,5.09412240e-02,4.94068872e-02,-3.68479598e-02,4.86737608e-02
-1.01244531e-01,5.74992313e-02,-5.38912208e-03,6.73891819e-02,-7.09647378e-02,-2.47848275e-02,1.05813869e-01,3.18909314e-02,3.31735564e-02,3.40431172e-02,2.83769879e-02,-8.27436378e-02,2.74734865e-02
-6.53530394e-02,5.46112852e-02,1.80951317e-03,8.73883675e-02,-8.29766430e-02,2.16476213e-03,1.04987357e-01,1.13866367e-02,1.74553020e-02,2.36005276e-02,5.45586157e-03,-1.00985368e-01,3.41905124e-02
-3.20774942e-02,4.28195121e-02,-4.38063994e-03,6.27898095e-02,-1.12287587e-01,-2.41368892e-02,8.35358709e-02,-3.41009241e-02,5.80340529e-04,3.82252720e-03,1.75068481e-03,-9.43331820e-02,1.75773328e-02
1.15761031e-03,3.35791919e-02,4.51734296e-03,2.12070678e-02,-8.93080383e-02,-3.85942684e-02,6.22938718e-02,-1.37900192e-02,3.96633047e-02,3.06356435e-03,-1.31723001e-02,-6.11576707e-02,-3.43846848e-04
-1.80060944e-02,1.40184286e-02,1.53142003e-02,2.13821242e-02,-7.88475574e-02,-2.74299451e-02,6.74524590e-02,1.17874837e-02,6.06546885e-02,-4.91499554e-03,-1.18990843e-02,-4.46350715e-02,1.98121221e-02
-3.27266715e-03,-5.17935949e-04,-2.09674797e-02,-1.45175915e-02,-4.72212134e-02,-3.93650613e-03,4.91585915e-02,1.58219827e-02,3.47816386e-02,-1.96955642e-02,-4.21568811e-02,-1.93664339e-02,1.29549312e-02
-2.68791061e-02,-2.87193804e-02,-3.75801424e-02,-6.15948871e-02,-2.36808400e-02,-9.55914098e-03,7.86933554e-03,4.32576478e-02,3.13852208e-02,-2.70704105e-02,-1.24669239e-02,2.88199435e-02,5.14478731e-03
-8.00760597e-02,5.47172690e-03,-4.23757142e-02,-9.11691488e-02,1.65698901e-02,3.76242108e-02,1.81494054e-02,4.17100596e-02,3.00154595e-02,-6.79128333e-03,-3.28025703e-03,5.29225394e-02,-5.10964771e-04
-7.18930880e-02,3.54128619e-03,-4.84848930e-02,-1.11284194e-01,-1.51753994e-02,5.91684710e-02,-2.28780397e-03,-7.35496776e-04,1.61319434e-02,2.42632270e-02,1.03541209e-02,1.16644901e-02,-7.47743069e-03
-7.50269031e-02,6.06148091e-03,-1.06197841e-02,-1.10643694e-01,-3.51110352e-02,1.91664512e-02,-1.53789426e-02,-3.67401314e-02,7.95840266e-03,2.78434985e-02,1.63050322e-02,-2.51953851e-02,-3.63482512e-02
-1.08693664e-01,-3.48829943e-02,-5.79588777e-03,-6.10834636e-02,2.36923781e-03,5.45817019e-02,-1.72898879e-02,-8.50828211e-02,-3.85447843e-02,5.90988759e-03,1.48881393e-02,-3.36182081e-02,-3.35207233e-02
-1.02859800e-01,-5.46265173e-02,4.77598779e-03,-2.86496069e-02,9.09487851e-03,4.86232326e-02,6.73319775e-03,-8.71652085e-02,-1.53898664e-02,3.87136587e-03,4.03866184e-02,-3.93639491e-02,-5.65302381e-02
-1.17715396e-01,-7.85819174e-02,4.87751060e-03,-2.82557979e-03,-1.54139541e-03,2.29218696e-02,2.76025604e-02,-7.78781864e-02,-3.74849890e-03,-1.34090374e-02,2.58621821e-02,-2.37194306e-02,-7.92428647e-02
-8.79659081e-02,-9.35124862e-02,2.18348244e-02,1.75026422e-02,2.00450849e-02,7.74113022e-03,4.12938247e-02,-6.47975374e-02,1.98166218e-02,-2.64177274e-03,3.62879569e-02,1.01250011e-02,-7.49465192e-02
-4.12083944e-02,-5.76258851e-02,3.17865180e-02,5.49351403e-02,8.36365476e-03,-1.17114488e-02,4.96985305e-02,-3.39535416e-02,1.67105723e-02,-1.62136695e-02,2.66081478e-02,2.15071327e-02,-7.59567833e-02
-5.62427479e-02,-6.91809048e-02,3.11851632e-02,6.80385623e-02,-3.90506245e-03,-1.04567978e-02,5.31098502e-02,-1.03861953e-02,-4.21221831e-04,-7.03382767e-02,9.12461192e-03,1.35194168e-02,-5.85186572e-02
3.99036354e-04,-2.68608785e-03,6.17193840e-02,1.02297374e-01,2.41880076e-02,2.37426120e-02,5.83692294e-02,-9.01999409e-03,-2.46856903e-02,-9.82055236e-02,-2.53954793e-02,1.33840231e-02,-3.41717465e-02
6.29422477e-02,7.99089902e-02,8.21644980e-02,9.19179429e-02,-6.03227923e-03,3.72231046e-02,2.50613507e-02,-3.89524704e-02,-3.75730187e-02,-7.54079829e-02,-2.83203845e-02,-1.70635613e-02,-4.21780679e-02
7.72878049e-02,8.46081761e-02,3.58194000e-02,1.06651345e-02,-5.18310182e-02,1.43794307e-02,6.85674954e-03,-3.97724005e-02,-2.45952425e-02,-2.95401775e-02,-2.30136986e-02,-2.20580199e-02,-1.35928364e-02
4.54842047e-02,6.25993799e-02,4.96004522e-04,-2.43475103e-02,-7.71960463e-02,-7.34558989e-03,-1.71601016e-02,-3.24397164e-02,-2.19074089e-02,-1.93179505e-02,-1.85998430e-02,-1.44351361e-02,3.96355123e-03
1.57287559e-02,5.71558094e-02,-1.89979785e-02,-3.99504287e-02,-5.40306403e-02,-2.16721562e-02,-1.87248316e-02,1.78780301e-02,1.85166980e-02,3.29503368e-02,2.46190961e-03,-8.34203553e-03,2.27439315e-02
7.68866030e-03,3.67231516e-02,-3.27922330e-02,-5.34867162e-02,-2.05722182e-02,8.93079270e-03,-1.04830262e-02,1.46206709e-03,-2.06858295e-03,4.80631113e-02,2.25354868e-02,-1.55045756e-03,3.15353804e-02
3.01439938e-02,4.27213985e-02,-2.15444637e-02,-4.00767188e-02,1.66189204e-02,-2.69276325e-02,-1.16899631e-02,-1.09749670e-03,1.35789481e-02,3.79800748e-02,-2.65625579e-02,-1.97371581e-02,2.50989832e-02
3.68860870e-02,4.80534446e-02,-3.84837894e-05,-3.81661924e-02,1.69464295e-02,-8.18227364e-02,-1.62931155e-02,3.23058689e-02,2.81509010e-02,6.22303585e-02,-6.42460488e-02,-5.10010698e-02,2.53643589e-02
4.02379774e-02,1.66551139e-02,-1.18746996e-02,-2.23633711e-02,4.34007789e-02,-5.68992856e-02,-3.87411129e-03,3.15124544e-02,2.97390587e-03,3.16218269e-02,-9.36188002e-02,-4.98103837e-02,2.20984508e-02
8.11614835e-02,1.38595484e-02,1.71235873e-02,3.99933010e-02,6.43724853e-02,-5.52184768e-02,-4.64151888e-03,4.74817326e-02,1.28213449e-02,-1.25237586e-02,-1.27464729e-01,-6.40664143e-02,7.78734916e-03
9.53921484e-02,-3.15682494e-03,1.53216998e-02,3.66790413e-02,3.54709873e-02,-3.70675208e-02,-1.09807259e-02,1.17240058e-02,3.89484652e-03,-2.06011999e-02,-1.24465442e-01,-7.27438395e-02,-2.72397899e-02
3.87582052e-02,-7.41772347e-02,-1.83397718e-02,-1.29368003e-02,6.93352064e-03,-1.13767135e-02,4.69039213e-03,2.02663144e-02,1.97722474e-02,8.78343217e-03,-9.92078811e-02,-4.72740163e-02,1.43597228e-02
-5.06147356e-03,-1.10312498e-01,-2.82634307e-02,-2.82895398e-02,-3.65069345e-02,-5.00751305e-02,-6.07517843e-03,5.09080187e-02,5.95087682e-02,4.74629410e-02,-6.14463141e-02,-4.36265845e-02,3.61834848e-02
-4.08503842e-03,-1.06880983e-01,-4.89739736e-02,-4.02957119e-02,-4.70784477e-02,-6.15704093e-02,-2.80509867e-02,3.99541597e-02,5.52704453e-02,8.76673485e-02,-4.79066701e-03,-3.96138988e-02,5.32979493e-02
4.46992915e-02,-9.11034582e-02,-3.16769003e-02,-2.10143167e-02,-1.66602138e-02,-4.59040712e-02,-3.61035996e-02,5.24335089e-03,1.76572572e-02,7.79648657e-02,3.38459530e-02,-3.23783519e-02,6.33383845e-02
4.76118444e-02,-3.24871177e-02,1.06975645e-02,3.54386100e-02,4.43589060e-03,-1.34916201e-02,-2.61590481e-02,-4.04828806e-03,1.47210267e-02,1.80002570e-02,4.53223183e-03,-5.36506948e-02,6.25111465e-02
2.14168970e-02,-3.98046783e-02,2.96825957e-02,5.46935403e-02,1.64600226e-02,-1.32502152e-02,-8.56270836e-03,9.63636924e-03,7.64039706e-03,-2.36712466e-03,-3.50110359e-02,-9.32485097e-02,4.10651227e-02
5.69937633e-02,-1.40681085e-02,4.54416614e-02,6.16430743e-02,7.56105919e-03,2.08033506e-02,-6.10180499e-03,1.24914640e-02,3.12930015e-03,-2.09872200e-02,-4.27143641e-02,-7.56849170e-02,4.19870445e-02
8.73386030e-02,-9.00870698e-03,6.14986611e-02,9.52602662e-02,2.01670710e-02,2.18298860e-02,-2.51936339e-02,2.00428547e-02,7.04839546e-03,-4.32353557e-02,-3.95879529e-02,-5.75258610e-02,1.33429492e-02
7.84153219e-02,-3.63240467e-02,1.57682734e-02,6.91998167e-02,-2.81845691e-03,4.28246390e-02,-2.18428814e-02,2.29188969e-02,2.28430698e-02,-3.44062505e-02,-7.45301878e-03,-2.63728425e-02,2.56000762e-03
1.85142565e-04,-7.84047368e-02,-3.99664549e-03,3.73613812e-02,-2.51748274e-02,4.19258833e-02,-2.68568876e-03,5.90811388e-02,4.31283911e-02,1.42297465e-03,1.79311896e-02,1.80074149e-02,4.26417878e-03
-2.25486747e-02,-1.17341114e-01,-1.47069824e-02,2.93002404e-02,-1.37643028e-02,-1.40938861e-04,4.36345886e-03,6.91369664e-02,4.42079060e-02,2.78398102e-02,2.11115763e-02,4.45271889e-02,1.15419091e-02
5.92059843e-03,-8.65786239e-02,-5.02046391e-02,1.05325998e-02,7.62044215e-03,-1.91806682e-02,7.65124644e-04,3.64677205e-02,8.77114660e-03,4.13092433e-02,6.00137738e-02,4.44042444e-02,1.35173085e-02
4.19817279e-02,-4.91864350e-02,-6.25394599e-02,9.39886807e-03,2.95676877e-02,-7.76857859e-02,-1.78717334e-03,3.16791040e-02,-5.24482341e-03,3.51931790e-02,4.66726970e-02,4.10396003e-02,-6.37314012e-03
3.03014728e-02,-2.19744811e-02,-4.52801133e-02,1.81887781e-03,4.26524376e-02,-7.29362850e-02,-6.14034504e-03,-1.59207469e-03,-4.81631774e-02,-3.75289925e-03,9.91625154e-03,2.45690942e-02,-1.40446195e-02
-2.50746101e-02,-3.02564106e-03,-1.99663610e-02,6.02244666e-03,6.40490083e-02,-5.62162569e-02,3.16467825e-02,1.61248278e-02,-5.13167561e-02,-4.26118510e-02,-4.42314403e-02,-1.24573479e-05,-3.13320578e-02
-2.68647579e-02,1.66000192e-02,-4.26539844e-04,-7.59607950e-03,4.27377585e-02,-2.10282762e-02,5.23190916e-02,3.14808253e-02,-2.45487601e-02,-5.06786967e-02,-5.50610913e-02,-1.24794350e-02,-2.72745445e-02
-3.20789342e-02,1.68088783e-02,1.41126019e-03,-3.07400177e-02,4.06619366e-02,-1.21674992e-02,4.17192357e-02,6.79536378e-03,-3.18361515e-02,-6.22738548e-02,-6.03298552e-02,-1.17807288e-02,-3.71342021e-02
-8.02660953e-02,-2.52853699e-03,-1.65764425e-02,-5.72326114e-02,1.70132828e-02,4.76768644e-03,4.38740325e-02,1.41840431e-02,1.14668036e-03,-1.39297944e-02,-1.14759210e-02,1.61847409e-02,1.12933745e-02
-1.09885802e-01,8.22928513e-03,-1.50650285e-02,-6.85662715e-02,-1.35494674e-02,4.79291727e-03,4.38689899e-02,2.27978055e-02,3.22698607e-02,2.95514277e-02,2.12936628e-02,2.82869510e-02,2.21444175e-02
-8.77125949e-02,1.44691103e-03,-1.30082136e-02,-6.18990185e-02,-1.33821623e-02,-4.45677488e-03,2.98383789e-02,-1.76666311e-03,3.75352478e-03,2.81335100e-02,1.81261395e-02,2.39278465e-02,2.05065167e-02
-2.98045497e-02,4.71058951e-02,-6.01671705e-03,-3.96362232e-02,1.19156660e-02,3.09584423e-03,3.08701507e-02,-2.35051195e-02,-3.84191272e-02,1.91335449e-02,2.90027289e-02,1.85211851e-02,1.78869005e-02
5.22526855e-02,8.99949029e-02,1.12469876e-02,-1.34834324e-02,1.80182402e-02,-1.07497948e-02,6.44268468e-03,-3.39500626e-02,-5.88692573e-02,1.33225357e-02,3.18389269e-02,1.34271082e-02,-1.31074013e-02
7.93240957e-02,1.13519993e-01,1.92954891e-02,-4.99298149e-03,6.25112196e-03,-2.71813055e-02,-1.49357878e-02,-5.35097644e-02,-9.70693636e-02,-1.95113130e-02,1.69845363e-02,-4.67708725e-03,-2.40339400e-02
6.07554606e-02,1.28445424e-01,4.40395338e-02,4.93303873e-02,2.90818989e-03,-2.26870469e-02,-4.80338370e-02,-4.08901142e-02,-7.73113523e-02,-4.52085199e-02,6.26569507e-03,6.51307943e-04,6.24930736e-03
1.75080301e-04,8.94366181e-02,3.70115702e-02,4.63517752e-02,-1.32163708e-02,3.62384960e-02,-3.63373163e-02,-2.17811036e-02,-4.34135609e-02,-2.26027692e-02,4.78897963e-02,6.45806346e-02,4.83063692e-02
-2.14683508e-02,4.78142640e-02,5.27763986e-02,3.30558704e-02,-6.19902519e-02,2.21103212e-02,-5.03838350e-02,-4.43564780e-02,-4.72809703e-02,-1.63798396e-02,8.00298830e-02,9.38413414e-02,6.00799019e-02
-9.04333048e-02,-2.14845111e-03,5.26441431e-02,-9.25082535e-03,-8.28938661e-02,3.61170968e-02,-5.80229030e-02,-4.82729379e-02,-3.83037203e-02,6.25673036e-03,1.09232981e-01,1.44428068e-01,1.24265918e-01
-8.11552930e-02,-3.47034556e-03,4.63486776e-02,-1.88356915e-02,-1.12290704e-01,5.10524630e-02,-5.69596069e-02,-6.03713318e-02,-2.03088238e-02,3.43082322e-02,1.17470497e-01,1.58408130e-01,1.55317362e-01
-9.25060250e-02,-2.26036891e-02,5.12335562e-02,-2.64215802e-02,-1.13557702e-01,5.14059092e-02,-6.74044275e-02,-5.49967298e-02,-1.20641389e-02,3.44602002e-02,1.07775184e-01,1.40223960e-01,1.31009837e-01
-3.72058216e-02,-2.23291784e-02,4.65966615e-02,-5.12762762e-02,-9.35091747e-02,5.16173250e-02,-6.17257355e-02,-6.50103481e-02,-2.27968945e-02,1.60721701e-02,7.54558827e-02,1.20021777e-01,1.23318348e-01
2.17817764e-02,-2.78654562e-02,4.14139574e-02,-6.12626355e-02,-6.71734063e-02,5.25854622e-02,-4.96460812e-02,-6.63079887e-02,-1.98241450e-02,1.82816055e-02,3.37078428e-02,7.36855876e-02,8.13091662e-02
7.99141513e-02,1.38925332e-03,4.53191185e-02,-7.79343358e-02,-5.15432795e-02,2.38748999e-02,-6.38078719e-02,-5.09188773e-02,-2.31275426e-02,-2.42500029e-04,5.30042983e-03,1.73171357e-02,4.22669666e-02
6.30367831e-02,-2.66262992e-02,3.11627080e-03,-5.32675808e-02,-1.75441098e-02,-1.18575957e-02,-8.09407880e-02,-4.33702349e-02,-5.08832489e-03,-2.18205247e-02,-2.92597386e-02,-3.54174696e-02,3.37528890e-02
4.31390989e-02,-4.51191229e-02,-2.19125694e-02,-6.01708148e-02,-5.78392987e-03,-6.76111223e-03,-6.69115397e-02,-8.00207629e-03,3.27355916e-02,-2.03949585e-02,-1.45776629e-02,-3.81848916e-02,4.57046196e-02
1.78240462e-02,-9.22508098e-02,-3.08072567e-02,-2.72067982e-02,3.29497017e-02,-1.65908831e-02,-3.41380765e-02,9.11526455e-03,3.69539367e-02,-2.60093446e-02,1.73042665e-03,-5.18221319e-02,7.61950786e-03
1.51472440e-02,-8.79775403e-02,-8.21618724e-03,-1.46940287e-02,3.48901134e-02,-3.68601618e-02,-3.55670351e-02,2.01600645e-03,1.82694539e-02,-4.76424155e-02,7.13485941e-03,-2.84311318e-02,1.22871283e-02
2.45239374e-02,-7.63230790e-02,1.49853615e-02,1.72755882e-02,3.52490848e-02,-3.87369638e-02,-1.69963897e-02,5.75305779e-03,2.09506851e-02,-3.85209165e-02,1.32471228e-02,-2.49434401e-02,1.35884292e-02
2.80043192e-02,-6.02039091e-02,3.25436696e-02,4.03486908e-02,3.50135918e-02,-5.10893564e-02,-1.31388856e-02,-9.85324739e-03,1.30665049e-02,-3.36767425e-02,3.90156151e-02,5.21596177e-03,1.21738976e-02
2.42394541e-02,-2.56094696e-02,5.18622952e-02,3.80472197e-02,1.61512723e-02,-4.77740836e-02,-9.82192605e-03,-2.85104829e-02,-6.94197493e-03,-3.85080513e-02,3.20765519e-02,2.92832639e-02,1.28677219e-02
3.75774802e-02,1.44444084e-02,5.92913614e-02,4.26800510e-02,-5.29380773e-03,-1.18590265e-02,1.41313525e-02,-4.06368711e-02,-4.70965044e-03,-2.23126408e-02,2.26018480e-02,4.67488300e-02,2.01463383e-02
4.65392783e-02,5.76441588e-02,7.16702559e-02,3.46655126e-02,-2.02227572e-02,3.04482911e-03,7.74804383e-03,-5.93790743e-02,-1.54109297e-02,-9.08056296e-03,1.35576766e-02,5.74330774e-02,9.21388438e-03
6.60313998e-04,7.75097188e-02,3.11391509e-02,-5.54926020e-03,-6.39494548e-02,-1.71144798e-03,-1.67141689e-02,-6.64996985e-02,-2.46144820e-02,8.57380746e-03,1.45927677e-02,6.59227710e-02,2.09712884e-02
-1.05187196e-02,8.87490113e-02,1.54694239e-02,-2.03416863e-02,-7.26375716e-02,1.30833722e-02,-2.30646251e-02,-5.03365583e-02,-2.91731514e-02,2.09713938e-02,2.13484587e-02,6.39904888e-02,4.02266392e-02
-4.22741001e-02,6.03231610e-02,3.38356276e-03,-3.38358242e-02,-4.72546532e-02,1.43497405e-02,-5.75322533e-04,-9.52421098e-03,-3.52749021e-02,1.27704972e-02,8.93112187e-04,5.00705336e-02,3.75375410e-02
-4.04663653e-02,4.92269162e-02,-7.93587165e-03,-2.44880847e-02,-5.61845766e-02,2.16313473e-03,2.50874071e-03,1.64751073e-02,-4.69460092e-02,-9.80627005e-04,-1.98625957e-02,4.00461994e-02,2.85664579e-02
-2.89434333e-02,2.63534751e-02,-3.66124489e-02,-2.19872529e-02,-3.72204703e-02,4.56215955e-03,3.09528071e-02,3.87508172e-02,-3.75442713e-02,-6.86137872e-04,-3.82278385e-02,3.13310773e-02,1.32495054e-02
7.81762151e-04,8.28743382e-03,-3.95778100e-02,-1.74407337e-02,-2.39217084e-02,-1.39546763e-02,5.31638653e-02,4.63097066e-02,-1.71229847e-02,-4.75022229e-03,-2.11840725e-02,3.17026604e-02,1.52986608e-02
-1.94107494e-02,-6.55091582e-03,-3.46702371e-02,-4.77639598e-04,-5.79183836e-03,-3.58498088e-02,6.11751173e-02,1.15662095e-02,-3.85463193e-02,-1.17278700e-02,-1.76548834e-02,2.64011060e-02,1.32283317e-02
-1.39106140e-02,-2.42589907e-02,-4.71573664e-02,5.97213771e-03,5.44835577e-03,-3.25416846e-02,5.24345939e-02,1.35105357e-02,-1.05484161e-02,6.14030059e-03,-4.86713435e-04,1.97180290e-02,1.06908733e-02
-1.38025305e-02,-3.92822781e-02,-4.29658546e-02,-1.36899803e-02,1.61494997e-02,-3.06483081e-02,7.46670623e-02,-6.04655410e-03,-1.63191346e-02,9.31336859e-03,-1.05232904e-02,9.25181983e-03,-2.03921743e-02
-1.00935766e-02,-2.34843919e-02,-5.60237636e-02,-3.96701061e-02,-3.68859959e-03,-3.62453299e-02,9.27133571e-02,-1.43044218e-02,7.15696109e-03,3.65827205e-03,-2.09790137e-02,-2.05550624e-03,-4.23634368e-02
-1.43602060e-02,-2.86825352e-02,-5.94972061e-02,-2.86574770e-02,-1.54808343e-03,-1.65167419e-02,7.92751864e-02,-1.03577172e-02,3.07927723e-02,7.72425720e-03,-1.84088179e-02,-1.24119860e-02,-5.49528934e-02
-6.78629933e-03,-3.17445807e-02,-2.62529618e-02,-1.64810114e-02,-9.70931349e-03,-3.97980271e-02,3.97574435e-02,1.90386216e-02,5.88213616e-02,8.40280944e-03,-3.89233590e-02,-1.37932062e-02,-1.61580050e-02
-2.75419911e-03,-4.68521339e-02,-8.18158176e-03,-2.05930541e-03,-3.16659226e-03,-3.72714643e-02,5.69772316e-03,3.59802212e-02,5.75925663e-02,1.09621101e-02,-4.88069436e-02,-3.53617872e-02,-9.22709775e-03
1.90391221e-02,-4.64738199e-02,-1.88867409e-02,-3.31913858e-03,1.78329339e-02,-2.77525536e-02,-2.29422478e-02,3.99963934e-02,5.60572338e-02,2.91900028e-02,-5.94484556e-02,-3.53557552e-02,1.43915684e-02
3.16153708e-02,-2.81947687e-02,-1.22015601e-02,9.20357216e-03,4.09131901e-02,-3.63671901e-03,-4.73093471e-02,5.78532821e-02,7.59661320e-02,1.04354770e-02,-4.70596323e-02,-5.30305119e-02,2.71853176e-02
4.98617168e-02,-2.48626476e-02,-1.74845040e-02,4.43196895e-02,6.52245107e-02,-6.26885343e-03,-5.82421855e-02,3.07319253e-02,7.01626440e-02,7.86885807e-03,-1.30553208e-02,-5.50674796e-02,4.72320507e-02
5.55682231e-02,-5.52861829e-02,-1.86125712e-02,7.17108228e-02,7.73648202e-02,-2.91896208e-03,-9.15100284e-02,2.56715827e-02,7.84251862e-02,1.29235268e-03,2.98862066e-03,-6.62662442e-02,1.82057930e-02
6.08603495e-02,-6.13954668e-02,-2.07946134e-02,6.12991289e-02,7.08870384e-02,-7.54983435e-03,-1.07777734e-01,5.73662607e-03,5.43249624e-02,-3.53833746e-03,5.55337209e-03,-4.08958272e-02,-5.00926645e-03
2.44486620e-02,-6.71316665e-02,-2.97574044e-02,4.86882472e-02,8.36553368e-02,-3.20553943e-04,-5.72106078e-02,-7.34336360e-03,5.12796569e-02,-7.30849338e-03,2.17695572e-02,-2.62733803e-02,-2.26898743e-02
1.80972191e-02,-7.08824570e-02,-3.34991254e-02,2.06564458e-02,8.70379487e-02,-2.59252013e-03,-4.74253708e-02,-2.24978974e-02,1.33790073e-02,-4.20799868e-03,3.38882517e-02,-1.28658874e-02,-4.45528031e-02
-1.33983753e-02,-7.80126485e-02,-3.40191119e-02,6.81079017e-04,8.30760930e-02,1.43150770e-03,-2.64728038e-02,7.22788244e-03,5.73063681e-03,3.87694206e-03,1.94739748e-02,-1.67791317e-03,-3.97746183e-02
-6.21584568e-03,-5.20568004e-02,-8.41586452e-03,-7.73174365e-03,7.02436154e-02,-1.02400130e-02,-5.92507174e-03,-6.94908187e-04,-6.59126231e-03,2.50965620e-02,-2.18550100e-03,9.09109732e-03,-5.43719782e-02
-1.05019183e-02,-2.45310446e-02,2.24563648e-02,-6.54645668e-03,8.90551087e-02,2.32365516e-02,1.59843192e-02,1.51632189e-02,1.24167339e-03,3.48221259e-02,-3.99863837e-02,3.15537939e-02,-6.03751518e-02
-2.66071693e-02,-6.36145767e-04,1.90663028e-02,-2.81913704e-02,6.76374517e-02,3.15438548e-02,-1.54047879e-02,-1.35963159e-02,-1.41905541e-03,2.75075709e-02,-6.20799948e-02,4.11477332e-02,-4.55788586e-02
-6.24667448e-02,6.33092292e-03,9.29887186e-03,-3.91116301e-02,4.67013083e-02,3.33272304e-02,2.50089601e-02,-1.88368849e-02,2.93154814e-02,5.71882539e-02,-6.28727360e-02,3.13118471e-02,-2.81450654e-03
-5.80308671e-02,6.51836337e-03,1.07913886e-02,-3.80540300e-02,3.68185407e-02,6.09598062e-02,3.03988575e-02,-5.52609553e-03,2.63935895e-02,3.26031996e-02,-7.77321360e-02,1.13522374e-02,-1.37262823e-02
-4.07619296e-02,8.68141291e-03,3.06100171e-03,-2.92515728e-02,1.71994194e-02,5.70472292e-02,2.01273629e-02,-1.15699970e-02,1.83546347e-02,1.87916100e-02,-9.67591948e-02,2.67807897e-02,-1.00807700e-02
-5.18316106e-02,2.35498387e-02,1.27211665e-02,-2.89899850e-02,1.48378334e-02,4.10687793e-02,-5.65141016e-04,-2.81555850e-02,3.02928984e-02,7.82344551e-03,-6.40607019e-02,3.31732623e-03,-3.83192618e-03
-4.97719193e-02,1.53513165e-02,-2.90555795e-03,-3.69082880e-02,2.20400864e-02,2.04375268e-02,-3.69692586e-02,-1.55877044e-02,2.73150040e-02,3.58759991e-02,-1.23225153e-02,1.27283244e-02,-7.49409508e-03
-3.82341702e-02,2.93775714e-03,-1.05449001e-02,-2.87407031e-02,2.50406736e-02,3.64403754e-03,-5.05820761e-02,-1.34287154e-02,-1.42410988e-02,2.80273087e-02,2.07501855e-02,-3.27869289e-03,-6.61385289e-03
-1.32507954e-02,7.11171219e-03,5.89195677e-04,-3.05449707e-02,-8.08735743e-03,-4.18636055e-02,-6.19372475e-02,2.97344390e-03,-2.70006394e-02,2.34681669e-02,5.76913397e-02,-1.74010811e-02,-2.47039485e-04
-6.85880165e-04,-2.10249609e-02,9.05335535e-03,-1.17448467e-02,-1.46970294e-02,-3.42392820e-02,-6.34509967e-02,4.43614517e-02,-4.25153894e-02,1.22206632e-02,5.78826882e-02,-3.12490217e-03,-6.27543232e-03
2.33641249e-02,-1.43529706e-02,2.01614509e-02,1.89936027e-02,-2.74166624e-02,-2.90549253e-02,-7.97482084e-02,3.82475172e-02,-5.09095773e-02,-6.67695392e-03,6.87445910e-02,1.41146665e-02,-2.27035296e-02
-2.31392873e-02,-3.24637314e-02,2.64083965e-02,3.23846711e-02,-4.88084974e-02,-3.59592812e-02,-4.39542105e-02,3.35405435e-02,-1.59486955e-02,2.52802107e-03,7.33234896e-02,1.95679379e-02,-5.10483594e-03
-2.99226799e-02,-4.71426781e-02,2.37318239e-02,5.06864269e-02,-5.45622557e-02,-8.61243056e-03,-2.87362080e-02,3.10320273e-02,-2.46064104e-02,-1.90521269e-02,5.08375330e-02,5.96017694e-03,-1.61522343e-02
-3.09735162e-02,-2.32124491e-02,3.60678461e-02,4.55422510e-02,-6.09640061e-02,-1.06386120e-02,-8.87578581e-03,5.67809801e-02,-4.67026492e-03,-3.20329418e-02,1.94677346e-02,6.73302374e-03,-3.02078639e-04
-1.95355244e-02,4.12680215e-03,5.75858821e-02,3.68691501e-02,-4.29712415e-02,-1.92051416e-02,-2.31404340e-02,2.30548960e-02,-1.84758451e-02,-5.21342304e-02,-5.71591517e-03,-3.43809417e-02,-3.23559705e-03
-1.75085304e-02,1.37552200e-02,4.16350786e-02,7.47839886e-03,-2.37059046e-02,-1.41936078e-02,2.45756651e-03,4.66912833e-02,7.19342869e-03,-1.79650509e-02,-1.05307860e-02,-2.91912933e-02,-2.53707367e-03
1.17629873e-02,6.11827519e-02,1.94389531e-02,1.44816991e-02,-8.06479173e-04,-1.70589227e-02,2.66313169e-03,1.83806300e-02,2.35709280e-03,-1.91884308e-02,-2.42914960e-02,-3.51215717e-02,4.74870386e-03
-1.28950626e-02,9.98880127e-02,2.36221693e-03,1.37180003e-02,1.87808756e-02,1.91284838e-02,5.25420631e-02,6.88536177e-03,3.72901585e-02,-1.73902749e-02,-1.91088673e-02,-8.34983230e-02,1.13500068e-02
-2.55035511e-02,1.07878342e-01,3.08172836e-02,2.20157670e-02,1.49657144e-02,4.40229438e-02,7.36165477e-02,-2.02105982e-02,3.04052260e-02,-5.11708097e-03,-2.48731230e-02,-8.35117375e-02,4.25478250e-02
-6.59862237e-03,1.38634680e-01,3.10741270e-02,-1.71273448e-03,9.14316623e-04,5.50417281e-02,1.09718086e-01,-4.96719595e-02,4.68597359e-02,5.00844115e-02,5.33500677e-03,-5.65197026e-02,8.33394122e-02
-3.51527507e-02,1.31360227e-01,3.90610856e-02,4.12511788e-02,1.80851752e-02,8.14953107e-02,1.21547855e-01,-7.24337266e-02,5.67970360e-02,1.05107083e-01,5.33069533e-02,-3.18328578e-02,7.47373211e-02
-3.60334492e-02,8.18259054e-02,-1.39365397e-02,2.07808068e-02,-3.54517040e-02,7.14995599e-02,1.22874601e-01,-9.07317012e-02,5.00620731e-02,1.22525746e-01,6.83612564e-02,6.32229738e-03,6.74179246e-02
-2.67248718e-02,9.96235061e-02,-5.42356045e-03,1.86646108e-02,-6.58923730e-02,3.31006362e-02,1.00469837e-01,-6.74297506e-02,9.16453714e-02,1.16236345e-01,5.86424114e-02,8.90785245e-03,3.71950448e-02
-3.19014524e-02,4.91512685e-02,-3.13448135e-02,-1.85565956e-02,-7.17849641e-02,8.69959179e-03,4.46019867e-02,-8.15459947e-02,7.56971700e-02,8.89860191e-02,5.94976798e-02,2.47912195e-02,3.26693342e-02
7.84832751e-03,3.27735558e-02,-2.07926941e-02,-6.24791301e-02,-7.75132679e-02,-2.39476262e-02,1.60677386e-02,-4.54765397e-02,6.17491382e-02,7.71708629e-02,4.66841578e-02,1.46130384e-02,1.73269227e-02
4.00328588e-02,1.51336462e-02,-7.06349301e-02,-9.56225958e-02,-8.10459349e-02,-4.97984941e-02,-2.87804051e-02,-2.65064631e-02,5.15415250e-02,4.33516023e-02,2.60178690e-02,3.27536271e-02,1.46454603e-02
4.30970164e-02,6.40692446e-03,-1.04296023e-01,-1.00887414e-01,-4.48715231e-02,-2.95221980e-02,-1.20277389e-02,1.68357323e-02,6.21598436e-02,8.91051234e-03,7.31551151e-03,1.21802953e-02,1.05947874e-02
4.58919156e-02,1.87779568e-02,-7.85200175e-02,-5.24921659e-02,-5.80372595e-03,-1.80505816e-02,-5.34976438e-03,1.94612677e-02,3.71241813e-02,-5.16704955e-02,-4.41485731e-02,-1.93041948e-02,1.55646745e-03
4.62999459e-02,-1.22059141e-02,-9.45123006e-02,-8.34316494e-02,-1.95351888e-02,-5.11773084e-02,2.44308762e-02,2.75737341e-02,2.92842271e-02,-2.75303840e-02,-3.76336935e-02,2.51467913e-03,4.91370852e-02
-2.45815083e-02,-4.65298156e-02,3.15006403e-03,-1.95907150e-02,-3.38098596e-03,-3.34798484e-02,3.03099296e-02,1.81455417e-02,-3.68124436e-02,-1.64846797e-02,-4.03007124e-02,-1.09881459e-02,2.00922513e-02
-3.22140996e-02,-8.73911072e-02,5.14066983e-02,4.69715451e-04,-1.87130307e-02,2.76175136e-03,6.77564348e-02,1.86524025e-02,-6.79335691e-02,2.77972572e-02,5.14499696e-03,1.46875738e-02,-3.19989457e-04
-4.71117157e-02,-1.13749974e-01,9.70361602e-02,3.37531341e-02,-3.44102029e-02,1.21022200e-02,9.16218157e-02,3.18400711e-02,-6.19126046e-02,4.50773378e-02,2.12335240e-02,1.01208174e-02,-2.92165554e-02
-8.23702853e-02,-1.38264006e-01,1.23309353e-01,4.49605079e-02,-3.97177075e-02,3.06842778e-02,8.07157173e-02,6.76267901e-03,-8.03127879e-02,2.34829580e-02,4.92289531e-02,2.75516745e-02,-1.35976831e-02
-4.62665387e-02,-1.19963122e-01,1.40741066e-01,2.78672254e-02,-5.46200522e-02,4.27107135e-02,4.56879512e-02,-8.73118638e-03,-8.09279083e-02,4.49831547e-02,7.77002626e-02,2.05144366e-02,-1.82412427e-02
-5.11545397e-02,-1.20920332e-01,1.18564697e-01,1.32329857e-02,-5.69895993e-02,7.39421298e-02,2.62502375e-02,-2.92336817e-02,-6.61848909e-02,4.14525351e-02,8.20008948e-02,2.18270966e-02,-2.83475281e-02
-2.46147772e-02,-6.54709652e-02,8.45457620e-02,4.43739602e-03,-3.36734453e-02,1.06387033e-01,3.20375797e-02,-3.30634413e-02,-2.66089338e-02,3.77487337e-02,7.71251701e-02,1.85017243e-02,1.12551352e-02
-1.98823935e-03,-6.02837394e-03,1.64050532e-02,1.16835112e-02,-2.96921409e-02,7.33313803e-02,6.07695304e-03,-4.70296652e-02,-1.66217843e-02,1.33422419e-03,2.84654987e-02,3.14016417e-03,1.00824378e-02
4.27300803e-02,3.88084149e-02,-5.05965311e-02,1.32007723e-02,-4.70152136e-02,-7.34230153e-04,-1.65400163e-02,-5.52211649e-03,2.06323656e-02,4.34122572e-03,3.35085599e-02,1.98903402e-02,2.44520667e-02
2.66754445e-02,5.71663661e-02,-5.53899072e-02,9.71990933e-03,-5.03974139e-02,-4.15235703e-02,-4.77121183e-02,-1.03328817e-02,2.58511586e-03,-3.73856116e-02,-1.04439749e-02,2.72895848e-02,3.02063028e-02
1.59004610e-02,6.54314979e-02,-4.13798274e-02,2.69845894e-03,-4.47333839e-02,-5.68679902e-02,-7.14112067e-02,-2.36117515e-02,-1.09131585e-02,-5.17701554e-02,-4.89804026e-03,2.53625747e-02,1.33503969e-02
-6.09158923e-03,5.07981595e-02,-5.12114180e-02,-5.42562450e-03,-3.24577541e-02,-4.88700251e-02,-5.64311080e-02,-9.34181143e-03,8.15583055e-04,-5.05559759e-02,-1.74568652e-02,-3.20700570e-04,2.01775655e-03
-3.82898846e-02,7.24730652e-02,-1.00558731e-02,6.69336032e-03,-8.49184247e-03,-2.13527460e-02,-2.14598325e-02,4.53970491e-03,-3.63756548e-03,-7.07635928e-02,-1.79476773e-02,-8.18095682e-03,1.81517283e-02
5.00916293e-03,7.50480851e-02,9.59106479e-04,-1.28304947e-02,-4.46461279e-02,-3.69831734e-02,-3.55972941e-02,-6.35155350e-03,-2.60277217e-03,-4.40247488e-02,-7.13992993e-04,-1.83151430e-02,2.48327834e-02
-3.65039105e-02,2.12974035e-02,-3.01810001e-02,-4.58504697e-02,-4.55494301e-02,-2.89190765e-02,-5.50043080e-03,-6.02969387e-04,-3.07500924e-02,-4.60748600e-02,1.48606049e-02,-2.11086371e-03,9.12876957e-04
-1.28372015e-02,3.32724059e-02,-3.83617333e-02,-6.41523601e-02,-1.02813026e-02,-1.52189392e-02,3.73295089e-02,3.65021894e-02,1.87001292e-03,9.66828685e-03,4.73916715e-03,-3.90203167e-02,-2.49357865e-03
-5.25475474e-02,-1.64851816e-02,-1.06603126e-01,-1.02842297e-01,-2.58786077e-02,-1.67561183e-02,4.74814207e-02,1.99751530e-02,-1.14984257e-02,3.04057674e-02,-4.53842534e-02,-6.04291042e-02,-2.28032313e-02
4.20749095e-03,-7.99254880e-03,-6.32852854e-02,-1.47288752e-02,-1.43948019e-02,-1.43484961e-02,5.03438620e-02,5.79682146e-02,4.35908226e-02,8.28676732e-02,-6.55876787e-02,-6.85149058e-02,-6.54823217e-02
5.84589712e-02,-1.15027611e-03,-3.68211999e-02,2.45129750e-02,5.12287777e-03,-1.58464897e-02,4.69627800e-02,9.01120069e-02,9.00650889e-02,1.31316096e-01,-7.66922081e-02,-6.28854573e-02,-9.74434700e-02
8.19111516e-02,-2.60420203e-02,-3.42928393e-02,4.22823559e-02,1.79223938e-03,-4.10297501e-02,3.70582644e-03,5.49195240e-02,8.35631097e-02,1.15623361e-01,-8.54708474e-02,-4.38246020e-02,-9.39774352e-02
1.11081915e-01,-2.20203104e-02,8.37226925e-03,9.49521701e-02,5.00538747e-02,-1.62589880e-02,-2.34459086e-02,3.30690173e-02,7.54416392e-02,1.17904111e-01,-1.00100605e-01,-5.65768648e-02,-9.63464895e-02
1.01040491e-01,-2.65553861e-02,1.91364343e-02,1.12083466e-01,9.50098938e-02,1.89900097e-02,-4.47975624e-03,1.61583493e-02,7.99439006e-02,1.07513213e-01,-9.61472540e-02,-3.59319741e-02,-6.91596263e-02
1.26112838e-01,-1.85786337e-02,1.80794336e-02,1.22734233e-01,6.73872803e-02,5.38927698e-03,-3.05108897e-02,-3.39716700e-02,7.23622194e-02,8.94657357e-02,-7.39720456e-02,-2.70479356e-02,-2.60873485e-02
1.05185228e-01,-1.35127469e-02,4.56974579e-03,1.21747329e-01,5.91462262e-02,7.81075331e-03,-2.03177573e-02,-6.42185407e-02,3.53092938e-02,1.90345729e-02,-5.12658055e-02,1.41388120e-02,-7.55341619e-04
1.17167278e-01,2.01593944e-02,2.33412933e-02,9.63282592e-02,5.93214536e-02,-3.58785070e-02,-2.51811289e-02,-5.10805588e-03,7.43376343e-02,1.45236587e-02,-1.75759883e-02,2.99878568e-02,1.24235825e-02
5.18628793e-02,-1.61921317e-02,-3.25849419e-02,-9.86921331e-03,-2.72333649e-03,-5.80231295e-02,-5.76526913e-02,-2.02780302e-02,1.79121035e-02,-3.20803357e-02,-1.44656280e-02,2.65983707e-02,2.53373676e-02
3.70854852e-02,-3.18164597e-02,-1.56337891e-02,5.99899661e-03,-3.25257619e-03,-2.69522555e-02,-6.80971630e-02,-6.84004942e-03,1.82168583e-02,-5.87755074e-02,-1.90669861e-02,2.52613117e-02,2.92797664e-02
2.39926230e-02,-3.31943743e-02,-1.38178440e-02,-1.78153524e-02,2.93066620e-03,4.90493582e-03,-4.45735456e-02,4.03260555e-02,4.68145340e-02,-3.14258300e-02,-1.03470780e-02,3.22340611e-02,1.09735796e-02
1.32536691e-02,-6.25342938e-02,-4.05373550e-02,-4.17749945e-02,-3.04266947e-03,1.52942191e-02,-3.76086856e-02,2.15505407e-02,3.45092672e-02,-4.04622983e-02,-1.53603215e-02,4.21458766e-02,8.21196819e-03
-9.38399223e-03,-3.83728661e-02,-1.44338635e-02,-4.75109663e-02,7.51429276e-03,7.86522644e-03,-4.92673162e-02,-8.47126590e-03,2.83044512e-02,-3.80133775e-02,-4.22980701e-02,1.32177514e-02,1.23604046e-02
-9.50415283e-03,-3.77601936e-02,-1.91228026e-02,-6.97567310e-02,2.98780816e-02,4.39773959e-02,-3.02215284e-02,-1.99930460e-02,2.45211347e-02,-3.54355542e-02,-3.11999499e-02,-4.55290895e-03,2.12276216e-02
-5.03763678e-02,-5.69365969e-02,-5.77997579e-02,-1.00268060e-01,2.48021004e-02,3.71564845e-02,-3.37152597e-02,-7.20366763e-02,-1.22995740e-02,-2.21321253e-02,-2.62945184e-02,-1.74100638e-02,4.01706317e-02
-5.20371189e-02,-3.61748200e-02,-4.73315593e-02,-8.56532965e-02,1.92654906e-02,5.21717620e-02,-2.34452855e-02,-1.02114216e-01,-3.93541450e-02,-3.82265110e-02,-3.30847414e-02,-4.35624749e-02,5.59601494e-02
-6.42962554e-02,1.31173366e-03,-1.52737546e-02,-5.84117773e-02,3.71893344e-02,5.35618968e-02,-1.05460126e-02,-7.83347790e-02,1.43944376e-04,-4.96391121e-03,-1.32128026e-02,-4.02994084e-02,6.14032503e-02
-8.40602202e-02,-2.02359280e-02,-2.37313458e-02,-5.11199086e-02,2.12272888e-02,6.85950185e-02,-1.08666100e-03,-4.70676076e-02,-1.98580688e-02,-7.36348637e-03,-9.89085125e-03,-4.39906428e-02,5.78909061e-02
-8.19376934e-02,-4.00908711e-03,1.19043668e-02,-1.38156822e-02,-1.55714470e-02,4.70642118e-02,-2.88196831e-02,-1.09209234e-02,-3.84837493e-02,-1.65839632e-02,4.02763780e-03,-4.04969506e-02,7.37580197e-02
-8.60935571e-02,-1.39634930e-02,2.03175635e-02,3.06977029e-02,2.32807490e-03,7.15485439e-02,-3.42299661e-03,2.92471786e-02,-5.68551061e-02,-3.21288070e-02,1.70447088e-02,-3.88805562e-02,6.40243372e-02
-6.55431432e-02,-2.26831351e-02,3.22419106e-02,6.25239915e-02,3.92457748e-02,8.13824793e-02,2.28743250e-02,6.68270054e-02,-6.87889253e-02,-4.17807251e-02,4.08539469e-02,-5.48141741e-03,2.62930483e-02
-6.29450155e-02,4.36659370e-03,3.76436090e-02,7.15931259e-02,2.94773714e-03,1.19419086e-02,1.65826884e-02,7.32571677e-02,-5.25301856e-02,-5.56030048e-02,1.99578861e-02,3.40315141e-03,-8.26778323e-03
-1.78254381e-02,3.06302840e-02,2.01929920e-02,4.82677799e-02,-2.50493397e-02,-1.92758768e-02,2.98410596e-02,6.88122190e-02,-3.19848571e-02,-5.19378952e-02,3.77540536e-02,3.65455607e-02,-4.24195731e-02
-2.26973755e-02,2.69123129e-02,-1.45456188e-03,5.35686799e-02,-2.52070973e-02,-2.18875457e-02,4.15002448e-02,6.53462718e-02,-3.55768289e-02,-5.64400102e-02,3.40011538e-02,6.21322263e-02,-7.79430017e-02
-4.61808753e-03,6.14347980e-02,1.03261655e-02,5.40259300e-03,-4.29697130e-02,-6.08900428e-02,5.78549464e-03,2.92891014e-02,-2.86192682e-02,-7.73718097e-02,3.60556592e-02,4.45562408e-02,-8.31143055e-02
3.87754877e-02,1.14652240e-01,1.77298364e-02,-2.87825264e-02,-3.70396233e-02,-5.37371354e-02,1.25576388e-02,1.53394685e-02,-1.68717094e-02,-7.48751608e-02,6.15117270e-02,5.60336658e-02,-7.55469304e-02
4.22760038e-02,8.92472825e-02,9.71399726e-03,-2.23711843e-02,1.39817395e-04,-1.00198525e-02,4.08302464e-02,-7.09071830e-03,-1.84342318e-02,-6.17180867e-02,5.42778213e-02,4.36618489e-02,-7.24555322e-02
6.89804833e-02,1.08196002e-01,3.12060938e-02,-3.67808748e-02,-3.40574994e-02,-4.01265551e-02,2.09864432e-03,-3.88922507e-02,-1.40413696e-02,-4.83992078e-02,7.43540122e-02,5.19212366e-02,-3.98305730e-02
6.21992937e-02,7.28988392e-02,1.96831990e-02,-2.05687722e-02,-8.34408446e-03,-2.33201848e-02,1.65322061e-02,-4.95520545e-02,-7.25407376e-03,-6.42286784e-02,5.39072647e-02,3.08158734e-02,-3.52903945e-02
8.52293209e-02,7.72522580e-02,3.78451871e-02,-1.66850309e-02,3.93700967e-02,-1.25359639e-02,1.60128965e-02,-2.56600258e-02,-1.88440954e-02,-7.61057691e-02,6.57000149e-02,1.46346443e-02,-4.65984951e-02
1.01996698e-01,7.96321672e-02,5.67574696e-02,-5.10609490e-03,6.44370042e-02,-3.63283522e-02,2.66548346e-03,-6.17763768e-03,-1.93618515e-02,-5.19266046e-02,5.29971750e-02,9.93748465e-03,-4.86348324e-02
9.56107327e-02,3.96150154e-02,3.22058982e-02,-4.48834915e-02,5.74255681e-02,-6.62779485e-02,-1.62593567e-02,-1.77594697e-02,-3.25851428e-02,-1.92046106e-02,4.42434031e-02,2.33622838e-02,-5.08220731e-02
6.38935398e-02,-3.67481851e-03,7.16962069e-03,-1.22242765e-02,7.15660091e-02,-3.74327830e-02,4.56353466e-03,3.53220286e-03,-3.77833263e-02,-5.49871037e-03,2.96500569e-02,1.96983561e-02,-6.54070113e-02
3.60089313e-02,-1.55638959e-02,1.73751780e-03,-2.94738936e-02,5.31459093e-02,-5.76119690e-02,-2.91427360e-02,2.61558109e-03,-2.44577721e-02,1.08604184e-02,2.65630238e-02,6.16680778e-03,-5.57604010e-02
2.49074070e-02,-2.03193714e-02,-2.00618951e-02,-4.05359964e-02,3.57366052e-02,-5.09578960e-02,-3.01967544e-02,2.63218728e-02,-6.70205033e-03,2.23691445e-03,2.51997921e-02,3.77072433e-03,-3.21383496e-02
1.11938852e-02,-2.99559702e-02,-3.14470129e-02,-8.10211605e-03,2.17160342e-02,-1.88795162e-02,-1.97958291e-02,3.15930559e-03,-1.30759513e-02,3.48973343e-03,1.13922821e-02,-1.58856362e-02,-1.91013492e-02
-5.27544839e-03,-1.46017142e-02,-1.32096956e-02,1.31525601e-02,-2.61667508e-02,-3.05525101e-02,-4.92917602e-02,-2.67145126e-02,9.38373253e-03,1.48108490e-03,2.35862676e-02,-2.27680230e-02,1.99260214e-02
-2.36415581e-02,-2.16513811e-02,-3.55683448e-02,5.59460369e-03,-4.73331800e-02,-7.38775703e-03,-2.36397755e-02,-4.54574543e-02,3.68409731e-02,-1.46801689e-02,8.69798208e-03,-2.65589167e-02,2.88799192e-02
-2.63351944e-02,-3.43699937e-02,-5.16833580e-02,-2.01995050e-02,-1.03849286e-01,-2.75753696e-02,-3.79264934e-02,-5.91069769e-02,2.76811119e-02,-5.75462202e-02,-8.05852206e-03,-6.28772047e-02,2.25087725e-02
1.50994105e-03,1.66132107e-02,-1.39799276e-02,2.55231728e-03,-9.44300338e-02,-1.42617640e-02,-2.48805366e-02,-6.78836660e-02,5.22707688e-02,-3.18753053e-02,-3.14608179e-03,-4.90114338e-02,1.25411465e-02
3.95895469e-03,-2.91152537e-03,-3.05411710e-02,-8.19240479e-03,-7.02851004e-02,8.42372836e-03,-3.67939586e-02,-8.29015026e-02,5.39227352e-02,-3.71111108e-02,-5.83037827e-04,-2.50353520e-02,1.25951613e-02
4.31270795e-03,-1.83408904e-02,-2.33689174e-02,-3.61251989e-03,-6.93733986e-02,3.19265672e-02,-1.07753460e-02,-7.53756635e-02,4.94456574e-02,-3.95654151e-02,-1.67769501e-02,-3.63815762e-02,-1.63255778e-03
8.44105567e-03,-1.57970863e-02,3.02152718e-03,2.26836901e-03,-6.50508444e-02,4.39720996e-02,-7.00043801e-03,-6.55441579e-02,3.25174535e-02,-1.17853465e-02,-2.81816879e-02,-4.59873270e-02,-2.71408931e-03
-4.50582054e-03,-2.93851525e-02,2.61735088e-02,8.36345133e-03,-3.59349458e-02,5.17418146e-02,-2.73859360e-03,-2.99804348e-02,2.68519713e-02,-9.00724696e-03,-4.33095067e-02,-3.17127609e-02,1.61508332e-02
-3.70569122e-03,-4.27336034e-02,1.56772794e-02,-4.46802577e-03,-3.42054283e-02,8.37838542e-02,1.82843846e-02,-3.58126203e-02,-7.20540822e-03,-2.26457225e-03,-4.91972636e-02,-2.28840410e-02,1.75658218e-03
2.51239827e-02,-3.83141702e-02,3.29256127e-02,2.89474256e-02,-2.99766564e-02,8.46269694e-02,2.09693587e-02,-2.25863742e-02,3.10981826e-03,5.36067856e-03,-3.93652884e-02,5.72770321e-03,1.34264777e-02
3.37899159e-02,-3.68086694e-02,2.13240546e-02,1.63197734e-02,-2.27114655e-02,8.77487597e-02,3.37479234e-02,-2.02784160e-03,6.25439024e-03,-4.67851158e-03,-2.91744728e-02,2.72574770e-02,3.77328002e-02
1.46513233e-02,-7.51481717e-02,-3.16715835e-03,-1.28171347e-02,-5.11030282e-02,4.41854905e-02,1.56307289e-02,1.31573247e-02,-3.16822260e-02,-2.59249839e-02,-4.37069555e-02,2.07320482e-02,4.66547328e-02
2.93502252e-02,-5.26353209e-02,4.51232687e-03,-1.73120749e-02,-4.39056463e-02,2.51273564e-02,-4.10631041e-03,2.78288123e-02,-2.79937256e-02,-5.58296558e-03,-1.30275857e-02,3.36562500e-02,3.79322698e-02
-1.61611505e-02,-6.97503367e-02,-2.96027019e-02,-2.65018082e-02,-2.61154265e-03,1.08636235e-03,-2.41835685e-02,2.32596225e-02,-1.92042835e-02,-1.24183385e-02,2.31490215e-02,6.56698092e-02,4.28724722e-02
-4.19978370e-02,-4.56312967e-02,-3.04097223e-02,-3.58112507e-02,9.16440541e-03,-2.40483021e-02,-2.42313296e-03,3.57650082e-02,-3.39677895e-02,-1.33864509e-02,2.79198263e-02,5.24520039e-02,8.03540080e-03
-5.54239073e-02,-1.56797846e-02,-2.10714133e-02,-2.87834801e-02,3.12741091e-02,-3.96943580e-02,1.00268496e-02,6.76898652e-02,-2.51876983e-02,4.25848118e-02,1.40419368e-02,1.76904633e-02,-2.19697972e-02
-8.52336536e-02,-1.26969997e-02,-1.61810745e-02,1.04199061e-02,5.91832435e-02,-5.11146999e-02,4.11425534e-02,1.02072934e-01,-5.88305636e-03,6.56679558e-02,4.28592546e-03,4.65544168e-03,-7.11033001e-03
-9.87856248e-02,-2.80733163e-02,-3.07790837e-02,-7.87546053e-03,8.51257940e-02,-3.39902298e-02,7.83849571e-02,8.96389485e-02,-1.66792741e-02,9.55793713e-02,-1.56785315e-02,-2.01993387e-02,-3.26523675e-02
-2.91245833e-02,-2.37643901e-02,-2.74152261e-02,1.31091859e-02,9.11822958e-02,-6.76774570e-03,1.11995530e-01,8.68703704e-02,-1.90344207e-02,1.27725159e-01,-4.26943923e-02,-2.51003024e-02,-3.80163573e-02
-3.92244789e-03,-3.69123578e-02,-4.23458399e-02,1.56132029e-02,7.99566035e-02,1.13602652e-02,1.32191228e-01,8.12658003e-02,2.79313033e-02,1.37314165e-01,-7.23936184e-02,-2.52796130e-02,-7.05473145e-03
8.39408546e-03,-3.73623824e-02,-1.86040779e-02,2.07720452e-02,7.39902694e-02,2.35107524e-02,1.26354977e-01,7.28267568e-02,5.42853959e-02,1.35408702e-01,-8.07227640e-02,-2.34305872e-02,2.94295256e-02
3.96033109e-02,-3.05813347e-02,-2.41043099e-03,4.45427022e-02,7.10093343e-02,5.74353409e-02,9.17719158e-02,5.66280967e-02,9.70190997e-02,1.29701478e-01,-8.23454537e-02,-6.07462295e-02,2.61492857e-02
2.85172959e-02,-2.91015126e-02,-1.67876550e-02,5.51551243e-02,3.83468618e-02,5.51802291e-02,3.06846386e-02,2.80752844e-02,1.43698694e-01,9.98150288e-02,-5.96258698e-02,-6.08591175e-02,3.41652075e-02
9.98671667e-03,-1.96872342e-03,-2.54791439e-03,4.06905829e-02,1.33609259e-02,4.41610600e-02,-1.86317486e-02,-1.27604292e-03,1.34384460e-01,6.68102982e-02,-3.02284026e-02,-6.85291131e-02,2.89664220e-02
-1.02118397e-02,1.68004269e-02,1.14644900e-02,3.89694301e-02,4.41650466e-02,9.19557644e-02,-3.35179889e-02,1.63600070e-03,1.13238911e-01,5.64666172e-02,-3.03949354e-02,-7.35269849e-02,2.16635712e-02
-2.69351753e-02,4.76471073e-02,-7.94302004e-03,1.78234529e-02,1.63110305e-02,5.25033265e-02,-7.20301789e-02,-1.96718160e-02,1.02133841e-01,4.87305802e-02,6.16477444e-04,-7.11793658e-02,3.45804191e-02
-5.85180591e-02,3.46079674e-02,-1.75278382e-02,-1.01981271e-02,9.65346750e-03,4.07254944e-02,-8.84239008e-02,-1.45529089e-02,7.74727021e-02,3.67827680e-02,1.34759076e-02,-6.48911059e-02,1.40494140e-03
-6.69854352e-03,2.71929481e-02,-1.30628617e-02,1.26345842e-03,1.14824967e-02,4.40754977e-02,-7.84980445e-02,-3.64856259e-02,7.80447715e-03,1.44563873e-02,1.26507344e-02,-1.85782141e-02,-1.17344134e-02
6.37531686e-03,-4.39149936e-03,-3.89371418e-02,-2.54979820e-02,-2.45493181e-02,-3.85474998e-03,-8.96286677e-02,-5.16940339e-02,-1.44766927e-02,5.02618852e-03,1.29689781e-02,3.30643404e-02,1.22341757e-03
-1.03788247e-02,-5.57047917e-02,-4.66151973e-02,-7.73147457e-02,-2.43133920e-02,-3.98009120e-02,-1.07698765e-01,-5.67989165e-02,-5.58998797e-02,-1.65817300e-02,-7.41517264e-03,6.07275931e-02,1.03345027e-03
1.10064804e-02,-3.04500803e-02,8.50220407e-03,-4.90639536e-02,1.56312815e-02,-4.07123708e-02,-9.14285660e-02,-5.26348478e-02,-5.86516560e-02,-3.32024156e-02,-2.36875203e-02,5.50844789e-02,6.94178892e-03
3.85319943e-02,-1.03127323e-02,3.46785633e-02,-2.20923488e-02,8.11469586e-03,-5.44966716e-02,-8.12416954e-02,-3.14782420e-02,-4.83595018e-02,-4.89423013e-02,-2.91838828e-02,2.41167443e-02,-8.03792330e-03
5.39478635e-02,-3.09368904e-03,5.83988749e-02,-1.13887074e-02,6.08681103e-03,-6.53180068e-02,-5.84173413e-02,-1.12620826e-02,-4.30479565e-02,-5.95000892e-02,-2.42286575e-02,5.99747120e-03,-8.70660247e-03
2.43287327e-02,-3.26800089e-02,5.55895488e-02,1.78095427e-02,5.41944912e-02,-1.73390128e-02,-1.10161928e-02,3.44409682e-03,-5.03254702e-02,-7.36654819e-02,-3.12375607e-02,-4.24605477e-03,3.97602836e-03
4.29053441e-02,-1.76843371e-03,5.91462327e-02,6.52115659e-03,5.16094597e-02,-3.65798571e-02,-1.38185595e-02,-1.05648083e-03,-5.59871100e-02,-4.90325647e-02,-4.81991965e-03,-2.45510306e-04,2.19342285e-02
1.04687682e-02,4.47337499e-03,5.10912163e-02,3.93460258e-03,3.00728614e-02,-5.62418180e-02,-1.35805006e-02,4.12224251e-02,-1.64531403e-02,-2.01837412e-02,1.79756669e-03,-3.74467019e-02,2.57340692e-03
2.58598343e-02,2.78286701e-02,4.47434679e-02,5.93271892e-03,2.93580452e-02,-4.52959479e-02,6.58268919e-03,3.69338626e-02,-2.29981228e-02,-1.17643825e-02,1.91648644e-02,-6.96251952e-03,1.54458831e-03
-1.12123935e-02,2.01465314e-02,1.85340369e-02,5.67169130e-03,5.79896830e-03,-5.38706618e-02,-2.39717198e-02,2.12050299e-02,-5.03210471e-03,-5.21818195e-03,6.76657507e-02,2.79651082e-02,1.08132794e-02
-4.86547327e-02,6.32885157e-03,-2.65959966e-02,-4.41369650e-02,-1.43713397e-02,-5.17128904e-02,-4.91600857e-02,8.95813174e-03,-8.80585333e-03,-1.10671205e-02,5.02195730e-02,3.96015937e-02,-2.46142626e-02
-4.95433345e-02,2.04950374e-02,-2.77961798e-02,-4.27708825e-02,-2.92456181e-02,-4.43706326e-02,-4.96023461e-02,9.64071862e-03,-1.16982700e-03,-3.10154422e-03,3.41593738e-02,5.29175820e-02,-2.69568270e-02
-5.66037405e-02,3.39140193e-02,-3.83177251e-02,-2.81197129e-02,-3.23802591e-02,-2.02716257e-02,-2.08747721e-02,1.77186007e-02,-1.43062049e-02,-2.83068175e-02,2.18885320e-02,5.31500062e-02,-2.53561457e-02
-1.56857746e-02,3.49949008e-02,-2.35308973e-02,-1.56281848e-02,-3.53413356e-02,5.84322884e-03,2.52233410e-02,2.51912525e-02,-3.15888747e-02,-4.51441383e-02,8.11489771e-03,2.90313593e-02,2.62901645e-03
-3.88450988e-02,-5.05297014e-03,-3.66645734e-02,-5.32861863e-03,-3.06475597e-02,3.12766003e-02,6.34826508e-02,3.53504993e-02,-4.38399910e-02,-5.48766782e-02,9.70232722e-03,2.83605340e-02,1.90655148e-02
-7.48339301e-02,-4.19596221e-05,-5.07740381e-02,-2.75126255e-03,-2.57536211e-02,5.31137385e-02,7.22188816e-02,2.63449939e-02,-3.41905550e-02,-4.33015823e-02,6.07940599e-02,6.44643282e-02,1.69253191e-02
-7.12946664e-02,4.25755035e-02,-1.29994405e-03,5.95614101e-02,-7.84616957e-03,5.08340912e-02,7.96355519e-02,4.69124569e-02,-4.15830114e-03,-5.98147797e-02,4.79619291e-02,1.23105969e-02,1.93269642e-02
-3.60884902e-02,8.69070451e-02,3.23841753e-02,5.80388904e-02,6.81630287e-03,4.00369226e-02,5.66278176e-02,3.49119478e-02,-1.36350290e-02,-5.95296770e-02,8.42824354e-02,2.06996342e-02,3.42825466e-02
-5.87189322e-02,6.81416399e-02,2.35644914e-02,4.37813149e-02,1.39978365e-02,2.39357251e-02,2.43865208e-02,2.94442328e-02,-1.02502991e-02,-5.32006757e-02,1.20884678e-01,2.70113974e-02,3.93634448e-02
-4.31169561e-02,1.29291153e-01,5.66873774e-02,3.58760736e-02,2.08232531e-02,3.93732317e-03,-1.54645397e-03,1.60738780e-03,-2.70341147e-03,-5.38912751e-02,1.31391955e-01,6.09546487e-02,4.23880582e-02
-1.81913537e-02,1.17764415e-01,5.31957386e-02,-7.72094698e-03,3.21146742e-02,-1.93047085e-02,-4.63830938e-02,-2.14451438e-02,7.99704438e-03,-2.97874923e-02,1.06042243e-01,3.98454492e-02,2.17121147e-02
-3.39577194e-02,1.16206332e-01,3.48624234e-02,-4.92927062e-02,2.89936593e-02,2.55886020e-04,-2.59772381e-02,-1.90536406e-02,1.15287553e-02,-5.73949013e-02,7.10485438e-02,4.93258092e-02,2.59333053e-02
2.48921504e-02,7.21618291e-02,-1.08588473e-02,-7.39963165e-02,-6.89740216e-03,-2.45737922e-03,-3.11584013e-02,-4.96044283e-02,1.69263354e-02,-4.96129860e-02,2.24780303e-02,3.96303605e-02,5.95084875e-02
5.45127614e-02,3.05272477e-02,-2.26413622e-02,-9.15961390e-02,-3.44506261e-02,-1.46666090e-02,-9.28687779e-03,-5.39563941e-02,4.30749243e-03,-3.54678304e-02,-1.30165682e-03,3.04513549e-02,7.21443411e-02
3.53252689e-02,-2.19499475e-02,-8.01015830e-02,-1.17868966e-01,-5.20884925e-02,-2.39654517e-02,1.17706088e-02,-5.53264922e-02,4.44747112e-02,2.05676115e-03,1.93066643e-02,3.48999375e-02,5.63891039e-02
4.29111964e-02,-3.12749047e-02,-6.64404434e-02,-5.71050979e-02,-3.72529156e-02,-7.24745460e-04,4.59868309e-02,-5.68380496e-02,2.69894821e-02,-1.29820622e-02,-2.66585625e-02,-9.49115282e-03,5.52341960e-02
5.65749426e-02,-4.72304000e-02,-6.14448008e-02,-1.93935773e-02,-1.12501605e-02,7.49409851e-03,4.07443488e-02,-4.34594217e-02,2.46421613e-02,-1.84724057e-02,-3.58865747e-02,-3.82020183e-02,4.07634319e-02
5.30568234e-02,-7.10222812e-02,-4.97349140e-02,-3.82093997e-03,-3.09596417e-02,-3.17672389e-02,3.76732469e-02,-2.46699304e-02,1.52791035e-02,7.02106868e-04,-3.42903751e-02,-5.31404948e-02,2.04279895e-03
4.57856829e-02,-6.28076290e-02,1.58384816e-03,5.72362408e-02,-2.41365239e-02,-3.86132186e-02,3.17095844e-02,-3.03969392e-02,-1.50476077e-02,-2.00318719e-02,-2.06463655e-02,-3.51780521e-02,2.77405076e-03
3.98724401e-02,-6.94197776e-02,1.52078720e-02,5.01073847e-02,-1.26622280e-02,-6.81595078e-02,-1.82894178e-03,-2.50469029e-02,-9.09650007e-03,-1.51226216e-02,-2.73216507e-03,-3.12102623e-02,-2.58282825e-02
3.04286073e-03,-3.50609623e-02,3.50220374e-02,4.69089336e-02,8.75012242e-03,-1.66682616e-02,1.33049396e-02,2.27250145e-02,-1.23901630e-02,-4.12207726e-02,-1.60153000e-02,-1.78712779e-02,-2.67885764e-02
-2.56505033e-02,-3.14231754e-02,-1.09747743e-02,3.53616426e-02,4.48752563e-03,7.37644556e-03,-1.71106952e-02,3.59046950e-02,9.99332382e-03,-1.25852426e-02,-3.46338832e-02,2.81862137e-02,-5.98231205e-03
-5.93607325e-02,3.94180440e-03,-2.50198927e-02,-3.03836751e-03,-1.64484707e-02,-2.04237326e-03,-5.33688513e-02,4.14708276e-02,-5.26057952e-03,-1.01535058e-03,-3.51537431e-02,4.16038541e-02,1.65373715e-03
-6.71327933e-02,7.94868041e-03,-4.81612812e-02,-4.56003831e-02,-1.60350804e-02,2.55380246e-03,-6.23063646e-02,5.11378084e-02,1.68303934e-02,1.93600377e-02,-3.85323015e-02,4.08712930e-02,2.22634442e-02
-5.39501750e-02,2.81539826e-02,-5.27113544e-02,-6.48692863e-02,-1.75535001e-02,3.14463019e-02,-7.09741005e-02,2.37516496e-02,2.97893004e-03,3.50621305e-02,-3.07046660e-02,3.74168367e-02,4.23644946e-02
-5.79360124e-02,2.06775939e-02,-6.12104917e-02,-4.64593574e-02,3.58036890e-02,7.29128810e-02,-6.21503145e-02,1.13546642e-02,-5.57346031e-03,1.75645690e-02,-7.01639023e-02,1.42155158e-03,5.25934781e-02
-2.69099720e-02,4.32699863e-02,-4.58413149e-02,-4.52183863e-02,3.27965183e-02,5.30085238e-02,-5.80170268e-02,2.53846736e-03,2.64400720e-03,3.88207368e-02,-6.60768233e-02,-2.49393855e-02,1.99768490e-02
-1.44711095e-02,-1.80430017e-03,-4.13050240e-02,-3.39326379e-02,2.01874020e-02,5.01852525e-02,-7.07823570e-02,-3.73500352e-02,-1.48909513e-02,1.69519915e-02,-4.40841598e-02,-3.60281727e-02,3.70728173e-02
-1.78504021e-03,-1.71096234e-02,-2.46266270e-02,-3.34116357e-02,1.87638591e-02,3.55504958e-02,-7.76503641e-02,-5.47930793e-02,3.22001519e-03,7.07375948e-03,-1.41832502e-02,-4.18387770e-02,5.14023122e-02
3.06887527e-03,-5.91400282e-03,-1.16918096e-02,5.17950124e-03,3.38222763e-02,4.20981121e-02,-2.15064111e-02,-2.88971214e-02,-1.11049342e-03,-1.87640505e-02,1.98983157e-02,-3.92592126e-02,2.68168238e-02
-2.74905617e-02,-6.60763870e-03,-8.52116894e-03,9.86889124e-03,3.56282118e-02,3.45108375e-02,4.43606353e-02,-7.36726712e-03,-2.16229209e-02,-1.48767814e-02,2.03123063e-02,-2.45986324e-02,2.04140003e-03
-5.82067190e-02,-1.90257802e-02,-8.81190504e-03,-9.06911059e-03,1.82428257e-02,1.35537688e-02,8.07742612e-02,4.13400070e-02,-4.19937107e-02,1.77655314e-02,1.90100328e-02,-3.24045082e-02,-4.16355502e-02
-7.92752728e-02,-4.73831817e-02,1.36006173e-02,5.81722593e-03,-1.32369821e-02,7.07153237e-03,1.27486121e-01,9.20338350e-02,-6.55104829e-02,1.54798346e-02,-1.12598648e-02,-2.20848348e-02,-6.91685103e-02
-3.52748511e-02,-4.01133764e-02,3.14924107e-02,2.11717660e-02,-5.61277471e-02,-2.07773424e-02,1.18529789e-01,9.43780377e-02,-4.58063282e-02,7.55987127e-02,8.43646927e-03,-6.00548227e-03,-8.21538695e-02
-1.15245245e-03,-6.14955849e-03,6.17853545e-02,7.24628143e-02,-4.09236180e-02,1.23034679e-02,1.65682470e-01,7.75245494e-02,-7.18147723e-02,7.37131247e-02,-2.74903118e-02,-2.04128303e-02,-9.51784901e-02
2.45300612e-02,-8.07538778e-03,4.50163767e-02,8.63538488e-02,-2.80519055e-02,-1.30039638e-02,1.50432773e-01,8.96154264e-02,-6.31038299e-02,1.15962978e-01,-2.72049311e-02,-4.46991950e-02,-1.17941952e-01
5.03054098e-02,-2.14723037e-02,2.79103958e-02,7.24803817e-02,-4.37047238e-02,-3.73052365e-02,8.92556679e-02,4.60050963e-02,-5.99241972e-02,9.80209737e-02,-3.11247047e-02,-3.56034058e-02,-8.14109596e-02
9.72723767e-02,-1.55987665e-02,2.81696144e-02,9.36844472e-02,-1.25885950e-02,-1.52163262e-02,2.69636528e-02,7.39596898e-03,-9.84239113e-03,8.38545796e-02,-5.03916897e-02,-4.82638573e-02,-2.61585825e-02
1.25025911e-01,2.43219687e-03,2.94599987e-02,1.13482997e-01,2.91398743e-03,-6.59087903e-03,-8.94509946e-03,2.71722146e-02,2.91676914e-02,6.37553865e-02,-1.49335274e-02,-5.13920000e-02,-1.12420313e-02
1.19726428e-01,2.76141460e-02,1.28392282e-02,8.68657208e-02,2.97619027e-02,-6.71086587e-03,-4.77225381e-02,2.82081021e-04,2.69094984e-02,2.33586002e-03,-1.89832596e-02,-5.65832739e-02,1.71563238e-02
8.05793898e-02,1.53827407e-02,-2.67817451e-03,3.04112519e-02,3.73080048e-02,2.59905117e-02,-5.80117348e-02,2.47896775e-02,4.33703285e-02,-7.56051107e-03,-1.58265963e-02,-4.71019947e-02,3.05490842e-02
5.51285404e-02,1.12859706e-02,-1.70615926e-03,1.79201021e-02,4.32668086e-02,4.04894736e-02,-6.50654899e-02,7.07720820e-02,5.47271695e-02,-3.90720057e-02,-3.12233875e-02,-3.68557190e-02,9.69410517e-03
4.85491178e-02,-5.89473783e-03,1.98117836e-03,-2.39562607e-03,3.19603718e-02,3.27896007e-02,-9.67683694e-02,6.73291643e-02,4.96201292e-02,-3.38487139e-02,-9.28952003e-03,-2.00658057e-03,5.84603670e-03
4.73035630e-02,2.51949839e-03,2.22423852e-02,-7.85294551e-03,1.47928732e-02,3.02186829e-02,-7.26833495e-02,4.36002109e-02,2.77147265e-02,-3.45323141e-02,-9.84250976e-03,2.91209599e-02,-6.13551651e-03
1.95240299e-02,-2.56989257e-02,-1.21752714e-02,-2.47595885e-02,1.48008216e-02,-1.16450374e-03,-5.72484766e-02,3.68632011e-02,1.87630193e-02,1.79476586e-03,1.49319732e-02,4.54025108e-02,-3.72215715e-02
2.61503671e-03,-4.28104720e-02,-1.13478437e-02,-3.87180995e-02,2.72321834e-02,-2.37775127e-02,-6.94950343e-02,8.40987667e-03,-9.81798889e-03,1.22064568e-03,-1.73417441e-03,6.59005814e-02,-3.78624634e-02
-1.63758533e-02,-6.69326600e-02,-2.05654569e-02,-3.92773911e-02,2.62881832e-02,-3.27940417e-02,-6.39678863e-02,-3.91536816e-02,-2.04554523e-02,5.27168585e-03,-2.00557032e-02,6.90049186e-02,-2.51239725e-02
-1.86811375e-02,-6.06387562e-02,-1.21891205e-03,-1.29016834e-02,2.55274290e-02,-4.43428831e-02,-3.78063292e-02,-3.79498794e-02,9.17440848e-04,2.54793400e-02,-2.72277488e-02,3.82246344e-02,-3.76645057e-02
-1.20308160e-02,-5.92235444e-02,-2.13610633e-03,-1.51538729e-02,3.46409073e-02,-3.54726373e-02,5.16542886e-04,-5.58659881e-02,9.65908481e-03,2.28047628e-02,-2.83436446e-02,1.16321919e-02,-2.17337666e-02
-6.70092805e-02,-9.64552277e-02,1.30262255e-02,-1.92525599e-02,2.83066036e-02,-1.39487149e-02,2.33579632e-02,-7.23175657e-02,8.14925958e-03,1.13433724e-02,-2.68662351e-02,-1.81052865e-03,-3.43460855e-03
-4.10457269e-02,-7.22923756e-02,2.11802125e-02,-3.09239031e-02,1.12688415e-02,-9.36414242e-03,3.34748007e-02,-4.77395638e-02,3.55174291e-02,1.68719292e-02,-3.18077982e-02,-7.61719846e-03,1.81269663e-03
-6.98582369e-02,-1.08961814e-01,-2.15585217e-02,-9.23969444e-02,-2.31188836e-02,-5.45249498e-03,2.58151602e-02,-4.98611206e-02,2.51797438e-02,1.19006535e-02,-4.47521932e-03,1.14544785e-02,1.86347642e-02
-5.46958916e-02,-7.39976057e-02,1.48067839e-02,-8.61804374e-02,-2.94333989e-02,-5.58458973e-03,1.50921733e-02,-5.48336368e-02,6.38738911e-03,-2.25175388e-03,-1.09991346e-03,1.70222184e-02,3.42731809e-02
-3.84882309e-02,-4.07081292e-02,1.86556921e-02,-6.49288902e-02,-2.83528213e-02,-1.91015515e-03,1.42786766e-02,-5.46386659e-02,1.24451529e-02,-7.33026773e-03,2.67718564e-02,4.65718824e-02,3.01266155e-02
-3.40032320e-02,-1.76728001e-02,1.18958709e-02,-4.31147147e-02,-1.54648741e-02,2.24754378e-02,1.18760190e-03,-3.57830020e-02,2.86017969e-03,-2.11212285e-02,1.26459169e-02,4.28226305e-02,-1.23440164e-02
-2.06226744e-02,-6.09716175e-04,5.32645614e-03,-4.13518069e-02,-3.32552979e-02,8.06101729e-03,-4.29442183e-02,-3.30059952e-02,-3.66490889e-02,-1.87037141e-02,1.37981838e-02,6.72366141e-02,-8.97920999e-03
5.07732005e-03,4.44976468e-02,-5.02311210e-03,-8.51356761e-03,-9.90549194e-03,1.17786351e-02,-3.99202664e-02,-1.72218396e-02,-4.24021940e-02,-1.23620771e-02,5.68615130e-03,6.83857163e-02,-7.67429860e-03
8.36325668e-02,8.02654479e-02,2.12527303e-02,3.33955197e-02,1.76429124e-02,4.75064473e-02,2.19785338e-02,3.32798177e-02,-2.29495701e-02,-1.78646868e-02,6.79408125e-03,2.87654238e-02,7.30491751e-03
4.75881368e-02,7.44451729e-02,2.73996429e-02,5.59356338e-02,2.12288247e-02,1.45069218e-02,5.06072397e-02,5.49154019e-02,-3.34062818e-02,1.01819558e-02,1.27295912e-02,1.25624182e-03,6.75983278e-03
5.71438873e-02,9.56812934e-02,5.04425376e-02,8.32883683e-02,3.55081919e-02,1.26132713e-02,5.13462391e-02,7.86473030e-02,-2.46458085e-02,1.91775528e-02,2.01964405e-02,-3.09420065e-03,-1.26263011e-03
-1.32945528e-03,4.40582331e-02,4.08905939e-02,5.93007833e-02,-7.28027391e-03,-1.74861436e-02,5.15262074e-02,4.47759763e-02,-3.05874045e-02,4.50027433e-02,4.35793091e-02,-7.59954219e-04,-2.72674310e-02
-1.26157796e-02,5.61132880e-02,1.23097966e-01,5.87517692e-02,-9.75767350e-03,-8.96775919e-03,8.33769146e-02,3.13853967e-02,-4.12494590e-02,8.28402329e-02,6.49675798e-02,-1.18704134e-02,-2.74325436e-02
-5.15550313e-02,3.22524329e-02,1.59370432e-01,7.81312205e-02,4.14070589e-03,7.92905460e-03,8.44377073e-02,-2.50728014e-02,-4.65618920e-02,9.08678154e-02,1.10477655e-01,4.94706331e-04,-1.17838214e-02
-9.49844824e-02,1.00779274e-02,1.44741608e-01,6.36409572e-02,-1.32631300e-02,2.27487194e-02,7.85800138e-02,-5.06770760e-02,-2.79280710e-02,9.00526459e-02,1.42367069e-01,-1.26435450e-02,-2.72897024e-02
-1.37732485e-01,-2.69632145e-02,1.28532644e-01,2.82610165e-02,-5.98016161e-02,-2.44141517e-02,1.83381376e-02,-9.55377068e-02,-4.03766632e-02,9.45099199e-02,1.50274790e-01,1.64205866e-02,-3.24755588e-02
-1.46267104e-01,-4.88875392e-02,7.57880008e-02,-6.49810934e-03,-5.88438830e-02,-2.32638948e-02,-1.05344093e-02,-1.33508503e-01,-5.29063192e-02,7.66465508e-02,1.47300080e-01,5.38700358e-02,-1.74311330e-02
-6.06953921e-02,-4.83602494e-02,2.49378045e-02,-2.64486390e-02,-7.39786496e-02,3.72889133e-03,-1.50957587e-03,-1.06567003e-01,-1.83338346e-02,2.12763428e-02,1.18880284e-01,3.41205527e-02,1.27905924e-02
-1.84503843e-02,-2.44440116e-02,-7.97485253e-03,-3.04422907e-02,-8.83576691e-02,-3.18007982e-02,-9.28098759e-03,-7.03185768e-02,-1.55892949e-02,1.48894639e-02,6.93481291e-02,1.62059049e-02,2.22190806e-02
3.33842469e-02,-5.61965439e-03,-6.49358342e-02,-1.61124635e-02,-7.25762012e-02,-2.68600822e-02,-3.65459123e-02,-1.88261251e-02,-1.87634594e-03,-2.29703059e-02,2.28848145e-02,1.40374804e-02,2.69028271e-02
6.77249410e-02,2.82414444e-02,-9.02283104e-02,1.17276994e-02,-8.67814306e-02,-4.87813785e-02,-6.72666037e-02,3.37789893e-03,3.13151706e-03,-4.94601812e-02,-3.15879377e-02,-1.16187706e-02,1.99210393e-03
6.79411387e-02,4.72162787e-02,-7.31485173e-02,2.63489989e-02,-6.60331100e-02,-4.49212925e-02,-5.62971631e-02,4.12650652e-02,7.72876427e-03,-3.97188579e-02,-5.93429301e-02,-3.06581199e-02,-9.87218104e-03
3.62026711e-02,8.47449834e-03,-8.21857589e-02,2.48384562e-02,-3.59162310e-02,-2.61917415e-02,-4.20529514e-02,4.64986611e-02,-2.20327203e-04,-4.72131691e-02,-4.26446434e-02,-2.73800324e-02,-2.09368076e-02
2.21040133e-02,2.34736952e-02,-5.73443390e-02,3.19657832e-02,-4.33425337e-03,-2.95013801e-03,-1.61773727e-02,5.65499016e-02,2.03142141e-02,-2.74673555e-02,-6.77563117e-03,-1.91817405e-02,-3.63145354e-02
-3.00855642e-02,1.62629923e-02,-3.29479120e-02,1.01346984e-02,-1.10815660e-02,-3.01285907e-02,-5.01833590e-02,2.60266573e-02,1.60145570e-02,-3.42058249e-02,9.72758738e-04,-8.69259983e-03,-4.54624607e-02
-6.44747419e-02,-1.56862275e-02,-2.28666389e-02,-3.73002075e-02,-2.06198062e-03,-4.74279018e-02,-5.44188558e-02,-2.12858354e-03,2.35426311e-03,-4.23242949e-02,2.63512446e-02,2.35692756e-02,-5.45374644e-02
-8.29639771e-02,-5.10325726e-02,-5.38176424e-02,-8.29226218e-02,-4.06294565e-03,-5.77249619e-02,-4.81782502e-02,-2.76222160e-02,-9.10483771e-04,-5.85045375e-02,3.48258998e-02,3.57122132e-02,-3.15421206e-02
-6.72320145e-02,-2.12838681e-02,-1.28327596e-02,-6.30599270e-02,2.15080450e-02,-5.36390976e-02,-1.69979523e-02,-2.02268103e-02,1.00923333e-02,-4.56484791e-02,4.21861346e-02,1.92761588e-02,-3.77763768e-02
-2.55650367e-02,-1.91410555e-02,5.47201154e-03,-5.98479297e-02,2.09568142e-02,-4.53155883e-02,5.27753851e-03,-1.44403789e-02,1.05926210e-02,-3.26538041e-02,3.78949258e-02,1.87152461e-02,-2.57279230e-02
2.05748580e-03,-2.91356022e-03,2.85317008e-02,-3.92961970e-02,1.21272690e-02,-5.34667676e-02,-9.33644741e-04,-1.01231733e-04,6.47836556e-03,-2.80921596e-02,2.08158524e-02,4.20105696e-03,-9.29105645e-03
3.14912677e-02,4.73582514e-02,5.75234005e-02,5.56134753e-03,2.34574216e-02,-4.30589320e-02,-7.93067303e-03,2.39899213e-02,2.04522128e-02,-1.84401660e-02,1.01476354e-02,-3.92440643e-02,1.24746881e-03
3.07376072e-02,8.66444339e-03,1.17266813e-02,-1.60185167e-02,2.80151168e-02,-2.01461312e-02,-4.71475256e-04,5.03834173e-02,9.02451882e-03,-1.99420922e-02,1.77457457e-02,-2.23863702e-02,1.21637297e-02
3.15445769e-02,1.88939433e-02,1.72632425e-02,9.47287295e-03,5.10672115e-02,-6.59698883e-03,-1.52009364e-02,5.35030410e-02,1.00019420e-02,2.71991021e-03,2.01703948e-02,-1.20392203e-02,-5.84466219e-03
3.59174204e-03,1.91474141e-02,8.81004679e-03,2.47736016e-02,4.55065456e-02,3.94297712e-03,-2.72466054e-02,4.35595293e-02,1.27147358e-02,1.87936033e-02,1.50745445e-02,-3.64772036e-04,1.10014501e-02
-1.95153202e-03,2.47847606e-02,-2.70332401e-03,2.52198196e-02,3.85270151e-02,9.94024310e-03,-2.80005870e-02,4.87336170e-02,4.68063400e-03,7.10706744e-03,3.08011827e-03,1.42621490e-02,1.27193115e-02
-1.93169981e-02,2.59904095e-02,-2.49768198e-02,-2.73429238e-02,3.93290449e-02,-4.85552795e-03,-2.17120305e-02,3.68612857e-02,-1.45243658e-02,-1.46359881e-02,-3.32703024e-02,9.41897659e-03,4.70485083e-03
4.85381955e-03,6.73480789e-02,-2.20928676e-02,-4.83368992e-02,3.83063119e-02,-9.26830773e-04,3.75688697e-02,6.93629147e-02,-4.21320248e-03,-1.40546931e-02,-5.17113553e-02,-1.15361559e-02,2.25235965e-03
6.57289997e-03,8.45580646e-02,-7.07546736e-03,-6.31865349e-02,-1.27108083e-02,1.46481309e-02,8.97327240e-02,9.25442064e-02,-8.22258496e-05,-2.49485670e-02,-6.25369702e-02,-2.48047843e-02,2.04968129e-02
-2.18410251e-03,7.87963738e-02,2.41912938e-02,-5.08390897e-02,-2.57236638e-02,9.04513236e-03,1.01712714e-01,8.11648454e-02,2.47847283e-02,5.40556579e-03,-7.51967207e-02,-3.16915652e-02,3.26366650e-02
5.97330214e-04,9.57164494e-02,6.71813329e-02,-3.69441642e-02,-7.96316104e-02,-2.13213169e-03,9.74070299e-02,8.31378954e-02,7.23159945e-02,2.72602343e-02,-8.30124487e-02,-7.47640125e-02,4.74699846e-02
4.72613751e-03,7.65488628e-02,4.61621403e-02,-4.81083220e-02,-6.75765582e-02,2.79814828e-02,9.52305672e-02,3.88320933e-02,6.01298372e-02,1.90304037e-02,-7.99270951e-02,-6.82168895e-02,4.58815227e-02
-2.81095720e-03,3.53890265e-02,4.24759174e-02,-2.86796735e-02,-6.43851284e-02,1.75592290e-02,3.03325579e-02,1.54237848e-03,7.06664460e-02,2.27392552e-02,-7.57242307e-02,-8.18298732e-02,3.76965691e-02
-3.83778621e-02,-2.90029330e-02,1.70498125e-02,-1.71272278e-02,-5.24324260e-02,1.44597926e-04,-3.52935492e-03,-3.68364364e-02,6.32475958e-02,3.14255262e-02,-5.95608627e-02,-6.97634838e-02,5.54483545e-02
-2.02143655e-02,-4.71428394e-02,1.26572187e-02,5.43446465e-02,-3.14781718e-02,-1.52894924e-03,-4.34550142e-02,-3.61206901e-02,7.74347233e-02,3.30446772e-02,-2.71967444e-02,-6.48142516e-02,7.61456162e-02
1.31407344e-03,-6.31898741e-02,-1.63546733e-02,5.45343073e-02,-1.35988527e-03,2.71082853e-03,-6.63198459e-02,-4.60903213e-02,6.22174651e-02,2.05343156e-02,-1.10764794e-02,-5.11752909e-02,6.33789570e-02
3.10328257e-02,-8.67132235e-02,-5.78377001e-02,4.31020595e-02,3.38939867e-02,6.42767810e-03,-7.46411237e-02,-3.95083203e-02,3.17737416e-02,-1.58483180e-03,1.46763402e-02,-3.12688414e-02,3.75837224e-02
3.93026777e-02,-7.36330217e-02,-5.93683488e-02,3.85169884e-02,1.21873428e-02,2.09453919e-02,-5.45520150e-02,7.56688918e-03,1.48644818e-02,-4.22673811e-02,3.67084297e-02,-7.73707125e-03,2.75684150e-02
2.62367661e-02,-7.03369854e-02,-5.01826471e-02,3.91720719e-02,2.41592568e-02,2.80096846e-02,-4.05282652e-02,3.55141924e-02,2.06450949e-02,-4.22822958e-02,4.45008342e-02,1.91220244e-02,2.21607239e-02
2.77674005e-03,-7.73898263e-02,-4.72270690e-02,1.12163475e-02,-2.39219202e-02,-3.37829082e-03,-5.67161978e-02,4.35629081e-02,1.35256672e-02,-5.96875315e-02,2.93813883e-02,1.67667238e-02,1.25638264e-02
2.52791347e-02,-4.65468174e-02,-2.67881060e-02,1.20646390e-02,-5.40964479e-03,8.73364105e-03,-3.55029087e-02,2.53661925e-02,-1.26884612e-03,-3.82999586e-02,3.72271461e-02,2.09684412e-02,-1.34413632e-02
2.81222102e-03,-5.64623693e-02,-2.60321131e-02,3.52677039e-03,-4.44999805e-03,-5.45948352e-03,-4.58690060e-02,-2.86111428e-03,-5.75263366e-03,-1.77587377e-02,2.95449199e-02,1.41975914e-02,-1.48195809e-02
-1.58417714e-02,-4.26573757e-02,-1.33719716e-02,-3.02855903e-03,2.93215836e-02,-1.08497871e-02,-2.50403747e-02,-1.93184725e-02,-1.66244228e-02,-2.99210763e-03,5.18611694e-04,8.32621606e-03,-1.26656720e-02
-1.94143603e-02,-6.58913970e-03,1.57126732e-02,1.51908482e-02,1.85066629e-02,-3.14457508e-02,-1.20412234e-02,-8.20906998e-03,1.29800885e-02,1.93179177e-02,-2.97495935e-02,-2.72991297e-02,-1.78157124e-02
-4.00679782e-03,9.54348155e-03,1.56691877e-02,1.38808750e-02,1.07861647e-02,-4.55094329e-02,4.34649285e-03,-2.35156467e-02,1.26780240e-02,2.91274978e-02,-5.32072166e-02,-2.46449607e-02,-4.84640512e-03
-4.16761737e-03,-4.06979290e-03,1.69172516e-02,1.37170720e-02,2.86803103e-02,-3.62976884e-02,6.59010467e-03,-4.60017236e-02,1.63237763e-02,5.57038798e-02,-1.45387098e-02,-7.28976766e-03,-3.12907036e-03
1.97022978e-02,-7.47789657e-03,3.80271344e-02,1.92743560e-02,5.31537046e-02,-1.31936245e-02,2.39488568e-02,-3.89868618e-02,2.89737416e-02,4.35888169e-02,1.26639534e-03,-1.19821986e-02,-2.89969371e-03
2.26221317e-02,-2.55353876e-02,3.69783988e-02,7.64699834e-03,5.35183601e-02,2.65180913e-02,4.64203003e-02,-2.18576461e-02,2.72781751e-02,1.79958401e-02,1.42743935e-02,-2.67743209e-03,-8.99391638e-04
-1.32267392e-02,-5.00219214e-02,1.74147561e-02,-1.58311597e-02,3.28128507e-02,1.65390324e-02,3.22587382e-02,-2.22177863e-02,7.90514280e-03,-2.05326545e-02,-6.58533835e-03,-4.84028718e-03,-2.22028795e-02
2.56167415e-05,-4.37810076e-02,2.96130583e-02,-1.18809482e-02,3.28674699e-02,2.08261298e-02,1.92678636e-02,-4.31031135e-02,-1.12022409e-02,-2.66524414e-02,6.47607177e-03,7.48958266e-03,-2.21884519e-02
-1.34066663e-02,-3.71565498e-02,9.45671131e-03,-1.87466721e-02,3.30046834e-02,2.89791791e-03,-4.00283948e-03,-6.73452700e-02,-4.04752260e-02,-1.61155602e-02,7.86086947e-03,2.02084069e-02,-3.46683446e-02
-1.69914024e-02,-6.19265711e-03,-4.36957980e-03,1.07494060e-02,6.07993123e-02,4.68338702e-03,1.05865729e-03,-5.75364350e-02,-6.32649060e-02,-1.41122969e-02,-1.62854297e-03,3.75753360e-02,-3.47005148e-02
-4.01347679e-02,1.38875980e-02,-1.43484878e-02,3.47981913e-02,6.13659439e-02,1.88299721e-02,2.39704482e-02,-2.55436976e-02,-5.28252769e-02,5.08597326e-03,-3.10979466e-02,2.18615409e-02,-4.87982757e-02
-4.00659058e-02,3.02210738e-02,-3.59210108e-02,3.23958440e-02,3.17832615e-02,2.37723106e-02,4.89731228e-02,-1.86167235e-03,-6.16561251e-02,-7.44536925e-03,-7.06705488e-02,2.21292686e-02,-4.32149106e-02
-1.04805897e-02,4.32731410e-02,-1.54001179e-02,4.73856661e-02,1.02366693e-02,4.29312016e-02,5.47112214e-02,3.60188731e-03,-6.75502458e-02,7.37622377e-03,-5.66904440e-02,2.58707736e-02,-1.61572798e-02
-6.65626220e-03,7.05972410e-02,4.13170519e-02,6.60814294e-02,1.94000942e-02,5.07360632e-02,6.73471917e-02,-2.63211565e-02,-1.02847585e-01,1.03054848e-02,-3.38343002e-02,2.55922899e-02,8.75540966e-05
-1.35081510e-03,1.03387949e-01,6.85091436e-02,7.39212974e-02,2.59344732e-02,8.96994285e-02,8.01716672e-02,-2.12455432e-02,-1.12225265e-01,1.23849069e-02,-7.27988174e-03,3.35394270e-02,-1.12377343e-02
1.56329817e-02,1.17483915e-01,7.24563034e-02,5.33388984e-02,7.94174133e-03,5.82513785e-02,7.86850193e-02,-3.27901632e-02,-1.09090677e-01,-1.71604461e-02,-1.36270954e-02,2.52457426e-02,-9.25983312e-03
1.48579810e-02,1.11648517e-01,8.20679201e-02,5.63192455e-02,-4.32741238e-03,3.23307502e-02,4.10308869e-02,-7.27345917e-02,-1.14503046e-01,-5.80202322e-02,-9.89562094e-03,6.07599622e-02,2.74472606e-02
9.27288325e-03,1.06427153e-01,8.66637201e-02,2.82496823e-02,-1.88739648e-02,-1.47823801e-03,1.65080085e-02,-1.05853694e-01,-1.14448030e-01,-5.98684128e-02,-2.06655535e-04,7.57994437e-02,1.62802480e-02
-1.74285108e-02,7.38439364e-02,5.59313968e-02,1.05049881e-02,-3.41475064e-02,-6.94323742e-02,-4.34820146e-02,-1.17176383e-01,-1.30903520e-01,-8.11420081e-02,-1.15583212e-03,1.00837260e-01,3.50185998e-02
-3.51027444e-02,2.91997565e-02,-1.17825209e-03,-3.90825492e-02,-4.18743664e-02,-7.82078301e-02,-4.90663306e-02,-8.63206217e-02,-9.51998153e-02,-6.50293850e-02,-6.29164199e-03,9.93339771e-02,3.80933424e-03
1.65857203e-02,3.29285141e-02,-2.41747609e-02,-6.17712989e-02,-3.80814695e-02,-6.49003933e-02,-4.16201497e-02,-4.37550450e-02,-3.94023578e-02,-5.36923862e-02,-2.54988531e-02,8.65536034e-02,-1.98634870e-03
6.45839162e-02,-1.56378554e-02,-6.53804945e-02,-8.78550026e-02,-5.05222202e-02,-5.16173611e-02,-7.06937609e-02,-4.14445261e-02,-2.00188928e-02,-4.84862312e-02,-2.05435818e-02,5.83105554e-02,4.04537359e-03
5.34152021e-02,-2.99795164e-02,-8.87629689e-02,-9.57876632e-02,-4.33939561e-02,-4.40805822e-02,-6.96801737e-02,-2.26540361e-02,1.68099777e-03,-3.91891875e-02,-8.81291520e-03,4.00722406e-02,6.39980753e-03
2.55377503e-02,-7.18028195e-03,-7.77550218e-02,-6.90411311e-02,-1.83673449e-02,8.83681327e-04,-5.06244749e-02,1.88985055e-03,1.48833304e-02,-1.15817006e-02,2.56993048e-03,1.75693769e-02,-2.51727098e-02
6.25277548e-02,-2.68154050e-03,-7.86393989e-02,-7.82944856e-02,-1.16797945e-02,-1.54643874e-04,-3.72235522e-02,-1.46139296e-02,5.23808733e-02,-1.01090327e-02,1.61136972e-02,-1.25620305e-02,-2.59854381e-02
5.13900925e-02,2.17817917e-02,-6.56402571e-02,-5.63356798e-02,-3.80238737e-03,9.48209971e-04,-2.60766316e-02,-1.02272134e-02,8.25669536e-02,-1.59065968e-02,3.18773461e-02,-1.58973621e-02,-6.19933668e-03
5.61594825e-02,3.26133569e-02,-1.70462801e-02,-2.34672439e-02,2.31660146e-02,2.13423712e-03,-1.00099455e-02,-4.05486294e-02,8.66852685e-02,-1.67539985e-02,6.06006658e-02,-3.15694774e-02,-7.05266656e-03
9.37333379e-03,3.02627474e-02,7.67823964e-03,-8.00622805e-04,1.86806160e-02,1.75124998e-03,-1.89327389e-02,-5.09817892e-02,4.92435978e-02,-9.03700390e-03,8.23113523e-02,-2.45832692e-02,2.04521959e-02
-3.44469131e-02,1.89139260e-03,-2.05031348e-02,-3.02054663e-02,-2.14082952e-03,2.16343677e-02,-5.61542327e-03,-4.66377184e-02,1.13669309e-02,-1.12482016e-02,6.69000144e-02,-4.75303938e-02,7.73489510e-04
-4.83118979e-03,2.84984770e-02,7.34437992e-03,-2.43030298e-02,6.11376725e-03,3.14727654e-02,2.48258085e-02,-4.70637386e-02,-1.37917753e-02,-4.03429010e-03,6.65083359e-02,-3.96645494e-02,-9.20956590e-03
-1.24083976e-02,2.16297557e-02,1.25164875e-02,-2.31004295e-02,1.64576222e-02,2.38118259e-02,1.00783556e-02,-7.74470094e-02,-3.94239736e-02,2.09126373e-02,7.37781292e-02,-3.35634771e-02,-1.94245767e-02
-4.31455117e-03,2.19719854e-02,-1.91529591e-02,-2.27934484e-02,7.16705306e-03,1.02363870e-02,1.97715403e-02,-4.61046602e-02,-1.94253848e-02,2.32280876e-02,5.06855833e-02,-1.46717343e-02,-3.08565276e-02
-2.90137249e-02,2.58115635e-02,-3.10397335e-02,-7.64640764e-03,-4.80863602e-03,-3.74011478e-03,1.91695535e-02,-3.01099936e-02,-4.18695066e-02,3.09945155e-02,2.06208804e-02,-7.14229141e-03,-4.64882764e-02
-3.29194685e-02,5.76850467e-03,-3.15537389e-02,6.80946446e-03,3.44209882e-03,4.03432768e-03,2.78639785e-02,-7.92158020e-03,-9.06833908e-03,4.38203588e-02,3.05335043e-03,-6.82037741e-03,-5.74188910e-02
-7.87494942e-03,2.80650779e-02,-3.57075688e-02,-2.22675024e-02,6.06807928e-03,2.01828792e-02,3.93289188e-02,2.06916828e-02,5.18423877e-03,3.42688260e-02,-1.64956470e-02,-2.73922975e-02,-5.10699628e-02
1.51846941e-02,2.59821879e-02,-3.27103835e-02,-9.34964333e-03,9.89909304e-03,-1.41695569e-02,-3.16701423e-04,1.02019781e-02,1.57105431e-02,3.40649165e-02,-2.03561369e-02,-4.13237470e-02,-4.93694469e-02
1.00557930e-02,4.59042460e-02,-1.04840878e-02,2.21259336e-02,-4.16141946e-03,-1.61564775e-02,-2.15081006e-02,2.59499456e-02,2.84177080e-02,4.93032941e-02,7.92009133e-03,-3.58722319e-02,-3.39112592e-02
-7.48016086e-03,6.29574579e-03,-1.98116613e-02,2.19662723e-02,-2.27370680e-02,-3.66852728e-02,-4.82067101e-02,2.49209204e-02,-1.07122478e-03,3.44496168e-02,-7.19452656e-03,-4.99779451e-02,-9.90073288e-03
-3.17165195e-02,5.75466589e-03,7.80777436e-03,2.88383968e-02,-3.18485420e-02,-3.31533383e-02,-1.23973769e-03,3.19791520e-02,-6.57145473e-03,3.60279876e-02,-2.23495320e-02,-6.25174753e-02,-2.36892439e-02
-3.50589737e-02,3.38275382e-04,4.89221827e-02,7.99429020e-02,-6.83383664e-03,-3.24314936e-03,2.12381915e-02,3.44697620e-02,-5.95224809e-03,3.77712086e-02,-2.29992880e-02,-5.32949001e-02,-2.85533841e-02
1.04339046e-02,-1.50520392e-03,4.46556289e-02,9.20124008e-02,-3.62045316e-02,-1.38626382e-02,5.02021293e-02,4.16444843e-02,8.39372392e-04,4.40184669e-02,-1.64471847e-02,-8.62103700e-03,-2.01250261e-02
-2.70695173e-02,-3.85572611e-02,3.13376733e-02,9.75025622e-02,-5.28870480e-02,-2.67033699e-02,5.60241516e-02,2.19627246e-02,1.28429083e-03,3.75322331e-02,-3.10134630e-02,5.60996764e-03,-2.72417271e-02
-2.53191693e-02,-3.64368483e-02,5.19604469e-02,9.41018786e-02,-3.57024691e-02,-2.32398842e-02,6.04042308e-02,2.08467523e-02,3.68292398e-02,5.41458578e-02,-1.66661419e-02,2.17157573e-02,-1.79671353e-02
2.20145692e-02,-1.88469668e-02,2.77207188e-02,7.19215651e-02,1.56840892e-04,2.38936417e-02,8.43924113e-02,2.68367690e-03,2.51323973e-02,4.29871925e-02,-3.68900522e-02,1.57671765e-02,-7.91487516e-04
1.67064834e-02,-2.29990701e-02,-7.57315938e-03,4.46128314e-02,-6.15175845e-03,1.74611030e-02,5.65649420e-02,-5.86549868e-03,9.24507874e-03,3.07804251e-02,-5.87540143e-02,1.64022732e-04,-9.24949175e-03
3.73079843e-02,-2.84334067e-03,-2.23179572e-02,1.51210862e-02,-3.21996382e-02,2.89775376e-04,2.09671664e-02,8.86815570e-03,3.32127383e-02,3.88738218e-02,-3.83368466e-02,1.63972631e-03,-2.39559204e-03
2.63564003e-02,-6.26532844e-02,-2.24169352e-02,-1.95634443e-03,-1.56603775e-02,-3.31490165e-02,-2.13197327e-02,-9.63730296e-03,1.96019785e-03,2.42382385e-03,-3.04118956e-02,-4.13410699e-03,1.94536896e-02
2.81503840e-02,-6.60015799e-02,-1.05615088e-02,-3.82238933e-02,-3.69637327e-02,-6.26541301e-02,-1.29259328e-02,4.51189952e-03,1.20772033e-02,-1.55306202e-03,-4.73283566e-02,-3.54556690e-02,8.77674321e-03
3.49894065e-02,-6.25399992e-02,6.91869952e-03,-3.11155181e-04,-5.99596186e-03,-3.13437376e-02,-9.72204343e-03,4.79296904e-03,-1.19842253e-02,-5.69028509e-03,-5.92475482e-02,-3.29705478e-02,1.52985701e-02
5.29805398e-02,-6.73162942e-02,-2.43399024e-02,-3.07454227e-03,-1.96926529e-02,-7.23614481e-03,1.43207931e-02,4.36215444e-02,-9.84524436e-03,1.06070528e-02,-5.03164898e-02,-1.80789390e-03,1.81869109e-02
3.62031540e-02,-9.78359395e-02,-3.87374476e-02,1.29048506e-02,-2.22735238e-02,-7.59003675e-03,-1.10776729e-03,1.27147452e-02,-1.36476502e-02,-5.91822775e-03,-4.51684857e-02,4.22195589e-03,1.01404243e-02
4.64592471e-02,-7.82865877e-02,-3.05121063e-02,1.07957569e-03,-2.16305279e-02,-5.52372427e-03,-6.61561974e-03,7.47715257e-03,-1.81630956e-02,1.06826848e-02,-8.05392731e-03,-6.92625491e-03,3.30582856e-02
5.74741840e-02,-7.27261967e-02,-5.85266011e-02,2.42269564e-02,-2.01122107e-03,2.90157884e-02,-1.23774406e-02,-2.65204747e-03,-1.11605436e-02,2.69881307e-02,4.83762386e-03,-7.76414516e-03,5.05337793e-02
5.51421878e-02,-3.47424493e-02,-6.41976194e-02,4.10994448e-02,-7.00539595e-03,7.19879090e-02,-1.30427398e-02,1.33571748e-02,-1.27270211e-02,1.88884858e-02,-1.00642763e-02,-3.38636599e-02,4.17519774e-02
4.90885343e-02,5.26494882e-03,-5.33746161e-02,4.86806596e-02,-1.02753804e-02,9.55711823e-02,-1.89005738e-02,2.93403594e-02,9.93841844e-03,2.36909596e-02,-6.49057414e-03,-3.60567947e-02,4.83740609e-02
2.03098548e-02,-1.23382196e-02,-4.73902882e-02,3.97475818e-02,9.72978844e-03,1.14405056e-01,-8.46621214e-03,1.14892386e-02,1.18013387e-02,-1.85837218e-02,-1.31120671e-02,-5.68218947e-02,2.71826103e-02
1.29276551e-02,-5.82702262e-03,-3.98673850e-02,3.37748372e-03,-1.30803997e-02,8.97146063e-02,-2.47493315e-02,9.73777575e-04,2.47864358e-02,-3.30542628e-02,1.24705165e-02,-5.58454670e-02,3.28150837e-02
-1.61066715e-02,-6.53057597e-03,-2.94567539e-02,1.97080559e-02,1.49646129e-02,1.00925582e-01,-1.29366931e-02,3.72126673e-04,-7.25714134e-03,-8.37068130e-02,-1.98540857e-02,-6.93645470e-02,1.92685062e-02
-3.87047950e-02,5.13799346e-03,-1.90471240e-02,1.01564347e-02,4.91452744e-02,1.04801441e-01,1.63274167e-03,2.64685889e-02,-1.05321560e-02,-9.22172328e-02,-3.16909475e-02,-5.14032924e-02,-3.05581109e-03
-7.58591557e-02,-2.79999732e-02,-2.49004833e-02,-1.85227673e-02,5.00870466e-02,6.02911291e-02,8.76594536e-03,1.90900459e-02,-1.04039942e-02,-9.31105547e-02,-2.65840167e-02,-2.36622816e-02,-2.29701209e-02
-7.55605744e-02,-2.30542692e-02,-8.28127866e-03,-2.67316616e-02,6.73524668e-02,1.71445180e-02,3.03998675e-02,2.21907458e-02,-5.29258840e-02,-4.00035717e-02,8.82076001e-03,-2.20353773e-02,-6.39537598e-03
-6.13254402e-02,-5.49794940e-02,-2.21180128e-02,-4.86259261e-02,4.12466923e-02,-3.07427639e-02,5.56788134e-02,4.92111175e-02,-3.47701922e-02,2.74315324e-02,3.55005687e-02,1.13686688e-02,1.72277713e-02
-2.59040235e-02,-4.66323284e-02,-1.40905854e-02,-5.16257126e-02,9.18789466e-03,-4.87821063e-02,6.54070964e-02,5.29919237e-02,-1.71401138e-02,7.00497080e-02,3.53397445e-02,2.03822513e-02,1.58945305e-02
4.88465396e-03,-2.37625539e-02,-5.67430134e-03,-3.93498088e-02,8.60585851e-03,-3.41930005e-02,8.53516762e-02,5.97990632e-02,-3.29364504e-03,9.01008308e-02,4.85782801e-02,2.62839396e-02,3.44988927e-02
4.04706873e-02,1.33057169e-02,-9.05377832e-03,-6.10334575e-02,-9.61941239e-03,-7.16646329e-02,7.80763129e-02,5.10877838e-02,1.80674028e-02,5.82239701e-02,2.84788137e-02,2.68830898e-02,1.97005785e-02
1.04960886e-02,6.35945789e-02,3.80681895e-02,-3.46141041e-02,-1.60903832e-02,-8.84430078e-02,4.45466785e-02,6.32151305e-02,1.87783118e-02,7.38148449e-02,2.88442488e-02,2.29557908e-02,1.84438084e-02
3.95770138e-02,1.19731596e-01,6.59769196e-02,2.85597780e-03,-1.77746346e-02,-6.93758560e-02,1.62634323e-02,6.61111785e-02,2.76829263e-02,1.01832345e-02,8.80862765e-04,1.22389753e-02,-8.86102117e-03
5.42307938e-02,1.53933166e-01,8.92669850e-02,3.01573841e-02,9.40552313e-03,-2.68772754e-02,-5.21774598e-02,3.84841519e-02,8.59429081e-03,-4.47081838e-02,-1.48906926e-02,2.47903255e-02,-9.73692929e-03
3.09062152e-02,1.24908442e-01,6.17160565e-02,3.65905650e-02,7.68672220e-03,9.19326293e-03,-5.68772472e-02,7.55446709e-02,2.81405034e-02,-7.08435820e-02,-3.54141729e-02,8.76382781e-03,-2.47432971e-02
4.75806696e-02,1.37847990e-01,7.91636912e-02,4.61443131e-02,2.70333048e-02,1.33562878e-02,-1.10507882e-01,5.49049886e-02,-4.63618250e-03,-6.61944848e-02,-1.21754657e-02,-9.06564528e-03,-2.75425736e-02
5.91104918e-02,7.53515308e-02,7.01458659e-02,2.62590104e-02,8.74854677e-03,1.19062079e-02,-1.34513556e-01,5.94752805e-02,-1.22136777e-02,-4.16552849e-02,-2.97535031e-02,-4.54551579e-03,-6.51687051e-03
5.01975808e-02,6.65253764e-03,4.78548818e-02,2.45661684e-02,3.43792370e-03,1.72416543e-02,-1.14843402e-01,2.36098560e-02,-1.12383473e-02,-1.71405280e-02,-3.42552346e-02,-1.77482930e-02,-1.07216959e-02
5.81102749e-02,-5.25779479e-02,2.78196854e-03,1.66631870e-03,-4.09791140e-02,2.11631670e-02,-1.06981572e-01,-2.25536973e-02,1.02978765e-02,-1.67992632e-02,-2.41248718e-02,-3.42424850e-02,1.25788892e-02
9.44001797e-02,-5.35037258e-02,-7.18133573e-04,-1.32368698e-02,-5.36474969e-02,-7.19823087e-03,-1.06988466e-01,-6.56729517e-02,3.93796452e-02,-2.70546545e-02,-5.98504079e-03,-1.49585987e-02,1.91344155e-02
1.70070493e-02,-9.26906706e-02,7.46232086e-03,1.35600771e-02,-1.81721731e-02,-1.71438128e-02,-6.01110386e-02,-4.88504616e-02,2.13583340e-02,-2.05359567e-02,-2.14059367e-02,-3.75909949e-02,8.45009659e-03
4.17218301e-03,-7.22777066e-02,3.27297408e-02,7.40453322e-03,-2.18249185e-02,-6.77467613e-02,-7.27046272e-02,-4.72112612e-02,2.55963024e-02,-1.75402511e-02,-1.20249060e-02,-1.75377738e-02,-1.95580190e-03
2.27560857e-02,-6.40907727e-02,5.22057658e-02,-2.90559132e-03,9.17319905e-03,-5.53985362e-02,-8.38092900e-02,-3.06172488e-02,-3.82678838e-03,-2.43234610e-02,-1.55999337e-02,4.05547546e-03,4.14104149e-03
1.76015750e-02,-6.97036413e-02,6.76119683e-02,3.32654447e-02,5.21954583e-02,-1.87609874e-02,-2.78600935e-02,1.24483421e-02,-1.10220165e-02,-9.08310225e-03,-1.06106319e-02,2.24553188e-02,1.29349938e-02
3.83443648e-02,-2.69544649e-02,5.36769869e-02,2.53577423e-02,3.72138714e-02,-3.21142767e-02,-2.63887420e-02,1.45700110e-02,1.42891194e-03,-4.84718814e-03,5.57090669e-03,4.59369953e-02,1.85371066e-02
1.97733382e-02,-3.25188106e-02,3.96103838e-02,-2.93596041e-03,1.27997752e-02,-4.55544451e-02,-5.30037029e-02,6.61649511e-03,-3.48737105e-02,-1.19800639e-02,-1.34739021e-02,6.52030010e-02,3.79893046e-02
-1.65443800e-02,-3.82354708e-02,1.57671801e-02,-4.14378548e-03,3.02712492e-02,-2.38597376e-02,-4.62968310e-03,1.93432649e-02,-5.58656373e-02,-9.45031822e-03,-2.54201094e-02,3.11879497e-02,3.11064307e-02
-5.11334371e-02,-2.20631920e-02,1.02977681e-02,4.90627081e-03,5.01246849e-03,-3.89822132e-02,6.72364997e-03,4.61232141e-03,-4.91941279e-02,-1.35316941e-02,-3.72423901e-02,1.28873850e-02,3.93526431e-02
-2.03620514e-02,1.20081297e-02,5.52586494e-03,-8.99442009e-03,-3.60397737e-02,-3.95004004e-02,-1.36813987e-02,-6.34691178e-03,-2.39557189e-02,-7.23481876e-03,-1.89714065e-02,3.65066611e-03,2.24740081e-02
-7.36992548e-02,1.90501209e-02,-6.90333731e-03,1.26631546e-02,-2.00846237e-02,-4.27760711e-02,9.41240502e-04,-1.99949032e-02,-8.25492886e-03,-3.39972141e-02,-1.04585970e-02,-3.22521458e-02,-1.15332440e-02
-5.66146598e-02,3.34620280e-02,-3.75670099e-02,-5.55213239e-04,-1.72852450e-02,-3.27973503e-02,1.42781974e-02,-3.07448091e-02,1.45605068e-03,-2.93021792e-02,-2.67052233e-03,-9.86711063e-03,-1.86721403e-02
1.41345690e-03,5.16045603e-02,-5.31708302e-02,-1.52638879e-02,-1.15988184e-02,-2.58105650e-02,1.86366003e-02,-3.28119300e-02,5.58296228e-03,-2.43075582e-02,8.51164791e-05,-3.33407710e-03,-4.39629388e-02
-7.93622758e-03,4.27236672e-02,-5.88623052e-02,-1.09866187e-02,4.45935415e-02,-9.28812568e-04,4.66833611e-02,-1.72891699e-02,-7.59633901e-03,-2.75788923e-02,7.06406132e-03,-4.87388032e-03,-4.14762483e-02
2.30471863e-02,6.26324412e-02,-5.50859835e-02,-1.22625590e-02,5.92192404e-02,1.13894568e-02,5.07839582e-02,-1.80333989e-02,6.34998801e-03,-8.20145596e-03,1.33595305e-02,3.15383690e-02,-3.17615408e-02
3.13906672e-02,5.85089592e-02,-5.43598964e-02,-2.16052998e-02,5.26410957e-02,-6.90262120e-03,4.38825080e-02,-3.24604995e-02,-8.18119562e-03,-5.24625635e-03,1.54734715e-02,3.87821500e-02,-2.55557798e-02
1.22522802e-02,4.38667708e-02,-6.38723968e-02,-4.55497549e-02,5.84334559e-02,8.87790146e-03,6.16192198e-02,-2.21257691e-02,-2.05896598e-02,-1.86113202e-02,2.02995338e-02,1.85817548e-02,-2.19290247e-02
-3.34208446e-02,1.76986793e-02,-3.27916343e-02,-3.35121279e-02,5.80833411e-02,2.86394427e-02,6.24087563e-02,-4.40680427e-02,-5.65627028e-02,-2.59589503e-02,-5.20799385e-03,1.84475223e-02,-1.26596695e-02
-4.12399123e-02,9.42994704e-03,-1.87815025e-02,-6.22211427e-02,-2.64263315e-04,3.59553959e-02,6.56165162e-02,-2.72593748e-02,-5.93352262e-02,2.38932938e-02,-2.17137872e-02,2.55061222e-02,1.53186201e-02
-7.32767472e-02,2.79184433e-02,7.94414948e-03,-3.98336576e-02,-3.93345468e-04,3.43315856e-02,4.40995903e-02,-1.56222930e-02,-3.01826177e-02,4.72527428e-02,-2.88863135e-03,1.55740613e-02,6.08414827e-03
-5.34894393e-02,1.03384173e-02,2.22358028e-02,-2.55773778e-02,-3.15732979e-03,5.40485163e-02,4.73118286e-02,1.04255136e-02,-2.68734386e-02,7.55508652e-02,1.32678915e-02,3.65907072e-02,7.91046456e-03
-2.23523364e-02,-2.15548000e-03,1.25839443e-02,-8.60985006e-03,-3.17028857e-02,2.64105717e-02,2.76587763e-02,-9.05060278e-03,-1.22089793e-02,8.96244857e-02,2.59506917e-02,5.75666018e-02,-3.37709011e-04
-3.82016553e-02,-2.29064042e-02,-2.30055273e-02,8.01017835e-03,-3.21630376e-02,1.86474887e-02,3.58302003e-02,7.38387961e-03,2.05092341e-02,7.29901950e-02,2.20370232e-02,4.83611152e-02,2.73679023e-03
-3.07288053e-02,-4.83675982e-02,-3.67119662e-02,8.50737676e-03,-3.92459431e-02,2.09875221e-02,3.82102041e-02,1.62473425e-02,2.78488638e-02,7.05236608e-02,1.89553698e-02,6.49066514e-02,8.67942800e-03
5.18813507e-03,-4.25755695e-02,-2.28893060e-02,4.76353322e-02,-1.84641153e-02,-6.82873625e-03,3.30095377e-02,1.43971554e-02,3.78960677e-02,7.10609270e-02,3.84597928e-02,4.68083009e-02,-2.74411185e-04
-3.75633683e-03,-5.24992600e-02,-3.14631089e-02,2.71974238e-02,-1.51329672e-02,-3.87355156e-02,2.37433011e-02,1.41174362e-02,5.22249266e-02,3.29586792e-02,4.20215326e-02,2.02972107e-02,-2.83849323e-03
-1.54183156e-02,-8.51260167e-02,-2.53148724e-02,1.07582806e-02,-1.83435409e-02,-4.90190648e-02,2.51294119e-03,1.50468882e-03,2.61991699e-02,-8.31482141e-03,1.28570163e-02,-2.96978721e-02,-2.39533094e-02
-2.73342739e-02,-7.98098954e-02,-7.05628760e-03,-2.89058497e-02,-2.56391389e-02,-5.30306932e-02,1.26262036e-02,7.01343615e-03,2.16936238e-02,-9.26064153e-03,-1.34061886e-02,-4.51353568e-02,-8.17013329e-05
-7.78808555e-03,-6.07821024e-02,6.81414571e-03,-3.84096342e-02,-1.28709935e-02,-3.24866184e-02,2.22565417e-02,6.75059497e-03,2.80938355e-02,-1.56193166e-02,-7.04689442e-03,-5.37459393e-02,2.20508468e-02
-1.63150744e-02,-4.62419505e-02,1.17061635e-02,-1.91420071e-02,-3.37850996e-02,-2.61041327e-02,1.86158030e-02,2.10847314e-02,4.26747160e-02,1.24146633e-02,3.37744536e-03,-5.90017324e-02,1.68551028e-02
-1.33880628e-02,-4.70745425e-02,-2.29230629e-02,-2.48956497e-02,-2.98640744e-02,-2.18744750e-02,2.33150813e-02,8.26883841e-03,3.19896106e-02,-3.50266840e-04,-2.55363655e-03,-5.67373898e-02,4.96578588e-03
-2.14704088e-02,-4.52128287e-02,-4.98380593e-02,-8.51326071e-03,-1.24267360e-02,1.33938819e-02,3.73005797e-02,2.18100411e-02,4.71009908e-02,-4.80772675e-03,1.48600068e-02,-4.34549471e-02,1.14987335e-02
-2.47220711e-02,-4.11060067e-02,-9.72498069e-02,-5.38088350e-03,-2.36407722e-02,2.17415554e-02,5.33284897e-02,1.92215656e-02,3.90112570e-02,1.19408003e-02,4.11593024e-03,-5.21705177e-02,9.35322593e-03
-8.26084023e-03,6.24853372e-03,-9.08092994e-02,3.53086659e-02,-1.16422768e-02,2.43531755e-02,3.29827989e-02,-1.23790090e-02,3.46793709e-02,3.74488670e-02,3.44284885e-02,-3.99107213e-02,1.24208435e-02
-1.96449813e-02,2.94147915e-02,-7.02525643e-02,4.63250105e-02,-1.31140997e-02,2.95233081e-02,2.92014856e-03,-4.59419181e-02,2.63546697e-02,3.84254469e-02,3.52612832e-02,-3.94140977e-02,8.95257434e-03
-2.16528589e-02,4.47577090e-02,-7.10163244e-02,4.29468779e-02,-2.76077590e-02,2.48415111e-02,-1.18168493e-02,-6.16033839e-02,7.22037439e-03,6.90466280e-02,3.41528848e-02,-3.15675655e-02,1.83236669e-02
-1.42508011e-02,6.09019406e-02,-4.23140117e-02,1.69684130e-02,-4.12070373e-02,1.64443136e-02,-5.19704444e-02,-6.36542308e-02,-7.58470667e-03,7.42976844e-02,2.20486542e-02,-4.49867404e-02,2.02793797e-02
9.67662205e-03,5.25221711e-02,2.16694112e-02,2.92879644e-02,-4.28136010e-02,1.21856882e-03,-6.81654307e-02,-6.42882699e-02,-4.67572316e-02,4.88071122e-02,2.76967374e-02,-4.05694186e-02,2.62291286e-02
2.87268779e-02,7.54642962e-02,6.12971011e-02,6.43863013e-02,-5.11601389e-02,3.97808989e-03,-7.11428710e-02,-4.64477133e-02,-4.55993339e-02,5.74958911e-02,2.30088166e-02,-1.90264929e-02,-2.17273370e-03
1.35739349e-02,3.36112838e-02,1.99459631e-02,4.64633502e-02,-5.74810114e-02,-1.34648434e-02,-4.05930076e-02,-4.32632653e-02,-6.03832245e-02,3.49481345e-02,4.77412655e-03,1.76439263e-02,-1.73641027e-02
3.60885889e-02,2.28949303e-02,4.94948251e-02,4.06912564e-02,-3.24576293e-02,5.67501969e-03,6.42604196e-03,1.32917187e-02,-5.48682477e-02,-1.36780635e-03,1.28992056e-02,2.98417075e-02,-3.79107008e-02
8.68418299e-03,-6.23293110e-03,4.21804579e-02,2.01600587e-02,-3.25356388e-02,-6.52197327e-03,5.03448289e-02,3.08126348e-02,-6.73665398e-02,-2.26322062e-02,-2.74098077e-03,4.39304101e-02,-4.77854452e-02
8.18653838e-03,7.25373413e-03,4.58452894e-02,1.33511783e-02,-2.81571442e-02,-9.87420947e-03,7.11836763e-02,2.91948099e-02,-5.69349133e-02,-2.56350700e-02,1.70524904e-02,5.72430287e-02,-4.74134995e-02
3.73431838e-02,2.89426987e-02,6.68467127e-02,1.17901651e-02,-1.24751560e-02,1.40859595e-02,8.48141450e-02,2.36444039e-02,-1.70958146e-02,-5.06552472e-02,1.51517315e-02,5.38365082e-02,-7.29131670e-02
3.01235307e-02,3.48260099e-02,5.71052324e-02,-1.01550730e-02,-7.17142076e-04,2.56942092e-02,6.81658600e-02,1.80469552e-03,-4.78825133e-03,-3.36285604e-02,2.80425294e-02,7.17286048e-02,-4.35793119e-02
2.84859792e-02,4.50942584e-02,3.93868518e-02,-4.81776392e-02,-7.98312232e-03,9.87235108e-03,2.20217042e-02,-1.03078749e-02,-7.36687595e-03,-1.45700964e-02,1.89732327e-02,4.00847740e-02,-3.97659419e-02
3.25016795e-02,9.05133553e-02,7.64404355e-02,-2.41393536e-02,4.21514396e-02,-1.00986701e-03,-2.73662487e-02,1.76880449e-02,-3.39888817e-04,-4.60745726e-02,1.69313491e-02,1.95582986e-02,-2.73933771e-02
4.14626407e-02,1.25423755e-01,1.14411283e-01,1.19383651e-02,9.02243879e-02,2.64422106e-03,-7.19491036e-02,3.45862799e-02,-5.65971697e-03,-7.00026549e-02,1.54724834e-02,1.10216694e-02,-4.46716720e-02
5.41954197e-03,1.02079449e-01,4.89985725e-02,2.08286980e-02,1.10942778e-01,-4.01600064e-02,-7.86675314e-02,6.48552246e-02,-1.96166213e-02,-9.68250479e-02,-1.21029256e-02,3.01405163e-02,-3.13073781e-02
2.44052746e-02,1.00233847e-01,5.20830354e-02,5.57878790e-02,1.43422418e-01,-5.06164353e-02,-7.30456257e-02,1.26640269e-01,-1.60976078e-02,-9.28603574e-02,-4.08012233e-02,-2.21677020e-02,-5.03938425e-02
-1.03602293e-02,5.37354956e-02,5.29088461e-02,5.87827940e-02,1.49984658e-01,-5.99861521e-02,-7.05811797e-02,1.24812190e-01,-3.62963415e-02,-1.06020519e-01,-6.67138239e-02,-2.96705075e-02,-5.11189549e-02
-2.75172273e-02,1.57451458e-02,1.72974180e-02,3.66853772e-02,1.31889930e-01,-8.19476384e-02,-7.09019169e-02,1.14317977e-01,-2.83331129e-02,-8.79532808e-02,-5.70852176e-02,-4.18989291e-02,-3.68236945e-02
-2.17015185e-02,1.25508890e-02,4.26526655e-03,5.08980992e-02,1.37139820e-01,-4.99776944e-02,-4.55070971e-02,1.16878074e-01,1.54492871e-02,-9.30357284e-02,-6.55680634e-02,-4.44724778e-02,-5.31762039e-02
-2.10876832e-02,-1.66324565e-02,-4.49691813e-03,4.91971425e-02,1.03361990e-01,-4.29446911e-02,-5.43893569e-02,6.30084194e-02,3.68727952e-02,-7.31540083e-02,-4.88568926e-02,-2.99077445e-02,-4.72461528e-02
-2.71317199e-02,-4.60593238e-02,-3.25500897e-02,2.53849101e-02,4.67429779e-02,-4.32621311e-02,-3.26949796e-02,1.43713390e-02,-7.93152017e-03,-5.13820568e-02,-3.77355207e-02,-1.46193520e-02,-3.47137490e-02
-2.22290699e-02,-2.88934451e-02,-2.66829634e-02,2.83822651e-02,3.76465669e-02,-3.93460321e-02,-2.74043439e-02,2.49837226e-03,9.85738485e-03,-1.78168838e-02,-1.83792231e-02,-1.43034840e-02,-3.10134477e-02
-1.83914925e-02,-3.98715594e-03,-1.25199101e-03,2.24922067e-02,1.00804234e-02,-3.34303295e-02,-3.73085266e-03,-1.47686933e-02,9.00525454e-03,-1.52168417e-02,1.51719196e-02,-3.99263945e-03,-4.13522770e-02
-4.97268099e-03,3.68983963e-03,-1.76629127e-02,9.02164408e-03,-1.84985717e-02,-5.61083533e-02,2.03068378e-03,-1.29330637e-02,8.07984349e-03,-1.98667414e-02,1.07960718e-02,4.30897658e-03,-2.84543113e-02
1.78840902e-02,3.89029414e-02,-4.04458385e-02,-5.44427656e-03,-1.94199712e-02,-4.49854929e-02,1.54726839e-02,-9.67605486e-03,2.68733589e-02,-1.95675988e-04,1.98923895e-02,-1.18790913e-02,-3.00689927e-02
5.00377216e-02,5.24076884e-02,-5.04068876e-02,7.87349280e-03,1.47704547e-02,-4.73138185e-03,2.31382306e-02,-2.27138921e-02,1.97589321e-02,5.58764093e-03,6.59251917e-03,-1.97504484e-02,-1.15223350e-02
4.49302407e-02,1.52201203e-02,-7.99611043e-02,-3.47460539e-02,-6.62733610e-03,-2.57381928e-02,6.07389362e-03,-4.21779058e-02,2.18930091e-02,3.10415000e-02,2.19358589e-02,-3.38595836e-02,2.88471526e-03
1.76125914e-02,-6.50950972e-03,-7.16906970e-02,-1.29726542e-02,2.79518903e-02,1.50494667e-02,-4.59027655e-03,-2.94661321e-02,3.43252734e-02,2.44825277e-02,9.24854946e-03,-4.69952101e-02,1.07371775e-02
1.73039096e-02,-4.53916465e-02,-5.35376289e-02,-2.32064241e-02,1.33968851e-02,1.14525951e-02,-2.51014588e-02,-5.01227916e-02,5.50608693e-02,2.53092114e-02,-5.00062949e-03,-4.06637692e-02,-9.11521682e-04
2.33036740e-02,-5.71643870e-02,-2.56249802e-02,-9.56646966e-03,1.59052967e-02,1.62110082e-02,-1.86563977e-02,-7.49635084e-02,1.59324068e-02,-9.10924235e-03,-1.78627761e-02,-5.37936493e-03,3.35928104e-02
1.60063976e-02,-7.25352646e-02,-2.18388176e-02,-1.25061746e-02,3.71228891e-02,2.54505721e-02,1.32539710e-02,-6.04911880e-02,1.36155771e-02,-3.07220720e-02,-4.74590288e-02,-6.43855153e-03,2.95545026e-02
5.13633216e-03,-4.72455899e-02,-1.56468866e-03,-2.23231355e-03,1.71066974e-02,3.69211762e-02,4.57467033e-02,-4.81423636e-02,2.05077139e-02,-4.21271298e-02,-6.82578525e-02,1.55129041e-02,3.67420712e-02
1.61745424e-02,-4.93090484e-02,2.99999022e-03,-3.62478431e-03,-2.51850685e-02,1.19916593e-02,6.33812219e-02,-1.92664997e-02,1.38693963e-02,-3.19732050e-02,-8.17087027e-02,-9.01818949e-04,6.32953868e-02
-8.51796471e-03,-1.05230658e-03,1.74214595e-02,-6.61415546e-03,-2.34293219e-02,2.40953529e-02,7.10271842e-02,-4.66341999e-03,3.33559912e-02,4.50327883e-03,-4.86075638e-02,2.00111443e-03,5.86574741e-02
1.29145336e-02,4.00110259e-02,-3.11184604e-03,-2.32250860e-02,-1.65408950e-02,3.93990817e-02,5.50439077e-02,-2.55665649e-03,2.79449815e-02,-4.46852326e-03,-5.17675595e-02,-4.38582779e-03,6.65817645e-02
1.73363009e-02,5.49405688e-02,-2.43223631e-02,-4.46170905e-02,-1.07174958e-02,2.92854491e-02,4.24709285e-02,4.38333238e-03,1.29998601e-02,1.33796018e-02,-1.22820170e-02,-2.75716254e-02,6.89443749e-02
-9.51115798e-03,3.82610468e-02,6.90530335e-04,-1.62351951e-02,2.97971143e-03,4.28610294e-02,2.60391803e-02,1.29526916e-02,1.15990577e-02,2.91127184e-02,7.31841376e-03,-3.86835810e-02,4.84977810e-02
-1.20701715e-02,3.26879318e-03,1.61429251e-02,-2.47529224e-02,-2.65201696e-02,2.34492304e-02,-6.07188361e-04,-6.60496441e-03,-8.91516630e-03,3.45145101e-02,2.46857687e-02,-3.25712821e-02,2.08966261e-02
-2.60813688e-02,-5.95554908e-03,8.56194753e-02,-1.64995525e-02,-4.89739381e-02,-1.26663081e-02,-1.97879575e-02,-5.64269765e-02,-4.55479642e-03,5.15827902e-02,2.20911753e-02,-1.26430170e-02,1.56441688e-02
-1.35526853e-02,-2.12510468e-02,8.08946935e-02,-3.50636932e-02,-2.94524248e-02,1.16766847e-02,1.04439014e-02,-3.69042661e-02,7.92397303e-03,4.82148212e-02,2.31698507e-02,-1.05224897e-03,4.49785499e-03
-2.21552294e-02,-2.22131196e-02,8.27503097e-02,-2.78745258e-02,-2.34649120e-02,3.09784066e-02,-3.47523401e-03,-2.93949680e-02,2.61536281e-02,5.77020947e-02,1.69110664e-02,3.40071215e-02,1.66611986e-02
-4.54516181e-03,-3.47916902e-02,8.68877528e-02,-3.21473322e-02,-4.93289118e-02,1.73102407e-02,1.36690158e-02,-1.47471279e-02,2.54773516e-02,4.52088430e-02,1.99871832e-03,3.57955461e-02,7.11762220e-03
-3.06300534e-02,-4.43598671e-02,9.26333488e-02,-1.32238909e-02,-6.54994008e-02,1.05244924e-02,1.68677625e-02,-6.80463490e-03,3.11622460e-02,5.33458141e-02,9.18675065e-03,4.44138264e-02,-1.36749879e-02
-3.79972031e-02,-4.63089457e-02,6.89595493e-02,-3.52353665e-02,-1.08110607e-01,1.90235560e-02,2.22613080e-02,8.69459471e-03,2.82451714e-02,4.28517608e-02,1.30398623e-02,4.08995364e-02,-3.74408630e-02
-4.01340767e-02,-2.98912721e-02,2.24783021e-02,-3.33975195e-02,-9.87526390e-02,2.98568304e-02,9.93855630e-03,3.26909986e-02,2.11489372e-02,5.19819495e-02,3.41749286e-02,3.30928642e-02,-3.54739136e-02
-2.38787309e-02,-2.32579637e-02,8.43201593e-03,8.09506447e-04,-8.47989363e-02,2.39551214e-02,1.80008969e-02,6.40119674e-02,1.35385662e-02,4.94323934e-02,3.61714716e-02,3.17741096e-02,-2.78851217e-02
-2.42220290e-02,-4.91664222e-02,-5.11506114e-02,-1.35178943e-02,-1.14826272e-01,-1.76698896e-02,8.80512943e-03,7.27886217e-02,-1.68568093e-02,2.56414261e-02,4.25670901e-02,3.64516778e-02,-1.29750821e-02
-4.94898984e-02,-6.20536952e-02,-3.28587618e-02,-3.38258179e-02,-1.31447050e-01,-6.06615564e-02,5.95864118e-03,5.67094677e-02,-1.38997426e-02,1.77566146e-02,2.22498892e-02,3.37938839e-02,2.71345551e-03
-1.20516952e-02,-3.78374777e-02,-3.01584999e-02,-2.07501961e-02,-1.26623338e-01,-5.80311694e-02,4.14181773e-02,7.52382149e-02,1.16547567e-02,2.80202759e-02,9.88340599e-03,3.81833469e-02,3.01454506e-02
-2.30513597e-02,-5.83798048e-02,-8.12227999e-02,-2.48230346e-02,-7.80371252e-02,-4.49225929e-02,3.96649066e-02,6.03681432e-02,-6.71645869e-04,2.58458114e-02,1.92328072e-03,3.88856323e-02,6.54248765e-02
1.30831267e-02,-4.85385535e-02,-6.19887664e-02,-3.34100360e-02,-2.22842223e-03,-8.57348059e-03,3.95842262e-02,5.07347414e-02,2.18199717e-02,9.86783972e-03,-4.86257499e-02,3.99242317e-03,5.71840140e-02
6.01186180e-02,-3.69341748e-02,-5.16799632e-02,-2.45846940e-02,2.73300846e-02,-9.45228317e-03,5.05845165e-02,4.91417188e-03,1.23097354e-02,-2.31666466e-02,-4.83966942e-02,-3.99428232e-03,6.76116543e-02
8.51157186e-02,-2.64622910e-02,-4.77435497e-02,-1.87647482e-02,2.75757531e-02,-1.53014643e-02,4.71632388e-02,-2.93741035e-02,-3.02821857e-03,-3.43373272e-02,-3.40654183e-02,-3.95512171e-02,4.60371385e-02
6.49289356e-02,-1.75081401e-02,-3.00095141e-02,3.84354290e-03,5.50866425e-02,1.76153918e-02,2.01763586e-02,-5.62041920e-02,-2.75564326e-02,-1.92006082e-02,-3.98807746e-03,-3.64621318e-02,2.81344764e-02
8.29035543e-02,2.01702522e-02,-4.01093036e-03,4.11737828e-02,5.71358263e-02,3.75579439e-02,1.65713989e-02,-5.54197661e-02,-3.23823508e-02,-1.34977718e-02,1.82226993e-02,-3.69958108e-02,2.05116700e-02
6.79507533e-02,3.30557675e-02,-2.31351378e-02,3.05508051e-02,1.34697229e-02,2.88366661e-02,1.17598956e-02,-6.71154719e-02,-3.63049521e-02,-2.78600364e-03,2.61834143e-02,-2.93566646e-02,1.55408847e-02
1.31311100e-02,4.06040231e-02,-2.00728704e-02,3.37976354e-03,-8.38382892e-03,5.12704104e-02,-1.33128452e-04,-6.33030552e-02,-4.52001675e-02,9.21217224e-03,2.30434012e-02,-4.45403611e-02,1.07850688e-02
6.22542799e-03,5.30007074e-02,9.26588689e-04,3.46758505e-03,-4.18001234e-02,4.56890365e-02,-1.36854784e-02,-4.25386434e-02,-3.27270482e-02,2.73742599e-02,2.63913479e-02,-2.50922597e-02,3.07292683e-02
-3.63336427e-02,4.59034665e-02,-1.19593931e-02,-6.31193340e-03,-3.52631846e-02,4.92792387e-02,-9.69321411e-03,-3.45991221e-02,-4.69214746e-02,3.19773591e-02,2.17927825e-02,-2.48603782e-02,1.62996103e-02
-5.20538463e-02,2.00538970e-02,-2.77384781e-02,-4.35347643e-02,9.83173863e-03,6.91294972e-02,-1.14220222e-02,-6.21468907e-04,-1.79868335e-02,3.37169423e-02,-1.59116971e-02,-5.74449777e-02,-1.10912437e-02
-2.79193210e-02,3.71648167e-02,-1.95041667e-02,-4.25286994e-02,5.25335202e-02,7.45328208e-02,2.43091997e-02,1.03013745e-02,-2.02317398e-02,3.55308825e-02,-2.51961747e-02,-4.57692653e-02,-4.19247293e-03
1.53452181e-02,1.44189252e-02,-4.32253814e-02,-5.15405838e-02,5.55483173e-02,1.15839102e-02,1.06308215e-02,-1.47535105e-02,-2.40757252e-02,2.43397877e-02,-4.13244844e-02,-4.20580000e-02,-8.59361373e-03
1.52472561e-02,-1.00564186e-02,-1.53351310e-02,-2.92523313e-02,8.79825115e-02,-8.48485356e-03,7.70960137e-03,-2.44406918e-02,-2.37394187e-02,2.58779408e-02,-1.70096873e-02,-1.78524388e-02,-2.37093883e-02
2.83165562e-02,1.86344751e-03,-2.39443452e-02,1.20909312e-02,8.13327502e-02,-3.45853562e-02,2.14687020e-02,-2.40500294e-02,6.35978813e-03,1.40915231e-02,1.70959460e-02,5.94855427e-03,-1.09307458e-02
1.63380445e-02,8.38764504e-03,-2.38950239e-02,2.90015356e-02,7.02373069e-02,-8.74794883e-02,1.30280255e-02,-8.73025476e-03,1.51830329e-02,-1.82892716e-02,1.83144607e-02,2.93449287e-02,1.39604609e-03
-2.96693150e-02,4.91501471e-02,-3.20264451e-03,6.12481528e-02,8.34182469e-02,-6.14766676e-02,-1.01717453e-02,7.90515968e-03,1.97517288e-02,-6.30019341e-02,-2.95644792e-02,3.18247660e-02,-2.09917577e-02
-1.95755468e-02,6.97922829e-02,7.12038086e-03,9.18311228e-02,7.11183564e-02,-5.16232471e-02,-1.79850548e-02,3.45512690e-02,2.48142830e-02,-8.86805615e-02,-5.62141059e-02,6.21059716e-02,-3.48863927e-03
-1.16842044e-02,1.09610155e-01,1.98472554e-02,1.30587547e-01,7.48192422e-02,-2.66049886e-02,-1.09810794e-02,5.20052200e-02,1.19868431e-02,-1.13993782e-01,-7.43842903e-02,6.34717529e-02,-1.11376947e-02
-1.90526410e-02,1.03583862e-01,-3.08366829e-03,1.13934730e-01,6.43042813e-02,1.53551189e-03,2.97241075e-03,9.94316800e-02,2.19847035e-02,-1.38352213e-01,-6.90227076e-02,5.64323602e-02,-2.84525839e-02
-1.21464719e-03,9.43880027e-02,-1.30040446e-02,1.09681730e-01,8.83412196e-02,2.59468170e-02,1.29841071e-03,1.26445341e-01,2.68921536e-02,-1.27823944e-01,-4.29473166e-02,7.13360422e-02,-4.21871149e-02
2.68353213e-02,5.29733889e-02,-4.41769220e-02,6.48506435e-02,7.27675962e-02,3.24359384e-02,2.28742427e-02,1.30187478e-01,3.19363570e-02,-1.06388738e-01,-5.09458303e-02,6.53907688e-02,-5.84640777e-02
3.46042731e-02,2.33970257e-03,-1.83260761e-02,3.75894828e-02,8.36342079e-02,4.60441357e-02,-6.69247991e-03,8.78896655e-02,3.63090595e-02,-8.03533119e-02,-1.89029322e-02,5.36292567e-02,-5.57063186e-02
1.74116385e-02,-3.92373749e-02,-5.82211293e-02,-2.67914814e-02,3.34979821e-02,2.96066527e-02,-1.12599789e-03,5.03232833e-02,3.62775298e-02,-6.67257949e-02,1.24123742e-02,4.64881756e-02,-3.20250584e-02
-3.62990534e-02,-7.47404403e-02,-4.94897769e-02,-6.08714839e-02,-5.26920104e-04,-1.80748448e-02,-2.19966984e-02,4.29565229e-02,4.17298712e-02,-2.32140879e-02,4.86847572e-02,1.92693452e-02,-5.95838861e-03
-6.53919840e-02,-6.61503228e-02,-2.78001903e-02,-7.64287690e-02,-2.01126774e-04,6.37285753e-03,-2.41724084e-02,2.91710798e-02,3.30899106e-02,-2.87643549e-02,3.40150215e-02,1.25477573e-02,-1.07132249e-02
-5.73227246e-02,-4.76508471e-02,2.56690905e-02,-4.48571511e-02,1.03748323e-02,1.54135851e-02,-1.67003320e-02,-6.64342556e-03,1.68699358e-02,-1.66039098e-02,1.35399807e-02,2.36647815e-02,2.59171224e-03
-6.63706133e-02,-2.78305144e-02,3.10285922e-02,-3.63971026e-02,1.68643899e-02,2.44132643e-03,1.16807074e-02,-2.20904050e-02,1.23382210e-03,5.07362971e-03,-2.59675352e-03,-1.50111453e-02,-6.65478727e-04
-1.01765263e-01,1.63328170e-02,1.88460281e-02,-8.50605940e-02,1.64206053e-03,3.08808159e-03,4.96746660e-02,-7.57106787e-03,-6.31599919e-03,1.56504481e-02,-9.27334147e-03,-3.32738602e-03,1.46007610e-02
-8.51882608e-02,3.83813883e-02,3.19513923e-02,-5.20169987e-02,2.77350766e-02,8.59468539e-03,2.61910789e-02,-2.67962408e-03,1.89879575e-02,3.77907306e-02,1.54016422e-02,8.20528645e-03,-1.21248070e-03
-7.08903737e-02,5.78766044e-02,2.74142803e-02,-3.89255617e-02,4.32816351e-02,4.35259697e-02,6.41595977e-02,3.48719832e-02,1.81881304e-02,4.71566162e-02,2.18430710e-02,1.69680060e-02,-2.98789228e-02
-3.88130502e-02,4.09912157e-02,4.61608763e-02,-1.77062951e-02,3.39239007e-02,6.32759792e-02,3.29240667e-02,-2.21699552e-03,1.58476499e-02,5.06584987e-02,2.80678707e-02,-1.63421397e-02,-3.58671983e-02
-4.85756282e-02,-2.00051391e-02,9.13424763e-03,-3.10761294e-02,-1.72132414e-02,7.91060778e-02,2.07172774e-02,-2.75245966e-03,-6.22732595e-03,1.20365188e-03,3.17445127e-02,-1.03658147e-02,-3.01514584e-02
-7.02685170e-02,-5.94682439e-02,-9.41363667e-06,1.65526860e-02,-2.14342660e-02,7.88854907e-02,-3.10233319e-02,-4.89853224e-02,-8.83731198e-03,5.33835538e-03,4.32162138e-02,-2.26385058e-02,-2.55955995e-02
-2.56174721e-02,-7.13116551e-02,-1.37730126e-02,1.81185584e-02,-4.16228064e-02,1.12665087e-01,-1.55235616e-02,-5.59873807e-02,-1.24847978e-02,-1.66730516e-02,1.20898158e-02,-4.78192612e-02,-3.13878365e-02
5.76753660e-02,-4.93907769e-02,9.27589672e-03,7.55413028e-02,-3.05417023e-02,1.17075511e-01,-5.43077109e-02,-1.03052498e-01,-3.09187939e-02,-3.43204776e-02,-2.63188185e-02,-6.00533719e-02,4.91474555e-03
6.79227520e-02,-4.85223098e-02,1.39404405e-02,7.42194462e-02,-5.67991499e-03,9.41805510e-02,-5.38471597e-02,-8.76230157e-02,-2.09317531e-02,-4.73659911e-02,-6.74872530e-02,-8.58091196e-02,1.83996385e-02
2.92836870e-02,-2.67378002e-02,1.00952343e-02,3.18009607e-02,2.33160398e-02,5.59085378e-02,-5.42484323e-02,-7.28771528e-02,-6.04979415e-02,-3.97172360e-02,-6.74050844e-02,-6.55654545e-02,4.74509457e-02
3.83588961e-02,7.95323497e-03,2.73420894e-02,6.32370179e-03,4.23618648e-02,2.00965841e-02,-5.12488500e-02,-3.19688551e-02,-3.28388535e-02,4.72662881e-03,-5.63882257e-02,-7.10678261e-02,3.55935563e-02
3.69952990e-02,6.21659888e-02,6.04025666e-02,-1.85641455e-02,6.74776252e-02,2.84175971e-03,-2.20875690e-02,1.44320450e-02,-4.67595858e-02,1.16961907e-02,-1.79512629e-02,-5.62215750e-02,1.78978183e-02
4.48223048e-02,5.23146589e-02,7.39856865e-02,-3.75177965e-02,3.26189722e-02,-3.17063107e-02,6.48469308e-03,4.80702159e-02,-2.23465267e-02,4.87167402e-02,-3.84000558e-04,-8.53709428e-02,-3.61896922e-02
3.40114721e-02,2.99341817e-02,4.89946089e-02,-6.17398060e-02,-5.53014771e-04,-5.02678861e-02,5.73544424e-02,1.00389257e-01,-3.63485013e-02,2.28703144e-02,4.29966930e-02,-4.39208209e-02,-3.01995659e-02
-1.17150176e-02,-1.27077829e-03,5.50072012e-02,-3.66657006e-02,-1.22281837e-02,-6.76321000e-02,2.15827078e-02,3.93832481e-02,-5.53734450e-02,4.36685063e-02,6.83046477e-02,-7.06760518e-04,2.81933435e-04
-1.88193847e-02,-3.61130151e-02,2.34662532e-02,-4.64548296e-02,-3.95174465e-02,-3.04753695e-02,8.69537346e-02,2.01040375e-02,-1.87892633e-02,7.33547622e-02,8.09502440e-02,5.33083652e-04,7.35083790e-04
2.60286199e-02,-2.88366684e-02,4.09308487e-02,1.81445038e-02,-6.92227896e-02,-5.76167844e-02,5.57190544e-02,-1.49290577e-02,2.92877361e-03,8.66778724e-02,7.14552260e-02,-7.50906246e-03,1.63574164e-02
3.21724969e-02,-2.42693285e-02,3.09015564e-02,2.93473511e-02,-1.02800036e-01,-7.66836958e-02,2.28918520e-02,-4.75367047e-02,3.72889693e-02,6.11229139e-02,3.05460024e-02,2.04126742e-02,1.85283294e-02
2.13174583e-02,-3.34587297e-02,3.74918653e-02,6.25806709e-02,-6.69189797e-02,-5.67530144e-02,-1.75437833e-02,-7.87112917e-02,2.74835227e-02,5.59501522e-02,1.97245574e-02,2.68855415e-02,3.52370003e-03
2.26969165e-02,-1.66253691e-02,3.30002553e-02,4.70040672e-02,-4.33318945e-02,-4.68361207e-02,-2.60871036e-02,-5.39929161e-02,4.19307610e-02,7.99798675e-02,-6.62176200e-03,4.04254860e-03,-2.99036185e-02
3.06467321e-02,3.50670032e-02,6.89591015e-02,2.51087936e-02,-2.41920315e-02,-4.40336310e-02,-5.30591625e-02,-5.23409835e-02,2.88637242e-02,8.77035563e-02,1.42268426e-02,-1.23002231e-02,-3.58198743e-02
9.75696033e-03,1.68951637e-03,4.41131048e-02,1.49755887e-02,-2.17961724e-02,-2.64778023e-02,-4.73417158e-02,-2.74159544e-03,5.87177155e-02,1.06338476e-01,2.97502382e-02,-3.48417203e-02,-6.02941591e-02
-1.05199227e-02,-1.74637589e-02,-1.37946446e-02,-3.76120195e-02,-3.11128970e-02,-4.34545268e-02,-3.68669863e-02,4.61619638e-02,3.92423878e-02,7.04103878e-02,3.46523327e-02,-3.75304558e-02,-6.14508003e-02
-2.68529596e-02,-3.75402579e-02,-3.33394480e-02,-7.47790081e-02,-4.68858657e-02,-6.33703467e-02,-6.50567816e-02,2.25487099e-02,-8.80331788e-03,5.08581993e-02,2.09137971e-02,-9.11592726e-03,-9.36990447e-03
-2.14012427e-02,-6.29989312e-02,-7.92221573e-02,-1.00375531e-01,-5.09226665e-02,-7.70427572e-04,-2.07208394e-03,4.03462101e-02,1.71551612e-02,5.56006962e-02,1.34169479e-02,-9.63276167e-03,2.52491401e-02
-7.13343125e-02,-8.80105133e-02,-7.22575949e-02,-6.41328284e-02,-1.54355161e-02,2.08713313e-02,2.43790751e-02,5.26395832e-02,3.85737733e-02,3.38181135e-02,2.78740169e-02,1.41724639e-02,8.78689646e-02
-6.28643181e-02,-7.66868462e-02,-8.26086402e-02,-6.11226107e-02,-4.11006932e-02,-4.83049867e-03,3.14541188e-02,3.93527641e-02,4.00614864e-02,1.74715934e-02,-1.84453798e-02,1.56236985e-02,1.01902301e-01
-3.02660571e-02,-5.99772342e-02,-5.11074889e-02,-1.04793303e-02,-3.50811255e-03,3.55410400e-02,2.58068492e-02,2.32566283e-03,1.85082170e-02,-6.09838871e-03,-3.52306161e-02,3.19833024e-02,8.91875327e-02
-1.22450543e-02,-5.46837198e-02,-5.82310238e-02,2.01417885e-02,1.54195694e-02,5.54168245e-02,2.41530776e-02,-3.43483931e-03,1.17689052e-02,-3.18127048e-02,-7.04974325e-02,-1.15347711e-02,5.01203632e-02
1.43752656e-02,-1.54969121e-02,-1.72174508e-02,5.56515026e-02,4.26540501e-02,6.81811178e-02,3.59926912e-02,5.23392617e-03,1.07976483e-02,-2.29203491e-02,-5.23661976e-02,-5.30414372e-03,3.82128171e-02
-1.51036849e-02,-4.65925270e-02,-3.96356310e-02,5.41305801e-02,3.02667571e-02,6.80627191e-02,2.77024056e-02,3.11837667e-02,2.34463943e-02,-2.86781232e-03,-4.10984372e-02,-3.80552765e-03,4.21560199e-02
-9.61192613e-03,-2.42286155e-02,-3.20670754e-02,6.89240809e-02,1.47651645e-02,3.49004472e-02,-1.33417230e-02,7.03673133e-03,6.00129727e-03,-8.66092559e-03,-3.85039777e-02,-1.66985101e-02,2.23497770e-02
-3.58784504e-03,-3.65082863e-02,-3.72399449e-02,7.21869061e-02,-1.20370058e-02,-7.36345608e-03,-3.29072041e-02,-1.65186795e-02,-3.79824880e-02,-2.98054288e-02,-3.11415708e-02,-2.01294910e-02,2.79312315e-02
-9.27567187e-04,-6.63990389e-02,-5.16859938e-02,7.45066774e-02,-5.07374933e-02,-2.64542643e-02,-6.17424887e-02,-2.90891822e-02,-4.17525930e-02,-4.20277069e-02,-3.08279209e-02,-3.54096953e-02,9.74158263e-03
-4.66737159e-02,-8.84251208e-02,-6.07297073e-02,6.71122752e-02,-5.62437709e-02,-5.62084379e-03,-4.72142329e-02,-1.32684976e-02,-7.03860934e-03,-6.46169986e-02,2.89942064e-03,-2.03203757e-03,5.19501485e-02
-4.71016504e-02,-8.48195426e-02,-6.15790814e-02,5.23681591e-02,-4.62239535e-02,-3.01759947e-02,-1.55105205e-02,-3.29394003e-03,2.15620044e-02,-2.24881772e-02,1.09651891e-02,3.59641345e-03,4.42821536e-02
-1.39931064e-02,-1.83152037e-02,-1.35015358e-02,6.02914740e-02,-2.10367695e-02,-2.87625448e-02,-2.22652826e-02,-2.08723689e-02,-1.09562490e-02,-1.66728252e-03,1.48924994e-02,3.45301087e-02,3.42918967e-02
1.58600329e-02,1.74639851e-02,1.73308901e-03,3.98880165e-02,1.22578390e-03,-3.00795017e-02,-3.95487661e-02,-3.53044983e-02,-1.28542394e-02,6.45518893e-03,9.55885913e-03,1.40764202e-02,1.47926611e-02
2.78684594e-02,8.52519461e-02,8.31439745e-02,3.96345796e-02,3.88271440e-02,-2.70813377e-03,-3.27297653e-03,-1.01187527e-02,5.30528930e-03,3.92607429e-02,3.75599538e-02,2.20399729e-02,-2.00549709e-02
3.36926331e-02,8.54797686e-02,4.66024562e-02,-2.92198381e-02,3.27726818e-02,-1.92681086e-03,-4.41218564e-03,3.56852963e-04,3.23633109e-02,6.46483493e-02,1.72881212e-02,2.87457078e-02,-2.65133846e-02
3.02328282e-02,1.19696107e-01,3.42291153e-02,-6.89287258e-02,2.63203338e-02,-1.05215837e-02,-3.24017639e-02,-2.59515607e-02,6.12997931e-02,7.53109936e-02,2.02318473e-02,5.05823872e-02,-4.54207989e-02
4.45967972e-02,1.35336302e-01,5.39937397e-02,-5.13298865e-02,4.58528236e-02,-3.68240304e-02,-4.63786751e-02,-2.11273928e-02,6.45262811e-02,7.45081254e-02,3.10534134e-02,2.78622828e-02,-7.22753269e-02
1.74801269e-02,9.37520969e-02,5.31808708e-02,-4.85851003e-02,4.87359549e-02,-5.34016811e-02,-6.08125729e-02,-1.41304505e-02,3.79457836e-02,1.72297861e-02,6.51800195e-03,-4.11495290e-03,-9.30848979e-02
-3.80663721e-04,5.61710260e-02,1.00197998e-02,-7.82956692e-02,2.76647705e-02,-4.20825730e-02,-3.26941546e-02,3.65908955e-02,3.91757269e-02,-5.59261632e-02,-9.35220990e-03,-7.07938061e-03,-5.83763153e-02
1.42414163e-02,4.79202171e-02,2.25260760e-02,-6.04502953e-02,9.00719715e-02,-2.25933016e-02,6.11706686e-03,5.96454384e-02,4.20925287e-02,-9.57968517e-02,-9.93939996e-03,3.31575912e-02,-4.68404645e-02
2.66154949e-02,5.49676099e-02,9.58546777e-03,-2.01157471e-02,9.45417739e-02,1.83957965e-02,3.23830278e-02,8.45047204e-02,2.46723795e-02,-1.26705638e-01,-3.27615799e-02,5.57352102e-02,-4.36004649e-03
3.35226813e-02,5.83104012e-02,-6.72445702e-03,6.72596391e-03,1.01765296e-01,4.09013597e-02,4.30409035e-02,6.97691574e-02,-4.47625829e-03,-1.34919315e-01,-4.35472544e-02,7.20683202e-02,3.05930078e-02
2.66337782e-02,8.15207809e-02,3.24770675e-02,3.77120600e-02,7.48820355e-02,3.92693557e-02,8.71305349e-02,9.98671477e-02,-1.99958311e-02,-1.39357809e-01,-3.67128900e-02,5.05162122e-02,3.51207846e-02
5.14608781e-02,8.77946646e-02,1.92905292e-02,5.11253034e-02,5.87063177e-02,6.11825920e-02,1.26228671e-01,9.15686481e-02,-3.20557062e-02,-1.16920453e-01,-6.73716489e-02,3.60476079e-02,4.93256383e-02
3.67934401e-02,7.60976131e-02,-3.58682965e-02,3.08527698e-02,1.43180904e-02,7.05887674e-02,1.12492812e-01,4.58885183e-02,-4.82806320e-02,-1.22391367e-01,-6.74034822e-02,4.83281388e-02,5.17503859e-02
2.13136326e-02,5.54316215e-02,-2.71548817e-02,4.48046731e-02,-6.44906468e-04,4.12154865e-02,7.83274342e-02,1.85965215e-02,-3.52636795e-02,-7.64273682e-02,-5.35177222e-02,7.48616265e-03,2.35205883e-02
3.19222794e-02,4.27628596e-02,-2.50541448e-03,3.36131977e-02,-8.10650597e-03,3.12407700e-02,6.55874467e-02,1.08015945e-02,-4.06275402e-02,-5.72235952e-02,-4.93258498e-02,-1.84816906e-02,-8.58111274e-03
3.58792955e-02,2.52865998e-02,-2.56488518e-02,-1.73030984e-02,-3.06770662e-02,-1.45246174e-02,3.94054044e-02,8.86460652e-03,-3.55796023e-02,-3.80372024e-02,-3.41256977e-02,-4.72603598e-02,-3.15097262e-02
4.33986556e-02,3.71645572e-02,-6.17663484e-03,-3.10567783e-02,2.24119073e-02,-3.11091882e-02,2.02656574e-02,1.80470087e-02,-1.98214091e-02,-2.26091834e-02,-1.59494491e-02,-2.32741314e-02,-5.23961458e-02
7.04624227e-02,5.18526486e-02,-5.29113703e-03,-4.55241791e-02,4.03180807e-02,-2.55245975e-02,-1.50353842e-03,-2.53711172e-04,-2.98814766e-03,-5.90663916e-03,-2.05037611e-02,-1.69386543e-02,-4.06783556e-02
7.97581978e-02,4.18712016e-02,3.91343997e-03,-5.75327731e-02,6.20032168e-02,-2.08569767e-02,-3.79651962e-02,-4.08314709e-02,-1.01020009e-02,7.66981086e-03,-2.55405986e-02,2.40325644e-02,-1.73944577e-02
6.00011090e-02,4.10401591e-02,1.85659300e-03,-7.35283432e-02,4.85507984e-02,-2.49619031e-02,-4.57275683e-02,-4.39757508e-02,1.51382224e-02,1.74902460e-02,-2.05316675e-02,2.93083476e-02,-1.57909739e-02
4.82408211e-02,4.01642169e-02,1.31825379e-02,-3.61152818e-02,4.22703981e-02,-7.40025444e-03,-2.91672020e-02,-5.52317618e-02,1.91300747e-02,3.48972748e-02,-2.87706249e-02,3.40727944e-02,-3.95585311e-03
4.44044610e-02,4.11659593e-02,1.31339069e-02,1.78863212e-03,1.75720453e-02,-8.18524279e-03,-2.66803052e-02,-9.60549182e-02,-1.16473622e-02,1.57747468e-02,-4.57428667e-02,1.92956237e-02,5.28309399e-03
1.05167086e-03,-1.15882025e-03,3.25305371e-02,4.40208473e-02,1.84806132e-02,3.13807981e-03,-1.02712243e-02,-9.90794878e-02,-2.80220673e-02,1.22444575e-02,-5.94359366e-02,8.66406957e-03,1.99678350e-02
-1.26579147e-02,-6.51198841e-03,5.66267490e-02,6.42013711e-02,1.07571324e-02,9.66002820e-03,-1.01025469e-03,-9.58497279e-02,-3.31278436e-02,1.10790634e-02,-4.49069788e-02,1.77568635e-02,1.33557765e-02
-2.98034963e-02,-1.71848494e-02,5.14637413e-02,7.72858044e-02,-3.67292354e-03,-8.19633182e-03,-1.64508609e-02,-8.60425394e-02,-3.52065539e-02,1.05473615e-02,-3.38306397e-02,2.36575356e-03,-8.75581072e-03
-3.47914714e-02,-4.04426971e-03,2.20829523e-02,1.14617342e-01,2.50001868e-03,-4.06399100e-03,-1.13802615e-02,-5.72651708e-02,-3.43763438e-02,3.05125107e-03,5.96850279e-03,1.71037613e-02,-1.10063135e-02
-1.91266149e-03,1.56921162e-02,-3.68848921e-02,8.69444198e-02,-1.38634293e-02,-4.34393874e-03,1.24119204e-02,-3.73099405e-02,-1.86244885e-02,3.10296114e-02,2.70873909e-02,-6.65313458e-05,-3.32105770e-02
8.72577472e-03,1.21441265e-02,-4.75537333e-02,8.40393500e-02,-4.39347625e-03,-2.61129775e-02,6.82360975e-03,-5.71254340e-03,-2.50032619e-02,1.50766773e-02,5.10653579e-02,2.38558291e-02,-2.56194543e-02
1.31374180e-02,-1.21619914e-02,-8.19282672e-02,2.00145176e-02,-1.93140864e-02,-2.18972011e-02,-1.20265086e-02,5.68105251e-03,-4.67543950e-04,-7.72513972e-03,6.12304066e-02,2.58402516e-02,-4.00564975e-02
-1.75144173e-02,-3.60808760e-02,-1.03383703e-01,-1.05697558e-02,-2.02967339e-02,2.99611465e-02,5.90097167e-03,1.15499683e-02,1.99102247e-03,-3.00070446e-02,6.40107270e-02,3.27852137e-02,-3.93292967e-02
-1.31864447e-04,-4.37027774e-02,-9.16106145e-02,-3.19258160e-02,-4.36143725e-02,2.73087766e-02,1.96152844e-02,3.03314504e-02,2.55134702e-02,-3.14969695e-02,4.14930028e-02,-4.07837757e-03,-2.82996906e-02
-2.34234058e-02,-4.13564941e-02,-3.65908984e-02,-1.32960031e-02,-1.90740089e-02,4.66905468e-02,4.65304002e-02,1.17440858e-02,-1.14496871e-02,-4.85188997e-02,3.01533034e-02,-6.57802281e-03,7.39071726e-03
-8.10691334e-02,-6.94676211e-02,3.33116361e-02,-1.98580468e-02,-2.27957363e-02,3.94113291e-02,1.78644167e-02,7.54889236e-03,-1.05863661e-02,-4.23657835e-02,1.71602006e-02,-7.04218423e-03,2.37909718e-02
-1.17519324e-01,-7.53909274e-02,7.45767178e-02,-2.36349210e-02,-4.54691001e-02,2.62150490e-02,2.06181042e-02,3.37145675e-03,-1.31630308e-02,2.57023454e-04,3.68932130e-03,-2.90303747e-02,4.56283149e-02
-9.01345193e-02,-4.06106664e-02,9.62080455e-02,-9.56117411e-03,-3.71380993e-02,3.71535024e-02,1.35512513e-03,-3.30756946e-02,-4.21170953e-02,4.93665628e-02,2.26538825e-02,-2.91655666e-02,5.32847011e-02
-5.31717929e-02,-2.19452883e-02,7.08588252e-02,-3.44301900e-02,-5.72408668e-02,7.61506352e-02,2.76876190e-02,-1.33236789e-02,-3.49033585e-02,1.08167203e-01,1.55988461e-02,-2.92396923e-02,4.04287771e-02
-3.97048685e-02,-1.23779269e-02,7.05888561e-02,-4.71684407e-02,-6.32693949e-02,6.19751105e-02,-2.95407527e-03,1.21074489e-03,-4.08173477e-02,1.22240398e-01,2.24767412e-02,-8.06233357e-03,4.18315767e-02
-2.03696232e-02,-1.21187003e-02,5.38842045e-02,-6.63055765e-02,-4.40934040e-02,7.19819802e-02,-2.62490807e-02,2.02588125e-02,-2.26508556e-02,9.63845894e-02,6.75158677e-03,-7.57140855e-03,2.87418248e-02
-4.82674740e-02,-3.18416445e-02,9.02810884e-03,-9.60307062e-02,-5.48993672e-02,8.35198515e-02,-1.66138247e-02,3.90698980e-02,-1.36474174e-02,7.48068856e-02,4.25963979e-03,-3.21816410e-03,7.08386329e-04
3.20663569e-03,-2.69673944e-02,-2.40506643e-02,-9.71167519e-02,-5.94211086e-02,4.04551100e-02,-2.70836688e-02,4.58686787e-02,-1.99877763e-03,3.72796507e-02,3.39635200e-03,-9.45944707e-03,-6.15333939e-03
2.20301373e-03,-3.69980296e-02,-5.16219457e-02,-8.75584281e-02,-6.57126650e-02,-4.14773503e-03,-2.64203406e-02,3.83855173e-02,-1.35366358e-02,-8.89354695e-03,2.05364151e-02,2.51319559e-02,3.35890181e-03
-2.01828255e-02,-7.69515540e-02,-2.62169725e-02,-8.04629675e-02,-4.30667519e-02,-2.91157677e-02,-3.14378701e-02,5.14291116e-02,1.67413977e-02,-3.80261665e-02,2.39244080e-02,3.06871116e-02,-5.08990208e-03
-2.73475300e-02,-7.87174052e-02,-6.60965232e-04,-6.09945188e-02,-5.35133065e-02,-7.23872104e-02,-7.08186396e-03,5.88201160e-02,3.30427099e-02,-1.02529807e-02,3.48722834e-02,9.31200177e-03,8.06745906e-03
4.12593532e-02,-4.27284080e-02,1.96189692e-02,-4.16016941e-02,-2.73530916e-02,-7.87898433e-02,-2.71513189e-02,1.79515881e-02,1.56620713e-02,2.63545799e-02,4.21277899e-02,-9.77324810e-03,2.04117325e-02
8.92758058e-02,-3.44085147e-02,8.81117606e-03,-4.89916332e-02,-1.64191782e-02,-3.46152718e-02,-1.34295178e-02,2.01897042e-02,1.15617409e-02,5.79436610e-02,3.28742039e-02,-2.24743600e-02,3.01928448e-02
1.09507481e-01,-3.29136033e-02,2.44551449e-03,-6.57860458e-02,-9.71208773e-03,-2.37645058e-02,-2.17664351e-02,-4.29848622e-03,3.84847498e-03,7.29587014e-02,2.87534382e-02,-2.60685167e-02,2.46228787e-02
9.34492700e-02,-1.31919770e-03,-2.06318665e-03,-4.55107539e-02,3.80616246e-02,4.92249970e-02,-6.58415770e-03,-9.18646486e-03,2.49800395e-02,6.77059759e-02,4.86359386e-03,-3.14809488e-02,2.97190109e-02
6.58906449e-02,7.00714540e-03,-2.18464060e-02,-3.89374127e-02,3.39812223e-02,6.13287150e-02,3.69008668e-03,-3.33975346e-02,2.84504111e-02,3.51906814e-02,-1.85125544e-02,-4.82115519e-02,2.16001283e-02
5.97463799e-02,4.70967183e-02,-3.09610109e-02,3.04507276e-02,3.72292700e-02,7.32806660e-02,1.78652748e-02,-6.18047824e-02,-7.65391224e-03,7.78388573e-04,-2.62351057e-02,-5.63673711e-02,2.59241061e-02
-1.68968980e-03,1.27376138e-02,-5.73805674e-02,5.87758429e-02,1.64539947e-02,5.30573884e-02,3.88035098e-02,-5.49108572e-02,3.14893572e-03,-3.18693350e-02,-3.30736770e-02,-3.15912087e-02,2.67917937e-02
-3.84413049e-02,-1.80324874e-02,-6.99086779e-02,6.88370066e-02,-7.07909694e-03,4.34788276e-02,3.45495206e-02,-3.95304474e-02,-1.06789254e-02,-7.18422105e-02,-6.02946607e-02,-3.53006069e-02,1.63914145e-02
-1.26459267e-01,-8.64270671e-02,-7.70953460e-02,1.16257198e-01,4.08262019e-03,3.44210114e-02,8.12218133e-02,6.66099310e-03,3.03341176e-03,-6.14643412e-02,-6.51456961e-02,-2.86927298e-02,1.60901527e-02
-1.13529319e-01,-9.35457232e-02,-5.45391062e-02,1.36245733e-01,1.78095972e-02,1.81600240e-02,7.80383730e-02,2.84188667e-02,-1.79482354e-02,-5.62700451e-02,-8.12192479e-02,-1.50607625e-02,2.68829618e-02
-9.36180252e-02,-1.19663101e-01,-6.90049444e-02,1.01615587e-01,2.54511888e-02,2.08093293e-02,6.10011050e-02,5.76161376e-02,-2.06999490e-02,-3.30242093e-02,-9.89886271e-02,-2.09565338e-02,2.04049398e-02
-5.86235243e-02,-1.13156171e-01,-6.97410613e-02,5.51412104e-02,2.65651821e-02,-9.78454848e-03,2.66169011e-02,4.18499252e-02,-4.49284811e-02,-2.29299941e-02,-8.35094212e-02,-3.16947782e-03,9.37999972e-03
-4.16258211e-03,-7.70651438e-02,-5.89125061e-02,3.01960112e-02,2.48464260e-02,-1.12618229e-02,3.31535602e-03,4.26657258e-02,-3.32640112e-02,6.32177869e-03,-6.75438184e-02,1.66124397e-02,-3.08739477e-03
4.03055545e-02,-4.12303307e-02,-5.85773899e-02,-4.14905816e-02,-3.93187449e-03,-3.19760115e-02,-1.90242545e-02,-1.42132703e-02,-1.86109942e-02,1.56968579e-02,-3.65999473e-02,2.26832011e-02,-3.86929072e-03
1.04287177e-01,2.59855100e-02,-4.87999282e-02,-4.84158069e-02,-2.24517711e-02,-2.20237583e-02,-2.08489145e-02,6.01315081e-03,1.18133544e-02,7.53998574e-02,7.39325380e-03,4.13070050e-02,6.29352132e-03
1.53606248e-01,9.02455539e-02,8.54270893e-03,-3.81179555e-02,-1.87782521e-02,-3.31966321e-02,3.29719336e-03,1.10525763e-02,4.50941943e-02,7.96242925e-02,5.77867499e-02,5.34920695e-02,-1.32600654e-03
1.41419333e-01,1.33361364e-01,5.73583525e-02,-3.17159755e-02,-5.98369544e-02,-4.84775038e-02,-1.66629920e-03,-1.52535671e-03,4.94963307e-02,5.98409779e-02,7.17384248e-02,3.33633541e-02,-1.28466949e-02
6.11135721e-02,1.32792722e-01,1.33782719e-01,8.15982030e-04,-4.83282353e-02,-3.29189431e-02,1.97431724e-02,5.03704487e-03,6.15133716e-02,6.95353077e-02,1.04011000e-01,2.28584597e-02,6.01034271e-03
2.68260259e-03,7.13307553e-02,1.53335686e-01,5.87662754e-03,-2.74261630e-02,-5.91619036e-03,3.51829990e-02,4.45784774e-03,1.80010580e-02,6.26686517e-02,1.45214536e-01,4.35623570e-02,3.30739543e-02
-4.81436678e-02,3.59298007e-02,1.59939153e-01,1.89968466e-03,-8.66261054e-03,4.13423420e-03,4.40551131e-02,2.91225443e-03,8.57429815e-04,7.25823216e-02,1.76933368e-01,4.74758743e-02,9.98807694e-03
-5.86830194e-02,1.72600030e-02,1.63027164e-01,9.48863106e-03,1.39446106e-02,2.08032789e-02,2.74689746e-02,-1.38366013e-02,-3.87031571e-02,8.94112445e-03,1.51710648e-01,2.70624163e-02,9.14717181e-03
-3.86729826e-02,1.76755400e-02,1.88466171e-01,2.72584595e-02,7.95646344e-03,-6.23300428e-04,2.14496969e-02,-3.44005513e-02,-6.93007480e-02,-1.48592444e-02,1.42707962e-01,5.98824019e-02,-1.20520828e-02
-6.44999838e-02,-5.78631676e-02,1.12607815e-01,-4.19609242e-02,-4.28522907e-02,-3.73415158e-02,-1.17219540e-02,-8.75370967e-02,-7.87608932e-02,-9.75342749e-03,1.26806794e-01,7.31396004e-02,-1.97852176e-02
-4.81580634e-02,-4.92598224e-02,6.12735090e-02,-3.78329108e-02,-4.49148531e-02,-2.03153119e-02,-1.87888964e-02,-8.12351961e-02,-5.71136613e-02,1.76151277e-03,9.22771013e-02,7.77109178e-02,-1.63372941e-02
4.32195022e-02,1.28469901e-02,3.09040018e-02,-1.62521776e-02,-3.17254894e-02,-3.29525258e-02,-3.06344340e-02,-5.96248778e-02,-2.07074661e-02,-3.23443082e-03,6.20906024e-02,6.45013415e-02,-2.31367809e-02
5.20100894e-02,3.30194521e-02,-5.72111651e-03,-2.02430637e-03,-6.17652506e-02,-7.96149191e-02,-2.42163045e-02,-5.59019321e-02,-3.27324759e-03,-1.71060419e-02,-8.75684080e-03,3.22804448e-02,-4.34361817e-02
-2.08958752e-03,3.66230805e-02,-7.90519349e-03,1.91929506e-02,-7.20534834e-02,-1.03483432e-01,-5.39538311e-02,-6.45863168e-02,1.75609269e-02,1.12652948e-02,-1.55563235e-02,1.71745623e-02,-3.88504033e-02
-1.44422202e-02,-6.71654527e-03,-5.06687852e-02,1.40619562e-02,-5.85566080e-02,-6.59087391e-02,-6.44641872e-02,-5.61950819e-02,1.59069301e-02,2.05334057e-02,2.35091414e-02,2.35472446e-02,-1.90331851e-02
-3.18346282e-02,5.85084410e-03,-5.26022658e-02,2.95985292e-02,-1.45646563e-02,-3.43913213e-02,-8.46578003e-02,-3.49906338e-02,2.06177095e-02,1.81854078e-02,2.77956312e-02,2.01940795e-02,-3.12059974e-02
-9.26354481e-03,3.01907890e-02,-2.59621537e-02,4.33415770e-02,-2.97235840e-03,6.16303699e-03,-1.02841636e-01,-1.65416101e-02,9.35843584e-03,-1.23977381e-02,-6.63970761e-04,-3.84455580e-02,-4.61258174e-02
2.59653823e-03,6.60590501e-02,2.12971243e-02,5.43799389e-02,1.34297779e-02,2.23507570e-02,-7.73739976e-02,-5.54440508e-04,6.82611397e-03,-1.78634214e-02,1.46804246e-02,-2.95771390e-02,-3.70352297e-02
-6.49805026e-02,1.32546950e-03,-2.45963339e-02,2.30251812e-03,-1.28687280e-02,-1.33350124e-02,-1.00325268e-01,5.13446660e-03,-4.26831073e-03,-1.89204012e-03,6.11946262e-02,-7.37728957e-03,-3.26581434e-02
-3.63434282e-02,2.74461652e-02,2.02006159e-04,1.54651440e-03,4.45060201e-02,5.17437817e-03,-7.83490707e-02,9.16919504e-03,-6.55760477e-03,-8.90745069e-03,4.76744188e-02,6.39002381e-03,-2.90715911e-02
1.00021256e-02,8.08563007e-02,3.82616351e-02,1.82626843e-02,8.11205300e-02,3.00483457e-02,-3.55008458e-02,1.90964273e-02,-5.15424500e-03,-4.17228934e-03,5.28141716e-02,-8.38801744e-03,-3.43414048e-02
3.10498269e-02,7.59683096e-02,4.87776625e-02,-2.63880386e-03,5.38640967e-02,-1.20962190e-02,-2.00481536e-02,1.90130691e-02,-1.89760774e-02,-3.38621342e-02,-2.35296595e-02,-5.61224516e-02,-3.46690020e-02
-1.46961723e-02,1.80390155e-02,4.99758855e-02,-1.85611036e-02,2.22555301e-02,-4.91931879e-02,-2.07046969e-02,6.50610706e-03,-1.86393065e-02,-6.58755683e-03,-2.37059039e-02,-3.67432763e-02,-2.23838351e-02
-1.85471630e-02,-7.11572308e-03,2.43085840e-02,-4.35166073e-02,1.81071577e-02,-3.66778683e-02,-8.24840635e-03,2.34220113e-02,4.94490625e-03,-1.23865449e-03,-1.64025949e-02,-1.49737608e-02,1.30411298e-02
7.22788437e-03,1.04280459e-02,2.20889857e-02,-1.38355002e-02,6.28353005e-02,-3.88831158e-02,-1.37425404e-02,5.25612935e-02,4.15356324e-04,-3.20090871e-02,-2.56254405e-02,-2.89220784e-02,6.17286750e-03
6.05799512e-02,1.52095009e-02,2.96075471e-02,-2.69704743e-02,3.58161197e-02,-2.91155889e-02,-1.69337772e-02,5.11548975e-02,-2.53541378e-02,-3.79877336e-02,-4.12629490e-02,-5.93281905e-02,-3.13356774e-02
7.13734198e-02,1.00665428e-02,4.59812326e-02,-3.04902349e-02,4.13415291e-02,-1.70740431e-04,7.71758575e-03,2.40782605e-02,-3.13732244e-02,-1.94858512e-02,-3.79166225e-02,-4.85137028e-02,-3.14108641e-02
-1.00818430e-02,-3.99415222e-03,-6.04352156e-03,-6.55364535e-02,6.96454247e-04,-6.02498848e-03,-1.91064791e-02,6.67217647e-03,-4.43229901e-03,-1.09663400e-03,1.20351538e-02,-1.83170900e-02,-2.58615696e-02
1.48188858e-02,3.54057004e-02,-2.39607727e-02,-4.42270786e-02,4.64868996e-02,2.97955050e-02,-1.92025288e-02,-1.47365157e-03,2.47462483e-02,1.49348013e-03,2.99434938e-02,2.32883811e-02,-9.25768520e-03
2.32708830e-02,7.51522913e-02,-2.41888406e-02,-2.71095146e-02,5.23502033e-02,5.44804985e-02,1.99090184e-02,-2.23026534e-02,1.98202563e-02,1.68167005e-02,5.47992538e-02,3.54939381e-02,-1.63652949e-02
1.00330978e-02,5.72320665e-02,1.17022615e-02,3.08248605e-03,8.76586497e-03,5.00786833e-02,2.89059970e-02,-4.60588510e-02,5.51458784e-03,4.40268978e-03,-5.06254066e-03,-1.16487343e-02,-3.00052010e-04
-3.48449568e-02,6.26269575e-02,3.89679239e-02,3.54422649e-02,-2.15993568e-02,5.17555581e-02,2.80710794e-02,-8.22414659e-02,-3.63629237e-03,3.68542079e-02,1.55421358e-02,1.74975815e-02,3.27131442e-02
-8.63328416e-02,2.40314528e-02,4.33633158e-03,3.01918438e-02,-5.31664255e-02,4.32343729e-02,4.78015615e-03,-6.40239120e-02,1.23631054e-02,3.47410885e-02,1.29004836e-02,6.76896429e-02,9.20781025e-02
-7.31044223e-02,1.69631037e-02,2.87490672e-03,4.28670816e-02,-5.14966819e-02,2.04872920e-02,4.43521422e-03,-5.13619736e-02,-2.43670744e-02,8.07216833e-03,1.47012109e-02,7.06604142e-02,9.97405558e-02
-3.51924312e-02,-1.69959704e-02,1.64376057e-02,6.09644309e-02,-3.57234728e-02,2.08629363e-02,1.45627283e-02,-2.48157746e-02,-5.99754962e-02,-1.81495127e-02,4.87114418e-04,5.15349568e-02,8.98910214e-02
-2.40618701e-02,-4.92653278e-02,3.23835767e-02,3.95144637e-02,-2.01038296e-02,2.85547275e-02,4.21165736e-02,-1.59745220e-02,-1.05845377e-01,-4.73143535e-02,-2.46297720e-02,4.34723810e-02,6.89114158e-02
-5.37965476e-02,-8.11107610e-02,-1.78678335e-03,-8.93496545e-03,-2.59786925e-02,5.06977011e-03,6.76623277e-03,-8.63639238e-03,-7.30105833e-02,-2.93301770e-02,-1.74585516e-02,5.94957709e-02,7.92549480e-02
-1.21486802e-02,-5.64357583e-02,-3.01646898e-02,-3.25845622e-02,-1.30636589e-02,-8.13284381e-04,-1.09283438e-02,7.14808951e-03,-5.20294590e-02,-3.83438548e-02,1.67752614e-03,5.88083453e-02,7.50175219e-02
4.63044227e-02,-4.06432894e-02,-4.40426953e-02,-6.30033317e-02,4.32238534e-03,-2.91256866e-02,-2.67436246e-02,-5.76018294e-03,-2.96954457e-02,-3.27932655e-02,1.12174029e-02,2.59334299e-02,5.17708171e-02
8.60618597e-02,-3.89967398e-02,-1.59177768e-03,-5.86162561e-02,-6.18907998e-03,-2.50702079e-02,-2.90235865e-02,8.70766952e-03,-1.44083954e-02,-1.93214854e-02,-1.53539117e-02,-3.17414477e-02,2.32136975e-02
4.18950422e-02,-2.62628725e-02,-6.80871512e-03,-3.74213097e-02,1.22122842e-02,1.03100403e-02,-2.22627787e-02,3.40963430e-03,-1.50422846e-02,-1.20104003e-02,-2.82604027e-02,-5.09155134e-02,1.91249592e-02
1.47020236e-02,-4.37786914e-02,-3.16287411e-02,-3.59385197e-02,-1.84037449e-02,-7.32520448e-03,-3.31248076e-02,-1.11338636e-03,-3.29262388e-04,-5.27097805e-03,-7.77010350e-03,-3.86010294e-02,2.08529769e-02
3.65775092e-02,-3.20178983e-02,-1.28775160e-02,-4.75494096e-02,-6.61622304e-02,-1.59515983e-02,-8.62834489e-03,-1.87217355e-02,-1.22978296e-02,-2.87388937e-02,-2.68321975e-03,-5.16766988e-02,-2.95148991e-03
6.12573684e-02,-2.69516719e-02,2.51156997e-02,-2.04783395e-02,-8.02148177e-02,-1.19613550e-02,-4.17346679e-04,-3.06513611e-02,-1.36785494e-02,-2.97105727e-02,1.79317452e-02,-6.29794632e-02,-2.50122288e-03
5.43151550e-02,-6.14382530e-03,3.98388650e-02,-3.41154069e-02,-1.01354045e-01,1.20013326e-03,4.63427686e-02,-3.13453115e-02,-2.81008267e-02,-6.75711224e-02,9.90444286e-03,-6.54698879e-02,-1.43559711e-02
-3.57963180e-03,-2.31038929e-02,2.78526608e-02,-2.77577347e-02,-9.50985630e-02,-1.56076255e-02,4.76647809e-02,-5.12902804e-02,-1.25555507e-02,-6.82593713e-02,-1.33231850e-03,-6.43049885e-02,-3.04609742e-03
-2.24877138e-03,4.08758244e-03,2.43437228e-02,-3.43246995e-02,-7.76715126e-02,-2.21455377e-02,7.94621935e-02,-5.08895886e-02,-7.91541507e-03,-5.01367787e-02,6.79564155e-03,-5.67237989e-02,1.66115350e-02
1.56082442e-02,2.76461768e-02,1.20278359e-02,-5.99386179e-02,-5.57460371e-02,-3.85823141e-02,6.47640891e-02,-7.80427664e-02,-2.75965604e-02,-3.44575407e-02,2.57050476e-03,-6.95082783e-02,2.15812575e-02
3.81720288e-02,6.20432766e-02,1.98385095e-02,-5.44787401e-02,-3.82416094e-02,-5.60240748e-02,2.10280743e-02,-7.50103390e-02,-9.52347291e-04,1.74267662e-02,1.26658351e-02,-5.85498652e-02,-8.16807831e-03
-2.56225705e-02,6.04491383e-02,-3.33338194e-03,-4.55777476e-02,-8.84741398e-03,-1.07002027e-02,3.04061339e-02,-3.71708144e-02,5.86006123e-04,3.00924982e-02,5.18449494e-03,-3.90466995e-03,1.93752139e-03
-5.73473347e-02,2.22424631e-02,-4.13353916e-02,-1.42976603e-02,2.60162433e-02,3.28341252e-03,1.47624575e-02,9.94834392e-03,3.28342476e-02,4.08599838e-02,8.20463531e-03,5.18819171e-02,2.27314617e-03
-4.39091129e-02,3.54640370e-02,-5.73043368e-02,1.08153818e-02,5.21452806e-02,-3.20818153e-03,-1.25965422e-03,4.70901408e-02,3.26047482e-02,3.00017283e-02,-5.84741084e-03,6.51758049e-02,-2.40135549e-02
3.34873548e-03,6.23563492e-02,-6.14818439e-02,4.51792459e-02,4.19040900e-02,5.52389772e-03,-1.17705323e-02,8.74556362e-02,2.80615268e-02,2.88531237e-02,-6.23940678e-03,5.89900885e-02,2.47671493e-04
1.93612032e-02,8.32651808e-02,-5.03853368e-02,5.03193784e-02,-4.01337106e-02,-3.31595002e-02,-6.39631691e-03,1.16259159e-01,3.18535595e-02,3.88300203e-02,5.81279138e-03,6.91816775e-02,2.15183427e-02
7.38093320e-03,5.80880356e-02,-4.30846379e-02,7.20526065e-02,-5.47034916e-02,-3.80501976e-02,-9.82175667e-03,9.88986031e-02,3.12018709e-02,3.32158356e-02,-5.48891888e-03,4.43236564e-02,2.70371259e-02
1.10946914e-02,5.12691477e-02,-1.10826268e-02,6.79329567e-02,-5.53208352e-02,-1.99823457e-04,1.94656845e-02,7.00676141e-02,1.88989310e-02,1.44634888e-02,-5.28892263e-03,2.27595368e-02,3.37583277e-02
4.94234443e-04,2.27275320e-02,3.55046999e-03,6.87843577e-02,-2.22301721e-02,3.01990299e-02,2.80541875e-02,2.84216152e-02,-6.17710928e-03,-3.38681458e-03,-3.20598401e-02,-2.39460090e-02,2.06132444e-02
-2.42615342e-02,-1.07429287e-02,1.41309800e-02,4.04458555e-02,-1.45529221e-02,5.58526750e-02,5.58642103e-02,3.27853348e-03,1.07542738e-02,2.39936308e-02,-4.82505278e-02,-4.92108093e-02,-3.31712424e-02
-9.97771322e-02,-7.71846661e-02,8.05516115e-02,6.03377744e-03,1.77683822e-02,9.75867323e-02,8.95385593e-02,-2.90771989e-02,-7.17187011e-03,4.89180938e-02,-3.33276281e-02,-3.91296371e-02,-2.53606094e-02
-1.21972477e-01,-1.35458499e-01,1.15157750e-01,-4.85626190e-03,6.07811976e-02,1.18323541e-01,8.79955456e-02,-4.16312554e-02,-1.55101943e-03,4.23338647e-02,8.91026842e-03,2.74080608e-03,-1.36065593e-02
-1.26729740e-01,-1.30203574e-01,9.20254570e-02,-3.00631090e-02,8.62491397e-02,1.08398710e-01,4.59496273e-02,-5.16918688e-02,9.33814613e-03,3.44821039e-02,2.78117955e-02,3.47726143e-02,-2.57799336e-02
-8.81755570e-02,-9.26249501e-02,6.39785657e-02,-3.41807535e-02,1.02503879e-01,1.04994866e-01,2.84904895e-02,-5.98548196e-02,3.19325812e-03,3.00450248e-02,-2.85817866e-03,2.48232437e-02,-2.99822892e-02
-8.20485061e-02,-7.66170279e-02,1.66111489e-02,-5.26916052e-02,6.18325861e-03,2.46960871e-02,2.63038645e-03,-6.37085827e-02,-6.44624219e-03,4.12816189e-02,2.08111940e-03,2.70615782e-02,-1.73226534e-02
-6.47073060e-02,-4.99691522e-02,-6.53887053e-03,-3.86256657e-02,-3.59474568e-02,-2.21068583e-02,-3.23706401e-02,-4.16761992e-02,6.27615609e-03,4.94479091e-02,-2.32738217e-03,1.75159967e-02,-1.89290637e-02
-7.17430815e-03,1.62245764e-02,-2.17829340e-02,-2.02280910e-02,-3.64561834e-02,-1.54054954e-02,-5.10829278e-02,-3.86347657e-02,-6.30153234e-03,1.81611999e-02,1.96640381e-02,2.06727846e-02,-2.96596885e-02
6.40121943e-02,6.67015441e-02,-4.96458049e-02,2.01612438e-02,-3.03925500e-02,-4.24824631e-02,-7.57434062e-02,-2.59329687e-02,4.05913382e-03,-8.84009688e-03,1.42029139e-02,-4.28924097e-05,-4.08915417e-02
1.00110800e-01,1.10889858e-01,-8.14171482e-02,5.15078861e-02,-4.88722118e-02,-3.97456388e-02,-4.24881718e-02,2.21165559e-03,2.20144934e-02,-1.98212761e-02,-4.89161894e-03,-2.58208180e-02,-5.05830643e-02
7.02059558e-02,9.34863934e-02,-4.23203105e-02,7.80201969e-02,-8.19786795e-03,-1.86766385e-02,-2.26775816e-02,1.31431261e-03,2.02991135e-02,-1.29945435e-02,-1.27649628e-02,-2.80104500e-02,-4.83522800e-02
6.00918909e-02,5.42491836e-02,-1.11121298e-02,7.13230429e-02,2.39281159e-02,5.79930745e-04,-1.54789209e-02,1.55742600e-02,1.14119282e-02,-4.02776684e-02,-1.59547651e-02,-2.79007031e-02,-3.76590042e-02
3.43193709e-02,5.81855349e-02,4.45606252e-03,4.54293769e-02,-7.22532622e-03,2.85239181e-03,-6.99177690e-03,4.98433883e-02,3.90824153e-02,-6.18934918e-02,2.77546515e-03,-1.27809432e-02,-9.36670982e-03
3.21280524e-02,6.15589695e-02,2.78048093e-02,4.09598194e-02,3.76501608e-03,4.13597413e-03,-4.22108127e-03,6.05165839e-02,5.80087502e-02,-2.70771978e-02,-1.38765815e-02,-2.70226747e-02,-2.04005339e-02
2.18966469e-02,3.87086312e-02,-9.30535516e-04,1.94142428e-02,-3.75214788e-03,-2.46891106e-02,-1.90913380e-03,5.15678103e-02,1.96352935e-02,-2.82235204e-02,-3.22751428e-02,-2.21013760e-02,1.87208480e-03
-1.40898222e-02,2.46754196e-02,1.48599990e-02,-3.89154431e-03,-2.61951741e-02,-3.37237414e-02,-3.47875568e-02,5.24335704e-02,2.54064971e-02,-1.54948505e-03,-6.07675301e-02,-4.42187480e-02,-2.50267547e-03
-2.35303961e-02,-1.02492703e-03,2.15497868e-02,1.05779278e-02,1.74934985e-02,-1.00246825e-03,-4.61521969e-02,3.86046969e-02,1.98838840e-02,8.12466907e-03,-2.58023945e-02,-1.20668555e-02,2.11527334e-03
1.18477104e-02,7.90617115e-03,5.11538597e-03,-1.56695216e-02,2.20171325e-02,-3.75382352e-03,-4.34134051e-02,3.38812299e-02,3.29083806e-02,1.94854579e-02,-1.58862581e-02,-1.90316282e-02,7.38599595e-04
5.33776143e-02,2.16123893e-02,1.24808626e-03,-4.00258955e-03,3.67782135e-02,-3.71931274e-03,-4.50552487e-02,4.18662008e-02,3.17242002e-02,1.75134003e-02,-9.13338450e-03,-4.16619074e-02,1.54527712e-02
4.92701855e-02,2.82224380e-02,3.46972645e-03,6.72854320e-03,6.51562409e-02,-1.23890088e-03,-2.69417022e-02,4.32501416e-03,1.95264634e-02,1.14242366e-02,-8.92012460e-04,-4.07125800e-02,4.55013887e-03
2.40133080e-02,-2.50475947e-02,-1.17659748e-02,-1.11853717e-02,7.40225574e-02,-9.57981278e-03,-2.41138621e-02,8.91965835e-03,7.22636789e-03,-1.65785692e-02,-3.29515670e-02,-5.45780143e-02,-9.43951330e-03
2.85346425e-03,-1.12504954e-02,-7.32873398e-03,-2.37744872e-02,5.53728296e-02,-2.66644475e-02,-2.47936613e-02,-3.13717489e-03,7.10618148e-03,-3.26707154e-02,-2.91254281e-02,-4.60569105e-02,-5.38203635e-03
1.43851375e-02,-5.00442805e-03,7.03937514e-03,-1.23304287e-02,4.73962745e-02,-4.57728988e-02,-6.41695147e-03,1.42597925e-02,5.82875572e-03,-1.85735059e-02,-1.02609532e-02,-2.48655584e-02,-2.31357901e-02
2.72286869e-02,1.02764737e-02,1.26500840e-02,4.43496472e-03,4.77714981e-02,-9.39395052e-02,-6.83698117e-03,4.72236058e-02,-2.56471128e-04,-2.13263444e-02,-2.09753950e-02,-1.10588115e-02,-3.32981062e-02
1.02919261e-02,-1.94169445e-03,-2.92564552e-03,-5.49608177e-03,4.42602494e-02,-7.17825695e-02,6.58328382e-03,5.08672162e-02,-1.12064078e-02,-2.43157976e-02,-2.71368435e-02,3.59671161e-03,-3.75608673e-02
-1.11767173e-02,-3.58159647e-02,-9.24612017e-03,1.08819063e-02,4.40870677e-02,-3.29134099e-02,2.19302212e-02,4.67502116e-02,-2.98202272e-02,-2.48556516e-02,-2.94111613e-04,3.79347400e-02,-3.00281635e-02
-1.52346506e-02,-1.25136510e-02,1.71261012e-03,3.77650812e-02,3.09706973e-02,-3.70940275e-02,2.92617262e-02,3.55152092e-02,-1.65093026e-02,-2.10179900e-02,9.47493179e-03,4.05641041e-02,-1.60614146e-02
4.24912924e-03,4.86537286e-03,-1.95032804e-02,7.72923292e-04,1.08418826e-02,1.46997835e-02,1.51007451e-02,3.30600140e-02,-2.48518263e-02,-2.75521046e-02,3.79240695e-02,5.78399740e-02,2.88401020e-03
1.08517329e-03,9.72674514e-03,-3.85600699e-02,-5.57171334e-03,-7.38302003e-03,3.64558556e-02,2.26508708e-02,1.06237202e-02,-3.35868562e-02,-2.58796250e-02,4.40880362e-02,6.11230667e-02,-7.44009653e-04
-4.50375900e-02,-3.44925318e-02,-1.63902392e-02,1.08516161e-02,-2.62464721e-02,3.06189923e-02,6.27667764e-03,-1.41214158e-03,-4.48583122e-02,-4.49724209e-02,-5.32216556e-03,4.54601231e-02,1.53476429e-03
-6.74561359e-02,-3.76251584e-02,-2.10737795e-02,7.67047254e-03,-3.32110580e-02,4.19925159e-02,-2.46434911e-02,-4.17780477e-02,-6.51665156e-02,-5.58836724e-02,-2.64497347e-02,3.45239870e-02,1.36025673e-02
-5.65859542e-02,-2.47868252e-02,-1.55158177e-02,1.80607034e-02,-2.68800176e-02,4.06071760e-02,-1.35161612e-02,-3.34041541e-02,-6.00957452e-02,-6.78640830e-02,-3.85438006e-02,2.58632885e-02,9.46293264e-03
-2.34640613e-02,9.17042714e-03,-9.25111754e-03,1.57340849e-02,-4.22710151e-02,-1.31369339e-02,-6.59426979e-02,-2.24665749e-02,-3.88790434e-02,-6.48451849e-02,-3.23967172e-02,1.02889393e-02,-1.56837247e-02
-1.12316797e-02,-7.79010472e-03,-2.73596582e-02,-2.00891072e-04,-3.91901350e-02,-2.15698654e-02,-5.59926215e-02,-3.30062607e-02,-1.43852108e-02,-6.04428159e-02,9.03308748e-03,3.44159237e-02,-1.25663554e-02
-1.90422805e-02,-3.65245102e-02,-2.13405380e-02,7.58936945e-03,-4.44375426e-02,-1.46370996e-02,-3.14425309e-02,-2.47022093e-02,-1.66705434e-02,-6.30676516e-02,-2.42961835e-03,2.03683095e-02,-3.34956719e-02
-2.29327739e-02,-3.39469896e-02,-1.24110595e-04,4.72219884e-02,-9.62483382e-03,-4.85915469e-02,1.89276928e-03,-2.01528311e-02,-6.73244641e-04,-5.36719883e-02,-8.75824671e-04,-4.28281026e-03,-3.16364890e-02
-1.57470563e-02,-3.54377132e-02,-1.55876015e-02,4.10109775e-02,1.55919919e-02,-7.05493726e-03,1.30336211e-02,-2.11404156e-02,-1.49736145e-03,-2.59270590e-02,6.79081761e-03,-3.90806847e-03,-2.02288275e-02
3.34337717e-02,-5.55863123e-03,-1.89711279e-02,5.15180231e-02,2.98601507e-02,-7.75282203e-03,2.47434733e-02,-2.00659501e-02,1.51883503e-02,1.99852974e-02,6.30854101e-03,-1.91809613e-03,-1.58449020e-02
3.18348224e-02,-9.08348873e-03,-2.33058852e-02,5.88511210e-02,7.02392488e-03,-3.52647950e-02,1.10194435e-02,-3.10678126e-02,3.37971183e-02,4.73613057e-02,2.78509967e-03,1.07221123e-02,1.36664034e-02
2.01184015e-02,-1.80688967e-02,-3.84210733e-02,4.36569666e-02,-5.43873253e-03,-4.79144998e-02,9.44443087e-03,-2.71494624e-02,1.21714796e-02,6.38699611e-02,-1.81384990e-02,-4.42243788e-03,2.85846239e-02
-1.38228774e-03,2.07519258e-03,-4.99489072e-03,7.17690739e-02,3.39332908e-03,-4.74306120e-02,2.24373393e-02,-9.11016505e-03,2.88673926e-02,7.61993570e-02,-4.55724707e-02,-3.88747695e-02,5.49169215e-03
-7.31343444e-03,-8.19877667e-03,-1.60872647e-02,5.93370990e-02,3.79832368e-04,-3.59910523e-02,1.86227324e-02,-5.55015457e-03,2.48190782e-02,6.79037834e-02,-3.59543512e-02,-3.78918504e-02,3.96103839e-03
-1.11362763e-02,-6.03770212e-03,3.11105491e-03,5.10070819e-02,8.46193580e-03,-3.41265900e-02,1.48439970e-02,-1.16930575e-02,2.71763485e-02,5.14157124e-02,6.92007489e-03,-1.76213407e-02,-5.47948624e-03
-4.05510124e-03,-1.37606925e-02,3.57250629e-02,2.42738230e-02,-2.84306851e-02,-4.56256734e-02,1.46631870e-03,-1.16271565e-02,3.11091872e-02,2.21386995e-02,-4.38879413e-03,-8.54070616e-03,-1.71570960e-02
-3.77736584e-03,-1.55704640e-02,3.64464874e-02,-3.25393985e-02,-4.21902275e-02,-6.56168226e-02,6.17674300e-03,-2.59636950e-02,3.12221436e-02,2.79249403e-04,-1.38502538e-02,-2.20901163e-02,5.02640046e-04
-5.89039063e-03,-2.94036006e-02,2.84837025e-02,-2.49521596e-02,-6.44355721e-03,-2.65408672e-02,2.57271452e-02,-5.17057388e-02,9.22335450e-03,-2.25825207e-02,-1.90571008e-02,-2.59536191e-02,6.48799542e-03
1.87468445e-02,-1.93012705e-02,4.11855126e-02,-1.66804460e-02,1.69089577e-02,-9.64787290e-03,3.49442337e-02,-5.12209915e-02,1.88218318e-02,-1.12888447e-02,-2.83336893e-02,-1.11570368e-02,1.26242062e-02
1.29212554e-02,-1.26454556e-02,1.25651049e-02,-1.03907340e-02,3.75165149e-02,3.11571529e-02,4.32926985e-02,-5.44766933e-02,1.57044941e-02,-2.89273713e-02,-2.02238135e-02,1.47842641e-02,1.95016946e-02
2.86529575e-02,-6.94963260e-03,-7.90995080e-03,-3.35622847e-02,2.82628199e-02,4.58753284e-02,5.66232430e-02,-3.40772258e-02,-8.72329876e-03,-2.99625503e-02,-2.11063565e-02,1.09114725e-02,2.84070193e-02
1.68437780e-02,1.65541904e-02,5.08618607e-03,-3.93300831e-02,1.02788918e-03,4.46398466e-02,4.40807545e-02,-1.15863000e-02,1.81529454e-02,2.25531453e-02,-1.06375378e-02,4.58801387e-04,2.22994426e-02
1.23643692e-02,3.19245927e-03,1.38279113e-02,-4.90770701e-02,2.38521736e-02,7.84762320e-02,2.72447092e-02,-2.31543900e-02,-1.35184630e-02,1.29613907e-02,4.54201273e-03,8.55751645e-03,2.70149711e-02
-4.94199979e-03,4.03714585e-03,-2.03136082e-03,-4.24760985e-02,1.54566324e-02,8.44380779e-02,-1.51828477e-03,-8.54367376e-03,-3.07911060e-02,1.30072268e-02,1.88078856e-02,-2.63613879e-02,-1.96710174e-02
-1.28849183e-02,1.61012786e-03,2.21089229e-02,-3.82624984e-02,-6.98942045e-03,5.82982198e-02,2.79685218e-03,1.81968969e-02,-1.98249750e-02,6.07423414e-03,2.29414650e-02,-2.62578748e-02,-3.49850495e-02
2.22395720e-02,9.21324716e-03,2.83441914e-02,-6.34268804e-02,-3.91929647e-02,2.44569132e-02,-6.64690912e-03,2.28714917e-03,-2.64833585e-02,-1.01035501e-03,5.18484982e-03,-3.78209993e-02,-3.14129045e-02
2.39842907e-02,-1.66669007e-03,1.34829910e-02,-5.61683502e-02,-1.37492007e-02,7.76445417e-03,-2.27998039e-02,-3.32242046e-02,-3.17146719e-02,-3.64958742e-02,6.11359407e-03,-2.26810091e-02,-3.42952742e-02
1.95792035e-02,-2.35304288e-02,-1.02470489e-02,-7.18840343e-02,1.18641105e-02,8.50283877e-03,-8.19769354e-03,-1.72491286e-02,-1.80051633e-02,-5.90138178e-02,3.48675868e-04,1.15307399e-02,-3.26668415e-02
1.84173495e-02,-1.65819251e-02,-3.98088277e-03,-2.81832064e-02,4.95393902e-02,2.89056302e-02,-3.86345570e-03,-4.69817007e-03,-2.62927161e-02,-8.93826681e-02,-1.26342776e-02,4.14899386e-02,-4.24689640e-02
1.02872191e-02,-4.62997477e-03,1.85267938e-02,1.93692059e-02,5.26547439e-02,3.34966748e-02,3.72331037e-02,7.07653976e-02,-2.81615483e-03,-8.48230262e-02,-3.42749434e-02,5.93356303e-02,-3.29510789e-02
-2.09770827e-02,-1.01027378e-02,1.27445978e-02,3.38469082e-03,4.44078405e-02,2.32795962e-02,1.76121733e-02,8.78377847e-02,2.24077722e-02,-3.37966765e-02,-3.11939074e-02,7.35326037e-02,-3.87831597e-02
2.18025745e-03,3.24458122e-02,7.79794365e-02,1.67078263e-02,8.77537985e-02,2.72245003e-02,-5.64940777e-03,1.14977937e-01,1.96133250e-02,-4.50408510e-02,-2.63104166e-02,6.75009174e-02,-2.89122697e-02
-2.30060981e-03,5.15674594e-02,7.42062943e-02,1.54136810e-02,9.36510896e-02,5.63163684e-02,-1.46544412e-02,1.20762124e-01,2.61059505e-02,-2.70936383e-02,-1.94657230e-02,1.63392875e-02,-5.21809109e-02
2.98599171e-03,9.80264856e-02,9.60335262e-02,1.53746636e-02,9.15062420e-02,5.28058330e-02,-1.34959123e-02,1.22472592e-01,4.86738612e-02,2.83806547e-02,-1.36778694e-02,-1.78877709e-02,-5.11292596e-02
2.42461809e-02,1.21339234e-01,8.70575911e-02,1.30014554e-02,9.33710623e-02,5.35772919e-02,-7.08651399e-03,9.07236958e-02,6.54466494e-02,7.30531861e-02,-1.09166361e-02,-3.95466806e-02,-5.18483967e-02
3.84140060e-02,1.12667784e-01,5.52215298e-02,3.48160578e-02,1.10153668e-01,3.00095741e-02,-6.00746558e-02,6.33032231e-02,7.62081820e-02,8.12057732e-02,1.30137013e-02,-2.63509114e-02,-2.78741919e-02
5.96155260e-02,4.43731283e-02,-3.69919439e-03,2.85504096e-02,9.79215075e-02,3.55134280e-02,-4.06434636e-02,4.80822937e-02,7.27982930e-02,4.83018653e-02,1.62968779e-02,-2.56588586e-02,-1.05794681e-02
8.42642700e-02,-3.63023573e-03,-2.06864528e-02,6.41566505e-02,8.94245057e-02,4.95420762e-02,1.96372438e-03,3.11821344e-02,4.60986810e-02,2.52398349e-02,9.50946469e-03,-3.25266539e-02,8.10664197e-03
7.51713256e-02,-4.36187292e-02,-1.74985701e-02,1.05311007e-01,7.54398802e-02,4.50905674e-02,4.71633730e-02,7.65381828e-02,5.44842335e-02,2.28157534e-02,5.48723257e-03,-1.76511856e-02,3.30954501e-02
7.51073709e-02,-8.81489866e-02,-4.52438785e-02,8.52057736e-02,3.76024820e-02,3.09193140e-03,3.26921880e-02,3.18827294e-02,2.44365902e-02,2.26622483e-02,4.93027164e-03,-7.94232354e-03,3.55491709e-02
1.07071855e-01,-7.05284558e-02,-2.37280310e-02,8.56117560e-02,7.17364807e-03,-1.51133020e-02,2.05966453e-02,5.11595382e-02,2.58362248e-02,-1.70298228e-04,1.75694220e-02,-2.66537540e-02,3.98458650e-02
9.16275933e-02,-6.75256831e-02,-8.68535963e-03,7.39805879e-02,6.75270268e-03,-9.19855804e-05,5.47478978e-02,5.42933723e-02,2.51999967e-02,-2.95030137e-02,1.44689390e-02,-4.34807968e-02,1.28123836e-02
9.64506009e-02,-2.68656566e-02,4.40932477e-02,4.78792947e-02,-1.43858163e-03,8.60325604e-03,5.84127798e-02,2.35591893e-02,1.55420162e-02,-7.67809183e-03,-1.63878367e-03,-4.92659443e-02,2.70355139e-03
7.34577764e-02,3.12483799e-03,4.05713200e-02,2.67708853e-02,-7.07082435e-04,2.69304666e-02,6.31774091e-02,-1.37298608e-02,2.03495001e-02,1.37960551e-02,7.77223475e-03,-4.14283936e-02,-2.06315561e-03
7.29310756e-02,4.38452078e-02,2.62735100e-02,1.22761398e-02,-1.50851575e-02,1.92869095e-02,1.29742224e-02,-7.26242317e-03,2.95399160e-02,1.92756439e-02,2.61151790e-02,-4.06268528e-02,7.41556823e-03
9.72982014e-02,5.35657256e-02,-9.51223461e-03,-9.31728349e-03,-5.38278235e-02,1.13971141e-02,-4.73180413e-03,-1.31773282e-02,3.11186801e-02,1.78015009e-02,4.46077175e-02,-2.90783369e-02,1.42540112e-02
7.52873947e-02,6.39263335e-02,-1.52773045e-02,-4.97948317e-03,-5.85128133e-02,1.91813698e-02,1.62919280e-02,-1.26162408e-02,2.66755545e-02,1.65067782e-02,9.83391232e-03,-2.81951016e-02,9.11116225e-03
5.11581834e-02,5.22785805e-02,6.14783102e-03,-2.63377316e-03,-3.37574174e-02,2.22235357e-02,1.90345093e-02,-1.40707814e-02,1.39505508e-02,1.61229879e-02,7.28545080e-03,-1.35911435e-02,-3.86894435e-03
6.21491955e-02,4.85050065e-02,-9.96055958e-03,-1.32910402e-02,-4.02288004e-02,2.54307698e-02,-6.90271593e-04,-3.54341726e-02,-4.35108065e-03,1.44372725e-02,9.71896252e-03,2.79041491e-03,-4.13083001e-03
7.36720116e-02,6.62034074e-02,-4.56817311e-02,-2.87827798e-02,-4.18510006e-02,3.21694533e-02,-4.50567665e-02,-1.44669869e-02,-1.11050534e-03,4.47490233e-03,2.26218208e-02,-1.67008456e-03,1.08279965e-03
6.14574720e-02,9.24296941e-02,-8.39888726e-02,-4.63531916e-02,1.17667779e-02,2.81700647e-02,-6.56376985e-02,4.85952501e-03,3.56301551e-03,-1.74352633e-02,2.28349404e-02,9.14289416e-03,-2.20577589e-02
3.08686820e-02,8.87662264e-02,-5.39080260e-02,-5.17441872e-02,3.65544967e-02,1.51955408e-02,-6.60349589e-02,-1.72075484e-03,2.01989836e-02,-4.80934717e-03,-6.91061552e-03,1.48728278e-02,-2.56269065e-02
-1.22568348e-02,6.50224213e-02,-3.22564925e-02,-1.52339083e-02,3.74786490e-02,6.97435610e-03,-4.55519872e-02,-2.01407631e-02,7.46328853e-03,1.89111985e-02,-1.62461833e-02,8.00215257e-03,-1.18708715e-02
-6.93324865e-02,1.14393289e-02,2.08235476e-02,-9.24917928e-03,-4.64936231e-03,-1.10979440e-02,-4.28742158e-02,-1.86744361e-02,-1.12252595e-02,6.04836274e-02,-1.09836107e-02,-8.02971484e-03,1.62705552e-02
-9.78893698e-02,-3.74867161e-02,3.44415752e-02,-1.40311784e-02,-2.04385186e-02,-1.98547681e-02,-2.60056674e-02,-3.14550689e-02,-4.92986526e-02,9.06269356e-02,4.53044605e-02,1.16176358e-02,3.51601357e-02
-1.24449641e-01,-5.09342525e-02,6.49050665e-02,-1.05271310e-02,-3.60802235e-02,-3.36566392e-02,-4.54010267e-04,-6.14881546e-02,-6.88139985e-02,8.55078893e-02,4.43514041e-02,2.86969442e-02,4.63724077e-02
-1.47400629e-01,-8.53326921e-02,1.08799081e-01,-1.06219636e-02,-6.54413031e-02,-6.66863482e-02,3.26519142e-02,-7.56527539e-02,-5.97057331e-02,9.54174893e-02,5.62303406e-02,2.82134290e-02,4.86353385e-02
-1.12401798e-01,-9.44931383e-02,1.15314246e-01,-9.17465480e-03,-9.03300529e-02,-4.86306252e-02,5.06247951e-02,-9.47751942e-02,-6.76681225e-02,9.42004803e-02,6.76291004e-02,2.91862495e-02,3.16481543e-02
-9.14259855e-02,-9.55123470e-02,8.24591941e-02,4.43716474e-03,-1.01321179e-01,-4.20435811e-02,5.11444206e-02,-7.53356313e-02,-4.94394214e-02,8.48625462e-02,9.37180101e-02,2.93858124e-02,3.02659802e-02
-3.04180503e-02,-5.54793184e-02,5.15401526e-03,1.32310875e-02,-8.41464631e-02,-4.73400411e-02,3.72909720e-02,-4.40167325e-02,-5.30487421e-02,2.49118739e-02,9.03505494e-02,5.34719171e-02,2.04630640e-02
1.61857444e-02,-1.84392659e-02,-2.83352176e-02,1.90952935e-02,-7.59635424e-02,-4.73466128e-02,4.06944892e-02,-2.77741788e-02,-1.96513582e-02,-1.97965562e-02,4.25714142e-02,6.07744737e-02,2.51355741e-02
1.82823506e-02,1.68279259e-02,-4.64676893e-02,4.44168877e-02,-7.47947723e-02,-4.75298135e-02,3.33066014e-02,-3.85175796e-03,2.22396412e-02,-2.96437643e-02,2.01518574e-03,5.10590629e-02,2.88469782e-02
1.96817561e-02,2.11964239e-02,-1.69988611e-02,4.88369028e-02,-8.80081001e-02,-5.20460075e-02,-3.70260198e-03,2.40667606e-02,4.52820172e-02,-2.65147309e-02,-1.92986848e-02,2.54384339e-02,2.38477029e-02
-1.18414369e-02,-1.44811287e-02,-4.36781975e-02,3.89033562e-02,-6.80158482e-02,-3.75641346e-02,-1.13619980e-02,4.86999034e-02,3.18129678e-02,-1.63462510e-02,1.18600865e-02,4.52669022e-02,1.98109180e-02
-1.42031882e-02,-9.92337506e-03,-3.40181787e-02,2.70579292e-02,-4.69128161e-02,-3.91544998e-02,-2.40881117e-02,5.78704599e-02,2.01261938e-02,-4.03376272e-02,-7.64223451e-04,2.50485414e-02,2.87990730e-03
-3.89508002e-02,-1.28270106e-02,-3.41858146e-02,1.81158153e-02,-3.57233174e-02,-4.54945671e-02,-4.80184127e-02,6.76221400e-02,2.68051960e-02,-5.16070685e-02,-1.21949792e-03,1.82655792e-02,2.14393112e-03
-2.52972795e-02,-1.57684608e-02,-1.77592589e-02,1.04100068e-02,-3.18970856e-02,-1.80464507e-02,-5.89081660e-02,3.88583115e-02,1.95289758e-02,-5.44041012e-02,9.82491093e-03,5.45248429e-03,-3.91630267e-03
-3.77272971e-02,-2.74012745e-02,2.54359392e-03,1.45873466e-02,-2.33106501e-02,-9.15078635e-04,-5.73999741e-02,2.14181958e-02,1.77598866e-02,-3.51695163e-02,2.86624659e-02,-1.03213361e-02,-2.13587877e-02
-2.95877365e-02,-3.20815414e-02,-2.20431878e-02,-4.31619880e-03,-2.52466158e-02,1.28992616e-02,-3.73900966e-02,2.69108093e-02,8.33664590e-03,-2.89898241e-02,4.15732143e-02,-1.95045478e-03,-1.35642816e-02
9.08701810e-03,2.77231904e-03,-2.55328755e-02,-3.16019499e-02,-2.28381017e-02,3.45853051e-02,-1.16978399e-02,1.83730251e-02,-1.88388304e-02,-5.26686971e-02,1.77728442e-02,4.26208929e-03,-8.20202539e-03
-1.62383716e-02,4.28990294e-02,-1.96168889e-04,-6.60780262e-02,-4.74508767e-02,3.61911795e-02,1.50025151e-02,2.33675598e-02,-2.09132293e-02,-3.79042235e-02,2.61407786e-02,2.16081509e-02,8.28142308e-03
-2.96719536e-03,7.88649435e-02,3.33774243e-02,-7.88342706e-02,-4.88830189e-02,3.37486060e-02,1.85177724e-02,2.20020583e-02,-2.52470029e-02,-3.14986175e-02,3.22047605e-02,-1.33954177e-03,-6.03205379e-03
-1.84709131e-02,7.52429948e-02,2.13736652e-02,-9.05345453e-02,-2.44522946e-02,3.46412908e-02,3.68063152e-02,1.24727198e-02,-4.28635637e-02,-2.49473895e-02,5.17190389e-02,2.02392611e-02,-1.32533560e-02
-3.14723890e-02,6.32574087e-02,2.47622661e-02,-9.52321692e-02,7.48819599e-03,6.73712389e-03,2.09633351e-02,2.13598344e-02,-2.95331763e-02,-1.87261265e-02,2.88183734e-02,-8.22518190e-03,-2.37760436e-02
-3.19852640e-02,5.29413275e-02,1.90568365e-02,-7.05937100e-02,4.50962586e-02,-1.30084194e-02,-1.74571052e-03,2.70627224e-02,-3.39095777e-02,-3.12963128e-02,1.78554058e-02,-3.12120719e-03,-3.33152174e-02
-3.68324583e-02,1.25219452e-03,-2.44152173e-02,-6.10172948e-02,8.04785734e-02,-2.79518020e-02,-1.12658863e-02,3.26288734e-02,-7.76076994e-03,-3.09490217e-02,3.39659563e-02,9.87796940e-03,-2.78930254e-02
-3.58626352e-02,-1.55886640e-02,-5.69007013e-03,-1.11928806e-02,9.20562814e-02,-7.11298659e-02,-4.43102953e-02,3.52433782e-02,2.43454935e-02,-1.79715743e-02,6.99560110e-03,-1.19443367e-02,-5.76308593e-02
-4.46391400e-02,-6.26831498e-02,-2.66110633e-02,-9.28966149e-03,1.00546109e-01,-7.25824712e-02,-4.02270097e-02,2.78571598e-02,5.35286187e-02,3.13565497e-03,1.82962935e-03,-5.65725635e-03,-2.68835715e-02
-2.45306222e-02,-5.22803658e-02,-2.69825178e-02,-3.07130561e-03,1.05333805e-01,-6.38995477e-02,-6.12074980e-02,1.06784774e-02,5.69410147e-02,-1.92492258e-02,-2.55098695e-02,1.33293291e-02,6.70349085e-03
-5.47050939e-02,-2.97156559e-02,1.46687397e-02,2.29283128e-02,6.48907426e-02,-6.12256661e-02,-5.28418811e-02,6.14441747e-04,6.53509131e-02,-1.99689288e-02,-3.80620789e-02,2.66193089e-02,2.91032588e-02
-6.29041809e-02,-2.06727277e-02,3.87026889e-02,2.82249325e-02,1.64257217e-02,-3.26738243e-02,-1.42308678e-02,8.90961761e-03,6.23231762e-02,-1.55390089e-02,-4.49801165e-02,2.60878516e-02,3.22554402e-02
-4.48558587e-02,-8.11571896e-04,2.99523176e-02,1.89307957e-02,5.08953507e-03,2.45521487e-02,2.70115395e-03,-3.67930340e-03,3.29661352e-02,-2.05688453e-02,-4.45361838e-02,5.33136945e-02,5.30959768e-02
-5.73080468e-02,1.52316731e-02,3.66390771e-02,3.87482321e-03,-9.69521771e-03,3.44820060e-02,2.93196478e-02,-5.32605500e-03,3.29248282e-02,-2.26568402e-02,-8.89641935e-02,5.18940066e-02,5.36830481e-02
-3.60400181e-02,6.55241363e-03,2.87702848e-02,1.90263039e-02,-1.70686243e-03,4.24041163e-02,4.48098353e-02,2.25444091e-02,-3.67175707e-03,-3.35344084e-02,-1.08717786e-01,1.98792636e-02,3.41355983e-02
-1.20038651e-02,-1.46154698e-02,-4.60364594e-02,1.00809185e-02,1.96165005e-02,4.69665937e-02,9.12445218e-02,6.26474358e-02,-2.89073942e-02,-4.35291581e-02,-8.57556094e-02,4.92598262e-03,3.50588224e-02
-1.49496781e-02,-3.91366679e-02,-7.73921475e-02,2.61035463e-02,2.08418979e-02,7.15107520e-03,6.41819469e-02,8.44945525e-02,-3.18493344e-02,-3.17751499e-02,-8.95515593e-02,-4.02045442e-02,-1.50969647e-02
-2.24180330e-02,-8.75070709e-02,-1.05282518e-01,7.20557618e-03,2.04449544e-02,4.82650448e-03,6.44809479e-02,8.55560079e-02,-2.63774547e-02,-1.41207032e-02,-6.38216132e-02,-4.03582905e-02,-1.16522027e-02
-3.31897817e-02,-1.03466666e-01,-1.30539896e-01,5.10476299e-03,2.52352279e-02,-1.17113826e-02,3.34174379e-02,6.62939919e-02,-3.67017090e-02,-1.74227526e-02,-4.22837238e-02,-3.64606625e-02,-8.07400746e-03
-1.73678705e-02,-7.13632491e-02,-8.00628605e-02,4.36894132e-02,3.77817364e-02,-2.30847778e-02,-1.65275625e-02,3.13258787e-02,-9.08064339e-03,-1.69172777e-03,-3.53096359e-02,-5.83426689e-02,-2.72474780e-03
1.80410273e-02,-6.36534775e-02,-3.98658803e-02,6.04475201e-02,4.79712501e-02,-1.51635472e-02,-3.60864325e-02,-2.64029359e-03,-2.03941677e-03,5.68696451e-04,-1.34019093e-02,-4.80741741e-02,-1.77445684e-02
6.37808490e-02,-5.14380267e-02,-2.92077885e-02,9.03389473e-02,7.64648611e-02,2.90645284e-02,-4.98675458e-02,-3.28022237e-02,-2.96029248e-02,1.59762512e-02,1.38592892e-04,-3.77014838e-02,9.47188417e-03
6.53940746e-02,-1.63090125e-02,1.61950918e-05,8.75047835e-02,8.54926333e-02,3.15454971e-02,-4.38799551e-02,-3.24643881e-02,-1.48252646e-02,1.59493416e-03,-1.40915364e-02,-1.45403160e-02,-6.36133072e-04
8.12614951e-02,-1.21934463e-02,7.64795662e-03,6.72851673e-02,8.86227015e-02,1.34940401e-02,-6.97135564e-02,4.18581833e-03,-1.41222412e-02,-1.19632681e-02,-2.73653881e-02,-1.96014446e-02,-3.28660037e-03
9.25470173e-02,1.26054767e-02,-2.12460029e-02,6.65313974e-02,9.97034441e-02,1.24727561e-02,-5.18732058e-02,3.84821560e-02,-1.78237582e-02,-3.14204488e-02,-2.20390999e-02,-1.64190527e-02,-5.94260964e-04
8.92260608e-02,2.16053594e-02,-2.39515322e-02,8.26279274e-02,8.31073304e-02,-1.18956900e-02,-5.87208378e-02,5.91475771e-02,-4.28959720e-02,-4.99021575e-02,-4.11095113e-02,-3.27077897e-02,-8.21524709e-03
5.82498226e-02,2.71254524e-02,-8.04715426e-03,6.58791306e-02,6.06620411e-02,-8.45704859e-03,-3.52836561e-02,6.04518083e-02,-3.06305890e-02,-6.64259930e-02,-4.95275706e-02,-1.52940489e-02,1.79001132e-03
6.61770476e-03,1.55222356e-03,-1.94781283e-02,4.56417397e-02,7.03265793e-03,-2.29934525e-02,-2.10227488e-02,6.46318733e-02,-3.00028311e-02,-6.36928969e-02,-4.52015065e-02,7.13902541e-03,7.70573086e-03
-3.75045293e-02,-3.71260137e-04,1.37102111e-02,-7.53777371e-03,-3.29107586e-02,-3.58278928e-02,-4.29563411e-02,1.55775063e-02,1.13577598e-02,-6.18283981e-02,-2.78243435e-02,2.53204918e-02,2.87547365e-02
-3.06434628e-02,-1.02524578e-02,3.28163931e-02,-2.98225913e-02,-1.40949267e-02,-2.28357088e-02,-2.82473493e-02,4.17168918e-03,4.45422795e-02,-4.57659597e-02,-1.71608226e-02,4.40446498e-02,4.71061826e-03
8.70411353e-03,1.98204293e-02,5.78871766e-02,-2.20767718e-02,-8.64630383e-03,-7.82124218e-03,1.78582676e-02,-2.20833974e-02,3.91652421e-02,-2.20677752e-02,-1.58103715e-02,2.92300835e-02,3.90818788e-03
4.28475242e-02,2.16934154e-02,8.67934082e-02,-1.34708644e-02,1.69260578e-02,1.22171995e-02,4.31039102e-02,-4.19754257e-02,2.36409563e-02,-6.33488651e-03,-1.78289475e-02,2.51020607e-02,-2.61906023e-02
5.31851346e-02,4.70029491e-03,9.16082081e-02,-3.54148349e-02,6.24076203e-03,2.78533908e-02,5.66837167e-02,-2.94763957e-02,2.41629459e-02,-1.47841136e-03,-1.50833843e-02,1.88657490e-02,-4.17066335e-02
4.15590824e-02,-2.09873606e-05,3.84065215e-02,-6.40554459e-02,1.05989607e-02,1.81121014e-02,3.65145565e-02,-2.99059829e-02,3.36614783e-02,9.96083556e-03,-8.24808482e-03,2.21022346e-02,-4.58494003e-02
5.56859568e-03,-2.06149218e-02,1.95172444e-02,-4.87069308e-02,6.69448914e-03,2.10074526e-02,2.30779037e-02,-2.61731119e-02,-4.24348981e-03,-6.07019290e-03,-1.62088180e-02,1.00562027e-02,-4.87432458e-02
4.26680042e-03,2.09621854e-02,1.22757166e-02,-2.76628394e-02,4.42921753e-03,2.71693318e-03,2.79726307e-02,-2.20367372e-02,-1.66425232e-02,-1.79682130e-02,-1.44668458e-02,-1.81853945e-02,-6.17889822e-02
1.82189121e-02,2.38937440e-02,6.27558649e-03,-5.93299421e-03,-1.43869697e-02,1.00339375e-02,3.76690432e-02,-8.92118547e-03,-4.70280645e-02,-2.30997427e-02,-2.15083995e-02,-1.84685928e-02,-5.24506029e-02
-2.48341177e-02,4.79115828e-03,3.07968736e-02,-4.52414069e-02,-7.16931239e-02,-2.21807785e-02,1.59154051e-02,-7.03566343e-02,-5.94409622e-02,-7.61476549e-03,-1.50232286e-03,-7.42386303e-03,-3.08923962e-03
-5.04377454e-02,-3.19177709e-02,1.00759491e-02,-6.10144717e-02,-6.58532144e-02,-1.77910097e-02,2.04598074e-02,-6.71348772e-02,-6.31363570e-02,4.04349653e-02,5.26499266e-02,1.22171716e-02,1.07146363e-02
-5.19782549e-02,-2.20796548e-02,-1.88165129e-02,-6.50393124e-02,-5.92355968e-02,-1.33783924e-02,2.69804927e-02,-6.44930717e-02,-6.33474625e-02,6.15270739e-02,9.37002656e-02,1.95786198e-02,3.74216890e-02
-5.47575478e-02,-3.36922897e-02,5.73843256e-03,-4.15139379e-02,-4.23308929e-02,6.89811259e-03,2.50495894e-02,-8.03361966e-02,-8.05434576e-02,8.54696603e-02,1.04882917e-01,3.58873466e-02,3.70827631e-02
-3.26315419e-02,-3.79572570e-02,1.57539427e-02,-1.59797536e-02,-5.71144573e-02,4.26017483e-02,4.60606210e-02,-7.04810692e-02,-5.68265097e-02,1.04104669e-01,1.13616161e-01,1.88954083e-02,3.36956606e-02
-8.81580222e-03,-2.50589912e-02,1.26208448e-03,-2.25254147e-02,-4.97726448e-02,3.02845134e-02,2.26434330e-02,-8.68528370e-02,-1.79857048e-02,1.14381390e-01,1.20644053e-01,2.23029867e-02,3.10064318e-02
-1.02176822e-02,-3.29199752e-02,-1.43827787e-02,-2.06830677e-02,-3.79899915e-02,4.32567296e-02,3.16181386e-03,-7.93428324e-02,4.32535376e-03,8.45050398e-02,9.43705305e-02,2.70983101e-02,3.49921827e-02
2.24233537e-03,-1.25619115e-02,-3.41168159e-02,-1.07131358e-02,-4.39758211e-02,-5.05691072e-03,-1.33636240e-02,-3.86075509e-02,2.83339579e-02,6.33643991e-02,7.88114655e-02,8.95224658e-03,1.73891655e-02
2.43862214e-02,4.61496240e-03,-5.13992934e-02,2.23791885e-02,-3.52620486e-02,-2.02268746e-02,-1.91028323e-02,-1.17116364e-02,1.95900542e-02,1.17744760e-02,3.22612846e-02,-2.19191517e-03,3.25087691e-03
2.15595958e-02,3.32622284e-02,-2.07712251e-02,2.71580065e-02,-5.78579328e-02,-5.13648715e-02,-3.72434574e-02,-2.32552799e-03,2.21157056e-02,-1.77052205e-02,-1.00697509e-02,-1.96572103e-02,1.13592580e-03
2.22863998e-02,4.72165751e-02,-2.54975111e-03,3.57168947e-02,-3.05250845e-02,-5.43557244e-02,-2.61959021e-02,9.29175862e-03,2.41394935e-02,-9.22211872e-03,-1.53742093e-02,-9.72020844e-03,-2.00266023e-02
2.39478593e-02,3.65562991e-02,-1.03013983e-02,3.06147752e-02,-5.42022266e-03,-3.32529070e-02,-1.28631486e-02,3.90443426e-02,1.93665137e-02,-1.32914019e-02,-2.47594093e-02,-1.13044193e-02,-2.20510840e-02
-1.32976970e-02,3.01725169e-02,-1.40813226e-02,2.79865564e-02,-2.10305035e-04,-4.49269343e-02,-1.34157373e-02,4.83044640e-02,1.76992920e-02,-1.66821962e-02,-3.57091203e-02,5.12863541e-03,-2.82642332e-02
-2.66509148e-02,5.61992880e-03,-3.15096572e-02,1.78320428e-02,-1.59843378e-02,-4.16251658e-02,-2.39839112e-02,3.82488965e-02,1.73671693e-02,-2.57798958e-02,-4.94500488e-02,-2.07044674e-02,-1.62393230e-02
-2.66680353e-02,-6.85888298e-03,-2.71886089e-02,1.89954778e-02,7.78079746e-04,-3.68300149e-02,-2.12629796e-02,8.80547564e-03,7.97787061e-03,-2.72664382e-02,-4.72023353e-02,-1.23923646e-02,-1.60536824e-02
-1.34109513e-02,-1.00662265e-02,-9.39575339e-03,1.27396161e-02,1.72635071e-03,-7.07596373e-03,-7.77890769e-03,2.68972488e-02,3.30767490e-02,-2.46406643e-02,-4.36910406e-02,-1.86293253e-02,-2.03353245e-03
-3.99631518e-03,-1.69017625e-02,-8.77847683e-03,2.79782075e-03,1.97516886e-04,-6.22982026e-03,1.45180101e-02,4.11032338e-02,3.50194724e-02,-2.27926509e-02,-4.70703242e-02,-2.25768077e-02,1.55409415e-02
-1.83815246e-02,-3.34777680e-02,-2.08899256e-02,-1.73139764e-02,-2.09457009e-02,-2.27142334e-02,-1.24278217e-02,1.77630992e-02,1.34410039e-02,-3.72444524e-02,-4.30062237e-02,-2.90801197e-02,3.07705240e-02
-4.25092730e-02,-4.11378225e-02,-2.58151143e-02,-3.56749263e-02,-5.03527982e-02,-5.89011455e-02,-4.55715293e-02,5.71851216e-03,-1.36070802e-02,-5.67791554e-02,-3.52905533e-02,-4.38661915e-02,2.86419154e-02
-2.15418705e-02,-6.60982925e-03,4.96327446e-03,-1.90027805e-02,-2.32929052e-02,-4.69936154e-02,-3.88599540e-02,5.39115897e-03,-1.48224130e-02,-4.59264447e-02,-2.01395168e-02,-4.23536485e-02,3.20688294e-02
-1.26236126e-02,1.00498067e-02,4.65386362e-02,-1.66174732e-02,7.76777506e-03,9.88855974e-03,-4.57818959e-03,4.55163479e-02,1.70280044e-02,-2.44576614e-02,1.77712088e-03,-3.05904396e-02,2.68824749e-02
-1.82231545e-02,3.97743724e-02,5.17988173e-02,-2.09102109e-02,4.04105971e-02,8.93993546e-03,7.99225546e-03,6.70869346e-02,5.35910605e-02,-1.54647797e-02,1.22430926e-02,-7.90888311e-03,1.42276958e-02
-5.95045481e-03,3.58921706e-02,2.02228147e-02,-5.88723191e-02,4.64083728e-02,7.80581639e-05,-6.04897562e-03,4.33287762e-02,3.33761601e-02,-1.69307372e-02,2.61199629e-02,3.64546102e-03,2.21175298e-03
1.75548865e-02,3.50292551e-02,-1.46019692e-02,-7.15670253e-02,8.33477033e-02,-1.56971168e-02,-1.19547957e-02,1.16633605e-02,-1.93077866e-03,-6.18899812e-03,4.09348199e-02,2.70260504e-02,-2.60603537e-02
4.72533567e-02,5.04321808e-02,2.44159815e-04,-8.15157923e-02,7.22829733e-02,-1.03123749e-02,2.63186011e-02,1.68981123e-02,-1.56504317e-03,5.69971172e-03,5.14037363e-02,3.01434431e-02,-4.04056794e-02
6.13534276e-02,5.32091180e-02,-8.88903453e-03,-6.36588909e-02,7.93574821e-02,1.52459359e-02,6.33561217e-02,3.10227074e-02,1.66020899e-02,2.90063474e-02,3.72003383e-02,3.12182966e-02,-5.11773623e-02
4.48310433e-02,5.51959313e-02,7.71528776e-04,-6.98372001e-02,5.78175160e-02,3.21345365e-02,4.40125353e-02,5.93124049e-03,1.97740159e-02,2.23099865e-02,2.90106726e-02,4.72204863e-02,-5.11616499e-02
-2.58661722e-02,2.37324958e-02,2.14592972e-02,-4.90664688e-02,-1.35874157e-02,-2.79694030e-02,-4.71220620e-03,-2.98032871e-02,-8.89820913e-03,1.35519951e-02,1.14572773e-02,3.52696550e-02,-5.69155510e-02
-6.71406642e-02,-1.78850699e-02,1.60029600e-02,-1.95606717e-02,-6.90704846e-02,-4.24488141e-02,9.35566046e-04,-4.64154129e-02,-1.27533174e-02,2.02056913e-02,-1.08057902e-02,2.31976196e-02,-1.45707501e-02
-1.23095796e-01,-2.84888572e-02,3.82529587e-03,-1.78648861e-03,-1.15034489e-01,-2.16955521e-03,2.16876346e-02,-1.45666148e-03,1.25886033e-02,4.16342261e-03,-2.22714726e-02,3.76775003e-02,3.72780042e-02
-1.36942667e-01,2.37004074e-02,2.88178431e-02,5.82754861e-02,-1.04429691e-01,2.50903675e-02,3.81371847e-02,4.08301625e-02,4.65410153e-02,-1.83002789e-02,-6.78933391e-02,4.12907074e-02,7.28539503e-02
-1.11121846e-01,2.38578704e-02,5.22705896e-03,6.42308432e-02,-1.03905357e-01,5.24083964e-02,4.78705829e-02,3.38051068e-02,1.69216454e-02,-3.12583035e-02,-8.24081850e-02,5.22923754e-02,1.01080973e-01
-9.43390025e-02,-1.89393995e-03,-3.74750059e-02,3.53800770e-02,-8.72491908e-02,3.67111654e-02,2.68265092e-02,1.19603652e-02,-1.15804048e-02,-1.23946665e-02,-8.51828422e-02,4.66954978e-02,1.05159524e-01
-4.56264226e-02,3.32758212e-02,-4.51575002e-02,-1.08876054e-02,-8.92525007e-02,3.30304404e-02,5.90420166e-02,-1.78042126e-02,-4.46247394e-02,-2.82458613e-02,-7.61864147e-02,3.74084877e-02,1.11459784e-01
1.76966235e-02,4.40754819e-02,-9.02118782e-02,-2.00277865e-02,-2.23330811e-02,6.43640981e-02,4.88423793e-02,-2.60264523e-02,-3.19347671e-02,-2.81997915e-02,-6.21225279e-02,9.08125948e-03,6.80270306e-02
9.34835618e-02,9.84542753e-02,-8.41501482e-02,-2.20643218e-02,5.02067363e-02,9.85506188e-02,4.75046870e-02,-4.80790108e-02,-2.76402567e-02,-4.47508715e-02,-5.40364922e-02,2.51011167e-03,1.37438510e-02
1.21158480e-01,9.46664820e-02,-6.34662503e-02,-9.31331428e-03,7.63778606e-02,5.47564309e-02,-1.85687297e-03,-8.28917166e-02,-5.99109157e-02,-3.54716547e-02,-3.82755674e-02,5.73916498e-04,-3.14284520e-02
1.00419413e-01,5.78914324e-02,-6.19106694e-02,-1.50299185e-02,6.52316374e-02,9.29888741e-03,3.09438484e-03,-8.25712957e-02,-4.10678474e-02,-3.54730181e-03,-3.30597263e-02,-8.97563113e-03,-5.64425640e-02
5.74042488e-02,2.04785921e-02,-7.78015760e-02,-1.28414146e-02,5.06453311e-02,-1.02616219e-03,-1.98748944e-03,-6.39885642e-02,-2.72004363e-02,-3.00985669e-03,-3.13962896e-02,-5.70526374e-03,-5.39948167e-02
5.41445457e-02,6.78524966e-02,-4.34474263e-02,1.42173266e-02,7.32035300e-02,-1.69448228e-02,-4.17607785e-03,-1.45663478e-02,-1.85575789e-03,-2.51256084e-02,-5.62101187e-02,-6.18635980e-03,-5.46896299e-02
5.27171152e-02,5.64298363e-02,-6.29940620e-03,5.38155875e-02,1.00608083e-01,-1.47905080e-02,-1.56850830e-02,1.18123837e-02,-6.15445260e-03,-2.70348801e-02,-5.91834548e-02,1.12407018e-03,-5.00221717e-02
3.06107574e-02,3.26118088e-02,-1.92004953e-02,2.77265969e-02,9.20869659e-02,-2.10852608e-02,-3.45185343e-02,1.45526600e-02,5.01678816e-03,-8.15438619e-03,-5.72120082e-02,-1.37126818e-03,-1.06545548e-02
6.08130634e-03,2.65612135e-02,-3.33699293e-03,2.77466374e-02,4.51103744e-02,-4.22102105e-02,-4.37943507e-03,3.20050711e-02,-5.25010700e-03,1.69192916e-02,-2.66560253e-02,-2.09147881e-02,2.94973256e-02
-3.54965595e-02,-7.74336706e-03,-6.50336840e-03,8.46598764e-04,4.27841982e-02,-3.79679100e-02,-3.36129537e-02,6.44817758e-03,-5.06780707e-03,1.75428970e-03,-1.39424413e-02,-4.82131458e-02,1.75161503e-02
-8.59162853e-03,-4.41433485e-03,3.33407154e-02,1.84700656e-02,6.27413956e-02,-3.17379083e-03,-3.25543240e-02,-1.45830218e-02,-7.97599318e-03,-4.90302764e-03,1.69929931e-02,-4.07973490e-02,3.30718489e-03
-1.69206325e-02,-3.29996843e-02,5.41845541e-02,4.05775800e-02,4.71678315e-02,-7.40477681e-03,-1.60079564e-02,-4.41121223e-02,-2.42433870e-02,1.46696570e-02,3.96607178e-02,-3.37105414e-02,2.76357705e-03
-6.49903730e-03,-5.29790696e-02,4.38326256e-02,5.07234321e-02,6.09800928e-03,-1.05542924e-02,2.19664614e-02,-4.23844344e-02,-2.78106855e-02,3.79973148e-02,3.41786472e-02,-3.75543344e-02,7.46463135e-03
8.88817385e-03,-6.14873674e-02,3.74623979e-02,4.61715456e-02,-3.38886610e-02,5.15275231e-03,5.77920016e-02,-6.87832908e-02,-4.11512001e-02,5.41314152e-02,3.83928968e-02,-3.32532941e-02,-7.24040228e-03
1.03286697e-03,-3.82472298e-02,2.23118644e-02,3.60528218e-02,-4.04792690e-02,-3.72340280e-02,6.26208909e-02,-2.07252061e-02,-3.33442620e-02,1.76885465e-02,1.99400842e-02,-2.07883308e-02,-1.00123688e-02
-1.50733152e-03,-3.09214472e-02,2.15021925e-02,2.87999266e-02,-4.71107673e-02,-2.49802562e-02,6.85609015e-02,-6.33718524e-03,-3.69160922e-02,1.31273135e-02,9.29777619e-03,-1.27829452e-02,-1.68255897e-02
-1.92774909e-02,-4.27200057e-02,-8.58146632e-02,-3.38359334e-02,-5.65201567e-02,-2.40678111e-02,7.51283274e-02,1.11782932e-02,-2.69618775e-02,2.48929155e-02,2.48822268e-02,-1.82811272e-02,2.67881203e-02
6.72846697e-03,-1.06153818e-02,-8.41371427e-02,-2.34330899e-02,-6.26414000e-02,-1.73040302e-02,9.12414101e-02,4.33421861e-02,-2.17585390e-02,2.24648293e-02,2.92866860e-02,-4.30626882e-02,3.07546028e-02
4.07839971e-04,-5.99575252e-03,-9.25599228e-02,-3.90439692e-02,-5.50368524e-02,-2.35543229e-02,5.77997659e-02,2.12940279e-02,-1.24208981e-02,-5.42614562e-03,8.43184612e-03,-3.96632034e-02,3.65501367e-03
1.70856208e-02,-1.55924084e-02,-8.43371896e-02,-4.76034862e-02,-5.64518451e-02,1.96711842e-02,1.90552571e-02,-1.08775129e-02,-9.27138546e-03,-1.80267428e-02,1.10119912e-02,-1.30185605e-02,-4.45189414e-03
-1.73213117e-02,-3.60589916e-02,-3.81700286e-02,-2.91540944e-02,-8.35915114e-02,1.88126774e-02,2.81037294e-02,-2.95074334e-02,9.57444328e-03,3.24196009e-03,-4.83627744e-04,-1.35915210e-02,1.73058628e-02
-2.18614436e-02,-7.01952495e-02,1.85604044e-02,-2.15607348e-02,-9.55273798e-02,4.94032388e-02,2.54919921e-02,-3.77619345e-02,7.97860245e-03,7.24832448e-02,1.53804405e-02,2.12351812e-03,1.71005049e-02
-4.73346074e-03,-6.06572134e-02,8.32164389e-02,-2.76817590e-02,-7.51497660e-02,8.36672380e-02,-7.92092322e-03,-7.76661259e-02,-3.48780874e-03,1.12231230e-01,5.52992550e-02,2.00157456e-02,-8.03554851e-03
-6.85928784e-03,-5.75931383e-02,1.22278260e-01,-2.50124250e-02,-7.88978294e-02,5.91372252e-02,-4.08542099e-02,-4.78456114e-02,4.23571539e-03,1.26365071e-01,6.53454164e-02,3.88532836e-02,-6.27523735e-03
-1.09114119e-04,-6.14649329e-02,1.36400647e-01,-2.62823536e-02,-7.14297857e-02,5.80811792e-02,-4.18846450e-02,-4.48748507e-02,-4.56166317e-03,1.31732896e-01,5.57983194e-02,5.64425021e-02,1.14861173e-03
-5.50923022e-02,-8.58824525e-02,7.84122628e-02,-6.38092640e-02,-8.37293551e-02,1.42273644e-02,-5.53082806e-02,-3.57207209e-02,-9.52457681e-03,1.73609431e-01,9.95387792e-02,4.97478421e-02,2.42311001e-02
-4.51045408e-02,-5.51959940e-02,6.02900263e-02,-7.51116586e-02,-5.26458471e-02,7.81829732e-03,-7.05101748e-02,-3.70728902e-02,-5.61952173e-03,1.32479916e-01,1.04406497e-01,2.64475846e-02,1.08630630e-02
-1.53833563e-03,7.82974036e-03,5.02486831e-02,-7.12740569e-02,-3.44805229e-02,-1.61086853e-02,-6.04272418e-02,-2.36093500e-02,5.83210034e-03,8.60935936e-02,8.32830722e-02,2.30087202e-02,-4.09808036e-03
4.51020680e-03,3.88841685e-02,5.42441542e-03,-6.97118070e-02,-3.11090218e-02,-3.29691260e-02,-7.39359616e-02,-4.28760087e-02,2.63684885e-02,3.56493627e-02,4.81079471e-02,9.80477698e-03,-1.72243973e-02
-1.43810352e-02,5.01402078e-02,-5.08210886e-02,-7.15500407e-02,-4.93734120e-02,-5.65613346e-02,-3.95252832e-02,-5.00705292e-02,2.26643509e-02,-1.84823552e-02,-6.49789914e-03,-7.89897389e-03,1.15773184e-02
-4.24364610e-02,5.24029560e-02,-6.03399941e-02,-6.69789301e-02,-4.53924813e-02,-6.38513868e-02,-1.82227914e-02,-3.21229921e-02,2.22656268e-02,-3.18992463e-02,-2.27588352e-02,-1.17295779e-03,1.46321186e-02
-1.56514075e-02,9.60607142e-02,-1.82517429e-02,-4.02111496e-02,1.72086154e-03,-8.89066022e-03,-8.17819898e-03,-6.53275546e-03,8.07253413e-03,-3.27869796e-02,-1.40682549e-02,-1.97333761e-02,-2.10261753e-03
-4.14593816e-03,5.60932244e-02,-1.94662267e-02,-3.47679961e-02,-5.25682203e-03,-1.01782571e-03,1.78067315e-03,4.29873404e-02,1.23679941e-02,-1.66262382e-02,-2.98748852e-03,-2.06543378e-03,1.25901411e-02
1.62906830e-02,1.95653954e-02,3.41508621e-03,-2.36876072e-02,-1.68619211e-02,-2.22197576e-02,1.69228933e-02,1.03332861e-01,1.15309383e-02,-3.95713180e-02,-1.46711237e-02,3.34544901e-02,3.68356071e-02
-9.70865925e-03,-2.40774808e-02,-2.34186888e-03,-3.59831315e-02,-1.61241882e-02,-2.08581372e-02,-5.17357782e-04,1.19743942e-01,1.63745009e-02,-1.34424130e-02,2.61833613e-02,5.01936521e-02,4.86841999e-02
3.27913078e-02,-1.87142887e-02,-2.29270823e-02,-3.24382517e-02,1.81316193e-02,-7.88052768e-03,-2.05646844e-02,9.63806828e-02,3.45831470e-03,-3.62091058e-02,4.10158055e-02,2.59180683e-02,3.21184200e-02
5.30899499e-02,-1.23624947e-02,-9.01426497e-03,-3.88369061e-02,2.47856708e-02,-1.46283383e-02,-3.13179285e-02,7.76589048e-02,1.50605115e-02,-4.69725373e-02,1.54719477e-02,3.86721944e-03,2.53697687e-02
6.12867003e-02,-1.11579903e-02,-1.07342768e-03,-2.26500728e-02,4.70934507e-02,-2.39058330e-02,-4.04953427e-02,5.90168210e-02,3.95634140e-02,-4.81333377e-02,1.26366712e-02,-4.86384655e-04,1.88190675e-02
4.73766932e-02,-2.09417720e-02,-2.04699600e-02,-3.04307244e-02,3.87640547e-02,-3.30534066e-02,-4.26069551e-02,2.04217028e-02,3.21545737e-02,-5.21490902e-02,4.37813496e-03,-2.63844388e-02,4.24205446e-03
1.63417045e-02,-2.21376408e-02,-1.91285252e-02,-2.18702968e-02,1.61637036e-02,-8.73931584e-02,-3.32115484e-02,1.23871193e-02,3.76823979e-02,-6.64584925e-02,-3.60437908e-02,-3.57500953e-02,1.20700595e-02
4.82076034e-02,3.36500175e-03,8.34108051e-03,-1.55089077e-02,3.38320957e-02,-3.32735709e-02,-2.42557527e-02,9.51161048e-03,2.60752775e-02,-5.20290731e-02,-5.63367190e-02,-5.20659688e-02,1.25062755e-02
5.65896490e-02,-1.93199119e-02,-5.41177533e-04,-1.64359952e-03,4.73044657e-02,-1.36584992e-02,-8.07455969e-03,2.46838678e-02,1.51255732e-02,-2.70339840e-02,-5.81035841e-02,-1.83776407e-02,2.64689425e-02
5.22026126e-02,1.82362338e-02,5.89176409e-02,1.97700555e-02,1.52275975e-02,-4.61324170e-02,-1.69253342e-02,7.23183420e-02,3.73520433e-02,-3.77326585e-02,-7.94481412e-02,-1.56489086e-02,4.28668462e-02
1.99099716e-02,-2.42139087e-02,1.06015545e-02,7.56533842e-03,2.86155212e-02,-4.21842246e-02,-4.83516943e-03,7.28611497e-02,3.85511449e-02,-8.36998132e-03,-4.48525794e-02,1.11089748e-02,5.52649718e-02
1.08155986e-02,-3.40807406e-02,-2.65154682e-02,2.20498952e-04,2.80382904e-02,-2.56661722e-02,1.67986566e-02,4.57603771e-02,1.05342457e-02,4.26555565e-03,-2.20998129e-02,9.87207994e-03,3.52980179e-02
-2.70756387e-02,-4.54646075e-02,-4.39999610e-02,-9.21069503e-03,9.83630723e-04,-4.74797852e-02,-9.03720296e-03,5.20318870e-03,1.09930415e-02,5.94309019e-03,-4.68104317e-02,-7.69287846e-03,1.61212465e-02
-3.20608148e-02,-2.64179653e-02,-3.83456370e-02,3.49841026e-03,2.49190397e-02,-2.71501605e-03,8.47840248e-03,-1.36820654e-02,2.89911889e-02,3.37884559e-02,-4.85053479e-03,3.83908845e-02,2.63762716e-02
-3.97641285e-02,-1.19954982e-02,-3.06300548e-02,2.77771848e-02,1.89863028e-02,1.01868199e-02,1.14351676e-02,-4.75061385e-02,1.60805033e-02,3.41734929e-02,-6.50205693e-03,1.36116184e-02,1.13681901e-02
-8.14537825e-02,-3.04410620e-02,-9.16608899e-03,5.06352607e-02,-1.49119703e-02,-1.42640320e-02,5.40160440e-02,-6.21425553e-02,6.56136671e-03,2.70511729e-02,1.56783152e-02,1.54333424e-02,-3.01142996e-03
-1.02198444e-01,-8.38119181e-02,-1.85183854e-02,4.99496857e-02,-2.11006369e-02,-2.21698906e-02,8.73729554e-02,-5.35350517e-02,-1.77840239e-02,1.69645477e-02,3.55742835e-02,6.33261546e-02,-2.35324935e-03
-6.80551132e-02,-3.94524194e-02,4.02218545e-03,8.89749880e-02,-2.45564088e-02,1.38589044e-02,1.02761093e-01,-2.30319053e-02,-3.62300879e-02,-4.07184974e-02,3.09747283e-02,9.55035092e-02,-1.54100404e-02
-5.63401344e-02,3.43146754e-02,6.03397696e-02,1.22496728e-01,-9.48766125e-02,-1.02930972e-02,8.84669685e-02,1.38167598e-02,-3.90168917e-02,-9.14170370e-02,-6.76149819e-03,8.71388087e-02,9.79425731e-03
-1.14702763e-02,6.34949416e-02,5.30396290e-02,1.43518986e-01,-7.32163991e-02,-8.29266846e-03,9.96025616e-02,4.53467945e-02,-4.35918102e-02,-1.06469908e-01,-2.12568478e-02,7.67588025e-02,3.50704863e-03
-3.22843494e-02,3.00569068e-02,2.89813901e-02,1.19942855e-01,-9.35902460e-02,-1.49814461e-02,8.42331918e-02,5.50684881e-02,-5.28690760e-02,-9.91872053e-02,-2.36170227e-02,8.17058146e-02,-2.97825925e-03
-3.58318646e-02,3.97086657e-02,9.26032472e-03,8.65691138e-02,-1.09213579e-01,-2.50911644e-02,6.11394939e-02,5.47862452e-02,-5.73382946e-02,-1.05653499e-01,-3.69686198e-02,3.70179292e-02,-2.63506804e-02
1.21077218e-04,5.52100444e-02,-2.35215192e-04,7.22820596e-02,-5.29289476e-02,1.81920964e-02,3.50185813e-02,4.83843722e-02,-2.88470465e-02,-5.89255435e-02,1.52540272e-02,1.71063346e-02,-4.93056722e-02
6.16562089e-02,4.28173888e-02,-2.82325749e-02,5.74582649e-02,-1.38078811e-02,3.82096557e-02,6.06713943e-03,2.93297757e-02,-1.96594423e-02,-2.73401593e-02,6.46788328e-03,-3.58294310e-02,-6.46802826e-02
1.03981098e-01,2.21302673e-02,-3.89034983e-02,7.34375660e-02,4.41880475e-02,7.57435592e-02,-1.37272822e-02,-1.28548483e-02,-5.37625150e-03,-1.45312567e-02,4.88726053e-02,-3.41066948e-02,-8.91806618e-02
6.08071112e-02,-7.05372604e-02,-8.81196400e-02,2.58791577e-02,7.36718350e-02,8.01465891e-02,-3.62475252e-03,-3.08214674e-03,1.77288961e-02,2.01862232e-02,8.77728100e-02,-2.79078596e-02,-9.78718163e-02
2.11383373e-02,-8.99768132e-02,-9.62575446e-02,2.20986685e-02,1.09299022e-01,1.10372807e-01,9.29922328e-04,8.84054886e-03,3.86800161e-02,-8.21898358e-03,8.27605176e-02,-2.43193658e-02,-1.29996944e-01
-1.06974840e-02,-1.05537209e-01,-9.20490925e-02,1.02448023e-02,8.29247659e-02,1.07194620e-01,6.84257253e-03,1.71736816e-02,4.22727082e-02,-1.94639189e-02,8.09685040e-02,-7.61177149e-03,-1.10559125e-01
-7.36967602e-03,-9.50532370e-02,-5.48706686e-02,-5.08095996e-04,8.47079486e-02,8.67775446e-02,2.06206042e-02,3.61745808e-02,3.68969637e-02,-2.22799607e-02,4.82264079e-02,4.13588881e-03,-6.84405736e-02
-1.19727048e-02,-8.58066925e-02,-2.22193469e-02,-1.43241549e-02,6.30473436e-02,3.28586024e-02,7.71431798e-03,3.06970473e-02,2.77816354e-02,-3.02882559e-02,1.49373151e-02,8.82162212e-03,-3.16379334e-02
-2.01012372e-02,-3.55798330e-02,-1.35872851e-02,-4.35087606e-02,3.30534059e-02,-1.84144827e-03,3.04134796e-02,1.30892669e-02,-1.10897073e-02,-4.48982444e-02,-3.88895217e-03,-2.06273268e-03,5.51668810e-03
-8.87698157e-03,2.92217718e-02,1.58888249e-02,-4.60505039e-02,2.25515471e-02,-7.07632923e-03,2.30930379e-02,-1.69179743e-02,-1.75412343e-02,-5.48346591e-02,-7.02426352e-03,-3.24536809e-02,-1.07016169e-04
2.40322638e-02,4.35431330e-02,1.38771557e-02,-3.57362383e-02,3.08186585e-02,-1.61848953e-02,2.16517359e-02,-5.25074767e-02,-3.38583846e-02,-3.48853812e-02,-1.97125444e-02,-2.72254554e-02,-1.18800154e-02
1.07786467e-01,9.33959428e-02,3.16482361e-02,1.51375576e-02,2.62251444e-02,1.12059952e-02,1.66328572e-02,-8.41203933e-02,-3.21918897e-02,-5.35022581e-02,-3.76699258e-02,-7.94998397e-04,-3.15146903e-02
9.36986597e-02,1.06013419e-01,7.97573242e-04,1.22563507e-02,-2.75473267e-03,2.53644734e-02,-3.35846774e-03,-7.85134599e-02,3.47571976e-03,-4.12859986e-02,-2.89483952e-02,-9.32094977e-03,-3.25740316e-02
2.86619238e-02,8.40228447e-02,-4.53050619e-02,-1.74725006e-04,-1.89639769e-02,4.68979548e-02,9.95116545e-03,-5.67381067e-02,2.57397126e-02,-4.03364851e-02,-2.52581609e-02,-1.97707968e-03,-4.88802661e-02
3.80281513e-04,4.04191697e-02,-7.64608292e-02,1.11166318e-02,-1.05117882e-02,7.26354618e-02,1.94135854e-02,-1.51729622e-02,5.85423007e-02,-7.48800541e-03,-1.08273769e-02,-1.03957311e-03,-4.96314796e-02
-4.38263372e-02,1.97269299e-02,-7.16264515e-02,-2.80154425e-02,-2.59741395e-02,6.23647229e-02,8.84498762e-03,4.14242633e-03,4.13487565e-02,2.03668067e-02,-2.20757756e-02,2.23106531e-02,-2.86492984e-02
-1.69094653e-02,3.33642995e-02,-4.41927988e-02,-2.72151315e-02,-7.50308694e-03,4.71091535e-02,-1.61090259e-02,4.50779121e-03,2.76812551e-02,3.27402468e-02,-4.28484846e-02,-2.54832537e-03,-6.45667260e-03
-1.66943576e-02,6.02626534e-02,-3.83638832e-02,-3.26535110e-02,-5.28909216e-03,2.50065491e-02,-8.90841158e-03,-3.20773441e-03,-1.49921354e-02,2.55522194e-02,-4.41505146e-02,-3.55244978e-03,3.78149978e-02
-3.49671231e-02,8.70967388e-02,5.19390307e-03,-5.36951870e-02,-2.10191073e-02,1.00769094e-02,-2.94456959e-02,-2.42055867e-02,-4.82749763e-02,3.00533508e-02,-8.49968578e-02,-4.64261883e-02,8.38388608e-02
-2.97097759e-02,8.21895570e-02,4.67129022e-02,-6.02301618e-02,3.39316063e-02,3.85589740e-02,-4.94092980e-02,-5.41400402e-02,-4.61501197e-02,7.98405836e-02,-1.00154507e-01,-6.15364116e-02,8.60547037e-02
2.10430020e-03,4.87291868e-02,6.62692284e-02,-5.87810999e-02,2.44295860e-02,1.45937789e-02,-8.30921488e-02,-6.68114239e-02,-4.53567670e-02,1.05899645e-01,-1.14641714e-01,-6.45579781e-02,7.93209402e-02
-2.39475021e-02,1.16624805e-02,6.42112325e-02,-6.66788399e-02,1.87886751e-02,2.79685478e-03,-8.42588956e-02,-6.96762443e-02,-6.41074876e-03,1.23258422e-01,-8.14810926e-02,-5.56616641e-02,7.37099089e-02
-6.37674376e-02,-4.28989536e-02,4.00203622e-02,-6.63868991e-02,8.66612591e-03,5.21204808e-03,-6.16174714e-02,-5.71765334e-02,2.27454405e-02,1.21061180e-01,-5.62729121e-02,-6.64119816e-02,2.86467752e-02
-5.89299242e-02,-1.03784454e-01,2.76912841e-02,-5.07856106e-02,-7.01248839e-03,-6.93153754e-03,-4.06159070e-02,-4.55930704e-02,6.03225320e-02,1.16099624e-01,-2.40201960e-02,-3.01829262e-02,4.06777518e-03
-6.90558022e-02,-1.19093066e-01,2.00361976e-02,-5.14820452e-02,1.43509254e-02,1.23503754e-02,-2.21392434e-02,-5.34422978e-02,3.40197721e-02,8.35243973e-02,-6.60987960e-03,-1.34783165e-02,-3.59681229e-02
-7.07314710e-03,-8.78932996e-02,2.07250941e-02,-4.89154840e-02,1.07657271e-03,-5.76382340e-04,-2.83154517e-02,-3.50195627e-02,2.50196139e-02,6.92725629e-02,1.22765994e-02,-9.39728222e-03,-6.13427151e-02
4.35206915e-02,-3.55884118e-02,2.83119301e-02,-2.07904009e-02,-4.50123520e-03,-1.95579603e-02,1.53270378e-02,-1.18024619e-02,1.28623852e-02,3.07564384e-02,3.69189376e-02,-5.61578778e-03,-5.84890922e-02
5.57370324e-02,-5.17171226e-03,4.55039501e-02,-5.25747726e-03,-3.30923176e-02,-4.22140434e-02,2.72866302e-02,-1.02827066e-02,-2.90747891e-02,-7.67604897e-03,3.21355898e-02,-2.43683785e-02,-2.39280031e-02
7.91330072e-02,1.66169954e-02,5.05324296e-02,-1.68434156e-02,-2.18992166e-02,2.85742877e-03,5.02083082e-02,-2.21856306e-02,-1.85550805e-02,3.23052319e-03,2.78990030e-02,-4.55495616e-02,-1.29004875e-02
8.23042197e-02,-1.87120145e-02,2.24169834e-02,3.30112233e-03,-3.49527515e-02,1.07435569e-05,5.92097006e-02,-1.83327000e-02,-6.51063705e-03,1.03913627e-02,2.69853571e-02,-4.55075342e-02,-1.25215086e-02
4.59678440e-02,-5.39402761e-02,-6.40697401e-03,-8.78489562e-03,-5.25669384e-02,-2.07242367e-02,7.23628678e-02,-1.29059402e-02,2.26663399e-02,3.23008912e-02,5.57806999e-02,-2.27518567e-02,3.12594779e-02
4.11054280e-03,-7.22369323e-02,-3.78443815e-02,7.21278995e-03,-7.46259557e-02,-1.10243692e-02,6.82614825e-02,-9.08883665e-03,2.98740596e-02,3.50606853e-02,5.57025605e-02,-4.47958718e-02,1.50932190e-02
1.69422800e-02,-5.52617524e-02,-2.94903278e-02,1.62946761e-02,-9.39982885e-02,-2.27909218e-02,3.82022148e-02,-1.65692240e-02,4.09374051e-02,1.90849260e-02,4.15454612e-02,-2.20434484e-02,8.47778751e-03
9.29819532e-03,-2.34030030e-02,2.10384706e-03,3.68171451e-02,-5.52464592e-02,9.79515076e-03,-1.08994103e-02,-4.93781145e-02,-1.61339074e-02,-2.33781094e-02,3.42249582e-02,-2.82657942e-02,-9.62199340e-03
8.81300736e-03,3.93237499e-02,2.66270430e-02,5.69864267e-02,-4.73450228e-02,2.85151343e-02,-5.10323543e-02,-5.30261342e-02,-4.01272045e-02,-3.42964116e-02,3.87986513e-02,1.22215067e-03,-1.13191965e-02
2.50765769e-02,9.52022983e-02,3.70986427e-02,5.99033426e-02,-3.79747110e-02,1.26580374e-02,-5.69310123e-02,-4.18876651e-02,-4.72113049e-02,-5.39116893e-02,3.77975093e-02,1.22548531e-02,-1.18428294e-02
3.19633667e-02,9.80754492e-02,3.79440966e-02,7.98471486e-02,-3.68895013e-02,1.18972162e-02,-6.73737872e-02,-7.39928667e-03,-6.66975066e-02,-6.42011246e-02,5.41954741e-02,1.96018088e-02,1.09140999e-02
-3.47239165e-03,5.41540813e-02,3.64548132e-02,7.26322911e-02,1.29426438e-02,2.69414007e-02,-7.27400995e-02,1.40398507e-02,-8.30142586e-02,-5.84464600e-02,4.54885808e-02,8.45247909e-03,2.68112958e-02
-1.80970634e-02,2.79248157e-02,2.04087306e-02,6.67351007e-02,3.04807358e-02,3.27094014e-02,-6.16181006e-02,3.45878157e-02,-4.54879514e-02,-3.29454798e-02,4.02431948e-02,3.25768892e-02,2.41061576e-02
-5.11969669e-02,-2.30410511e-02,-1.69733738e-02,2.54482861e-02,2.67620026e-02,2.70441330e-02,-1.21317886e-02,5.14457669e-02,-1.45900886e-02,-1.14571380e-03,3.55326801e-02,5.54562493e-02,2.83239572e-02
-1.00160472e-01,-8.01564742e-02,-7.07619278e-02,-6.39211579e-04,5.02690660e-04,4.54169896e-02,3.62977341e-02,6.74845120e-02,3.50178333e-02,4.24150001e-02,4.15118269e-02,7.68659819e-02,1.71164716e-02
-8.48760983e-02,-9.74347060e-02,-9.08484472e-02,-2.73509610e-02,-1.45499037e-03,5.10953040e-02,6.84431243e-02,7.73761800e-02,9.14463437e-02,8.07842505e-02,3.14778419e-02,9.12725967e-02,2.87646949e-02
-4.73658133e-02,-3.71031927e-02,-3.69028719e-02,-4.17114089e-02,2.36806947e-02,4.47103897e-02,4.25134707e-02,3.56341673e-02,8.38831817e-02,8.78331101e-02,1.05728314e-02,2.45261552e-02,8.97940176e-03
-2.01001272e-02,1.07353569e-02,-2.13959566e-02,-5.33611144e-02,1.40931938e-02,3.00838599e-02,3.31894689e-02,1.44994131e-03,6.72353610e-02,7.69333994e-02,-2.08895570e-02,-1.97109601e-03,-1.31758985e-03
3.93400544e-02,8.57645318e-02,1.41100606e-02,-6.00897994e-02,8.90911436e-03,-5.46422686e-03,2.25246922e-03,-2.68825583e-02,6.62078810e-02,6.51000668e-02,-3.42268289e-02,-9.28235872e-03,1.15584534e-03
8.35630314e-02,8.87055774e-02,8.44463088e-03,-3.95691550e-02,-1.59241378e-03,-4.88312346e-03,8.37541528e-03,-1.17249862e-02,5.03020693e-02,1.67284881e-02,-4.97883932e-02,-1.30223411e-02,-7.23294077e-03
3.73517725e-02,7.73217017e-02,2.23321111e-02,-4.06226465e-02,2.97687735e-02,-2.81875702e-02,-3.54209465e-02,-2.77787291e-02,3.05220319e-02,-2.78902937e-02,-4.91071075e-02,-2.92918691e-02,-5.98364146e-03
3.68933537e-02,1.12675370e-01,6.90358867e-02,-2.68461761e-02,5.36396753e-02,-6.20090487e-02,-9.42000809e-02,-2.48547508e-02,-8.49022559e-03,-1.74705434e-02,-4.27520562e-02,-2.72285218e-02,-1.34394525e-02
-3.92079925e-03,5.53113704e-02,7.90297406e-02,-2.83669338e-02,5.70210110e-02,-5.40455788e-02,-8.23237396e-02,-2.43664505e-02,-7.36314504e-02,-7.44457378e-04,-3.65592612e-02,-3.31596646e-02,-1.80415524e-03
-7.11781065e-02,-4.44549237e-02,6.08852616e-02,-3.13242399e-02,3.51180740e-02,-7.37848450e-02,-5.67465272e-02,-1.79708629e-02,-7.63440657e-02,5.40051493e-02,-5.86337797e-03,-1.94595723e-02,-1.82505378e-02
-1.00527426e-01,-1.33790545e-01,2.86821558e-02,-3.12162011e-02,2.04487475e-02,-2.10492329e-02,-1.58729896e-02,5.95499952e-03,-4.81529647e-02,9.47770893e-02,5.02411025e-02,1.75516081e-02,-1.99208574e-02
-1.24669219e-01,-1.16194663e-01,6.16388539e-02,-8.90485050e-03,2.49226151e-02,4.80949246e-03,-2.29175868e-02,-2.99267162e-02,-4.21558748e-02,7.62241642e-02,5.72058253e-02,-7.60679304e-03,-1.24457197e-03
-1.05510673e-01,-1.10960916e-01,2.52195424e-02,-2.84138171e-02,-2.32670773e-02,5.06100505e-03,-2.67094684e-02,-6.51696350e-02,-4.32814976e-02,6.86053274e-02,6.30082234e-02,-1.99152146e-02,-1.51980626e-02
-4.90315798e-02,-6.29014318e-02,3.68078974e-02,4.51926073e-03,-4.31926505e-02,1.22003598e-02,-3.93601109e-02,-7.94820765e-02,-2.03855972e-02,9.12145314e-02,8.09501721e-02,-1.87064686e-02,3.13295721e-03
6.11774653e-03,-4.22097852e-02,1.38268449e-02,5.01648116e-02,-4.30355469e-02,4.86980103e-02,2.85529979e-03,-2.96153046e-02,8.19143928e-03,4.19383876e-02,3.38272987e-02,-3.59730163e-02,1.52868177e-02
2.74102588e-02,3.51160759e-02,9.60492420e-04,4.23333626e-02,-5.89594949e-02,1.83950384e-02,-3.42338737e-02,-3.92907964e-02,5.42541113e-02,-7.46925429e-04,4.19231156e-02,-2.33988879e-02,1.76398268e-02
6.78675044e-02,1.13315636e-01,-1.33432281e-02,3.11716797e-02,-4.58361793e-02,2.26676814e-02,-3.72823523e-02,-3.42948073e-02,3.08678074e-02,-5.90135277e-02,1.52182766e-02,-2.83632832e-02,-1.44346081e-02
6.50725644e-02,1.04520230e-01,1.30046346e-03,4.82220006e-02,-2.15334264e-02,1.41164011e-02,-4.29523265e-02,-2.74137997e-02,7.20609290e-03,-5.49437683e-02,-1.34506954e-02,-3.47668482e-02,-3.40025808e-03
6.42029321e-02,6.41518898e-02,-1.32725810e-02,2.53922711e-02,-1.50792965e-02,-3.17705261e-02,-1.67864636e-02,1.28246408e-02,-2.72439878e-03,-2.92785745e-02,-2.17805836e-02,-1.68613608e-02,-1.35677014e-02
4.10818738e-02,1.53884748e-03,-1.29251358e-03,5.21655730e-02,2.89866309e-02,3.53954598e-03,1.37774981e-02,4.69947060e-02,-1.34477081e-02,-2.83731495e-02,-1.21859190e-02,4.21791270e-03,-2.07382869e-02
1.25347547e-02,-7.98070405e-03,3.02187103e-02,4.71215732e-02,1.54303746e-02,-1.54008641e-02,8.11123407e-03,6.54181381e-02,-2.00272193e-02,-6.34000610e-02,-2.53883818e-02,2.89425133e-03,-4.71304237e-03
2.76605413e-02,-5.87995657e-03,1.75452695e-02,4.15992102e-02,4.13472213e-02,-2.78709541e-02,-1.44310843e-02,4.14644786e-02,-3.19221185e-02,-8.50085134e-02,-1.39668471e-02,2.13818852e-02,4.86813729e-03
3.29560765e-02,-1.22815826e-02,1.38084181e-02,3.11253262e-02,3.65616417e-02,-3.76783848e-02,-2.92262226e-03,2.64296377e-02,-3.71621790e-02,-8.24167858e-02,1.08850379e-02,3.63805626e-02,5.00105476e-03
3.19507726e-02,-1.71002979e-02,2.77945637e-02,3.90411905e-02,2.15299737e-02,-4.91271474e-02,1.76380495e-02,5.92176273e-02,7.45964504e-03,-6.59967390e-02,-2.97753267e-03,2.21569043e-02,3.67331144e-02
-2.10383987e-03,-1.07324792e-02,3.52583273e-02,2.96624337e-02,5.66839600e-03,-5.90562843e-02,8.98843733e-03,5.19866373e-02,2.11245311e-02,-5.80581594e-02,1.02019108e-02,2.65796659e-02,4.41885536e-02
1.05400510e-02,5.14859694e-03,-8.97677208e-04,-9.45547164e-03,8.97590036e-03,-4.82946087e-02,1.03196332e-02,3.31902367e-02,1.80304782e-02,-6.17083635e-02,4.04331409e-03,1.72843934e-02,4.01448512e-02
3.53218307e-02,3.51272900e-02,4.06289970e-03,-2.31836560e-02,1.38849967e-02,-7.66925843e-02,-1.42779952e-02,1.91201580e-02,2.53746204e-02,-3.10086762e-02,-2.20970467e-02,-5.25780722e-03,1.47471695e-02
3.58575000e-02,2.63885745e-02,-5.11705255e-02,-5.81097021e-02,4.42518038e-02,-6.84533837e-02,-6.73928847e-02,1.93020427e-02,8.39994432e-03,-1.20223290e-02,-2.60409302e-02,5.50310703e-03,-1.71805074e-02
1.79911375e-02,1.72456311e-02,-6.04637272e-02,-4.94021080e-02,7.35667416e-02,-3.63793126e-02,-6.09731873e-02,1.16697728e-02,-2.01910580e-02,-2.63041695e-03,-5.76604398e-03,2.92671109e-02,-1.12844449e-02
1.05143489e-02,1.38914353e-03,-4.56294891e-02,-5.89643255e-02,4.46756216e-02,-4.07893764e-02,-5.96223506e-02,3.32734865e-02,-2.19075955e-02,2.01171006e-02,-1.22970517e-02,5.88143238e-03,-4.23029384e-02
1.56794333e-02,1.92679324e-02,-5.72067341e-02,-3.81910181e-02,7.53941145e-02,-9.24280376e-03,-3.37200564e-02,2.30130275e-02,-2.60326053e-02,1.80051860e-02,7.77273718e-03,1.63305448e-02,-4.37048159e-02
1.88584665e-02,2.91429530e-02,-3.82802945e-02,-2.60626431e-02,5.10237281e-02,-5.75766981e-03,-6.95529615e-03,6.96017408e-03,-2.85194919e-02,2.28495381e-02,2.34980830e-02,1.24979633e-02,-3.35639823e-02
1.34671540e-02,3.18617295e-02,6.05796894e-03,2.56328845e-03,2.48661458e-02,-8.92818717e-03,2.72861701e-02,-1.53068041e-02,-3.47520910e-02,2.98626717e-02,5.52087144e-02,2.64502485e-02,-2.82713017e-03
-5.88645664e-02,4.27735898e-03,3.45336494e-02,1.64553207e-02,-1.84745636e-02,1.45290655e-02,7.75564566e-02,-7.94085362e-03,-1.62880110e-02,5.21840487e-02,6.23517995e-02,6.30639581e-03,7.65594369e-03
-6.37756228e-02,2.87283157e-02,4.69529448e-02,2.72776482e-02,-4.55189209e-02,2.63796226e-02,8.33233406e-02,-2.28479455e-02,-5.25009199e-04,5.19230667e-02,5.64403889e-02,1.97612133e-02,3.85630524e-02
-5.94558883e-02,3.73650735e-02,5.68240045e-02,1.34363293e-02,-6.81109334e-02,1.82506260e-02,8.54803055e-02,-3.27927225e-02,-1.24883401e-03,4.07859633e-02,3.36908621e-02,1.14767646e-02,4.74963897e-02
-8.02294869e-02,2.37657667e-03,4.45071438e-02,7.15486084e-05,-2.62390539e-02,4.68711101e-02,3.99150652e-02,-5.04450265e-02,-1.03128310e-02,3.63187115e-02,1.53461325e-02,1.79015958e-02,4.30625456e-02
-1.27544801e-01,-1.77936211e-02,3.05171329e-02,-1.04586589e-02,-1.81482445e-02,5.93206849e-02,1.92293106e-02,-6.39199495e-02,-3.06670987e-02,2.09414580e-02,1.28429384e-02,3.17375241e-02,6.37189440e-02
-8.40730198e-02,-2.90110767e-02,1.96114470e-02,-4.20974539e-02,-2.52123285e-02,4.57670949e-02,-1.11110015e-02,-2.98830735e-02,-4.03439969e-02,1.03108330e-02,-2.64851489e-02,2.73752419e-02,5.80157778e-02
-4.82858087e-02,-1.15070758e-02,1.74382189e-02,-5.32988895e-02,-6.16202714e-03,2.52110879e-02,-3.78481852e-02,-1.87613725e-02,-3.23113034e-02,-3.66357252e-03,-2.95808539e-02,2.54158592e-02,3.72524485e-02
1.60398201e-02,-1.50616280e-02,1.17909750e-02,-6.59470725e-02,-1.08337896e-02,-2.08048122e-02,-6.17450426e-02,-2.42126342e-02,-1.83901582e-02,-2.17857273e-02,-2.87111551e-02,-2.35596832e-03,3.61049800e-02
1.16544506e-02,-3.59776539e-02,-1.97193413e-02,-6.95059062e-02,-1.97369928e-02,-5.09116237e-02,-7.97608602e-02,-5.62586298e-02,-4.70483634e-02,-3.41654219e-02,-5.01744290e-03,1.48830147e-02,5.22336301e-02
-2.31867539e-02,-2.52625545e-02,5.98599815e-03,-3.94851776e-02,-3.10163626e-02,-3.85528190e-02,-5.05587125e-02,-1.05839512e-02,-1.18967116e-02,-5.27922251e-03,-1.05313677e-02,-2.16162176e-02,5.21861993e-02
1.66406003e-04,1.45900020e-02,9.19723022e-03,-1.07539633e-02,-4.01896216e-02,-3.57817299e-02,-6.34341446e-02,2.57641091e-03,-4.24234150e-03,-1.24797904e-02,-1.39555732e-02,-1.03650785e-02,3.89786937e-02
2.55512713e-02,4.24982163e-02,2.56879906e-02,-8.50361346e-03,-6.01160634e-02,-4.40017355e-02,-6.31851468e-02,-5.62326689e-03,-2.56376582e-03,-1.43433709e-02,2.85030140e-03,-3.67482326e-02,-3.11991216e-03
4.26650794e-02,2.42474923e-02,5.97678395e-02,1.12202783e-02,-5.24418850e-02,-4.00054164e-02,-3.95361345e-02,-5.20446857e-03,1.91656904e-02,-9.45519498e-03,8.64764173e-03,-4.22255955e-02,-3.64159620e-03
3.31901732e-03,-3.03024700e-03,5.68312432e-02,4.33767375e-02,-2.49058977e-02,-1.22991664e-02,-2.52927202e-02,-1.38609510e-02,2.14628652e-02,-3.62479646e-03,3.18612323e-02,-2.84873200e-02,-1.66111145e-02
1.88201344e-02,-7.10286106e-03,1.77441860e-02,5.71399562e-02,3.93898277e-03,1.82163156e-02,7.23823547e-03,8.77786725e-03,8.38597486e-03,-1.33778535e-02,1.19648311e-02,-2.91541970e-02,-3.40728794e-02
4.28708069e-02,-5.95953892e-03,-1.16914276e-03,5.64321213e-02,3.76978904e-02,2.34315496e-02,3.32464811e-03,6.03135824e-05,6.85598140e-03,-1.73191616e-02,5.52491573e-03,-1.17477224e-02,-5.84890045e-02
9.39729119e-02,3.65164112e-03,-4.37934236e-03,3.17150211e-02,4.49326373e-02,-1.04973232e-02,2.35631112e-03,-2.15999444e-02,-9.45940860e-04,-1.26974069e-02,2.12697495e-02,-1.54993845e-02,-8.70932689e-02
8.76514528e-02,4.15513911e-03,-4.67413749e-02,9.54243047e-03,4.58671872e-02,-3.17104610e-02,-1.76366215e-02,-3.01064655e-02,1.05550038e-02,-2.59066145e-03,1.72716111e-02,1.44005145e-02,-5.35451762e-02
4.41855895e-02,1.82507427e-02,-5.96346002e-02,-3.35671791e-03,2.08246210e-02,-2.08257854e-02,1.85030247e-02,-8.80651026e-03,2.44858899e-02,-9.88722473e-03,3.01197834e-03,1.39333607e-02,-1.97822826e-02
-4.49340452e-03,7.53527653e-03,-4.75270056e-02,9.42499551e-03,3.70810787e-02,-2.93493034e-02,1.27543739e-02,-9.31363161e-03,6.39195650e-03,-3.64195523e-02,-1.11204417e-02,1.96714714e-02,-2.13416381e-02
-9.86500287e-03,2.97609032e-02,-2.56893653e-02,-4.89001797e-03,8.12095322e-03,-2.32809520e-02,3.66788144e-02,3.18879443e-03,1.20328818e-02,-3.20023601e-02,-8.90710537e-03,1.52757958e-02,-3.21957137e-02
-4.91440483e-03,3.29356756e-02,2.86124121e-02,1.50966287e-02,-3.27508434e-02,-3.76806263e-02,4.16600672e-02,2.54600840e-02,2.09475193e-02,-2.39370115e-02,-3.49503553e-02,1.88850847e-02,3.54032990e-03
1.13189321e-02,5.43030805e-02,6.01644827e-02,4.30289228e-02,-5.00000494e-02,-4.10192863e-02,3.26538842e-02,2.54346198e-02,3.28038454e-02,1.55133071e-02,-5.51326484e-03,3.07300241e-02,6.33027241e-03
1.36710878e-02,3.87998530e-02,4.74065963e-02,6.00381226e-02,-3.69080797e-02,-2.77885395e-02,4.71411308e-02,3.13940971e-02,2.42415853e-02,7.00429418e-03,-2.26949813e-02,1.31669045e-02,1.48623018e-02
1.56055136e-02,2.05590588e-02,1.82840438e-02,5.04773763e-02,2.11128150e-03,1.28584186e-02,5.06894777e-02,2.53023121e-02,1.43895453e-02,-1.74432993e-02,-2.62559619e-02,8.44725279e-03,1.11536676e-02
2.16045082e-02,1.81305107e-02,2.21324465e-02,4.27867452e-02,-6.29093045e-03,2.26343042e-02,2.87839734e-02,-4.25770872e-03,1.69212801e-02,1.76475346e-02,-1.82922049e-02,-1.24520533e-02,-1.14039860e-02
4.11910833e-02,2.96647203e-02,9.76682095e-03,4.93865144e-02,4.90295227e-03,5.11052994e-02,-7.92951322e-03,-2.97386802e-03,1.66714390e-02,3.90175042e-02,-2.63042340e-02,-1.02846047e-02,2.00617866e-02
3.43813712e-02,2.45931583e-02,-3.93185589e-03,3.81429488e-03,-9.71406970e-03,5.83371991e-02,-4.66036355e-03,8.22630033e-04,4.18894339e-02,6.57302278e-02,-2.09721648e-02,-3.46101464e-02,1.24964246e-02
-1.68001462e-02,-1.07961043e-02,4.92509031e-02,-2.80202967e-02,8.67423557e-03,5.92801310e-02,-5.92445929e-03,-2.46462140e-03,1.22101823e-02,5.91680703e-02,-1.03301750e-02,-3.35628647e-02,4.76397525e-03
-4.83693549e-02,-5.93931017e-02,3.51434659e-02,-8.57123360e-02,2.47480168e-02,8.07716568e-02,8.13770624e-03,-4.67906903e-03,-1.71882362e-02,3.75907541e-02,1.35310619e-02,-7.06406635e-03,2.83057802e-03
-5.50518973e-02,-7.24900283e-02,5.72132168e-02,-6.92995702e-02,6.13190481e-02,1.22643257e-01,2.89365086e-02,-5.55439427e-04,-4.26270042e-02,4.84727594e-02,1.63943151e-02,6.26231712e-03,1.47520533e-02
-4.74439864e-02,-7.32134163e-02,3.41634053e-02,-3.39875594e-02,8.83351397e-02,1.18331053e-01,4.06628638e-02,3.88404169e-03,-5.70721410e-02,6.10406073e-02,2.22921530e-02,-3.59151142e-03,-3.86705003e-03
-8.30533337e-02,-1.22898205e-01,-6.09222597e-02,-8.83048908e-02,5.50932808e-02,4.39830635e-02,1.54147076e-02,-5.22756125e-02,-8.99576224e-02,2.21183414e-02,8.55802638e-03,-1.87066734e-02,-1.75139871e-02
-5.28697805e-02,-8.48531292e-02,-7.74842589e-02,-7.44751821e-02,6.26363481e-02,3.29958794e-02,3.32990195e-02,-3.92527358e-02,-8.65528857e-02,-9.49644182e-03,2.70827091e-02,9.14459634e-03,-1.40622448e-02
-3.25231309e-02,-6.58452316e-02,-8.71666162e-02,-4.03521500e-02,2.68063100e-02,-4.20355271e-03,2.51615611e-02,-4.87830336e-02,-5.25828230e-02,-1.37823367e-02,2.14347607e-02,1.86750823e-02,-2.94044370e-02
1.65680666e-02,-3.55360853e-02,-1.00083210e-01,3.38931903e-02,1.48709447e-03,-6.32137799e-03,2.22696006e-02,-4.81698792e-02,-3.79329937e-02,-1.52960975e-02,3.13987674e-02,4.21340836e-02,-8.92945676e-03
3.37538877e-02,-1.91278353e-02,-1.17563063e-01,5.68871148e-02,-3.52812879e-02,-3.53371962e-02,2.35526647e-02,-1.25713506e-02,2.99051166e-02,1.69461561e-02,8.41463136e-03,4.66775459e-02,4.21919419e-03
5.77657549e-02,-2.65552816e-03,-5.60316490e-02,7.60050770e-02,-7.39875456e-02,-5.84386287e-02,1.90176261e-02,1.92661253e-02,3.56313665e-02,1.63680101e-02,-1.55739047e-02,5.71524539e-02,5.15430633e-03
5.29822688e-02,1.20097180e-02,-3.10768941e-02,4.93292224e-02,-6.72142854e-02,-6.21345644e-02,1.91918236e-02,4.79791479e-02,3.13942299e-02,4.49159177e-03,2.40193553e-03,8.19973965e-02,9.27719667e-03
3.77351799e-02,1.24694074e-02,8.87761577e-03,7.18582073e-02,-3.51553794e-02,-3.00870205e-02,1.33464725e-02,7.27289398e-02,3.52123352e-02,2.75490727e-02,4.98703681e-02,7.50346359e-02,2.38915845e-02
3.49784736e-02,1.22566701e-02,2.56943389e-02,9.65868971e-02,3.47182313e-02,4.69356396e-03,1.57546052e-02,9.34411788e-02,3.13451058e-02,2.46938962e-02,4.13484437e-02,5.15544067e-02,1.68556060e-02
-4.29883550e-02,-3.52291351e-02,-2.89912050e-02,3.51177147e-02,2.87528762e-02,-1.97085461e-02,-3.21329418e-02,3.89592624e-02,7.17443533e-03,9.51486696e-03,3.54227767e-02,3.73396465e-04,-7.65521510e-03
-5.88721616e-02,-3.66549701e-03,-2.41705394e-02,1.39637109e-02,3.20350460e-02,-1.45570774e-02,-4.17042267e-02,4.11409784e-02,9.95313646e-03,1.42119814e-02,4.72014713e-02,-1.67457643e-02,-4.93935411e-03
-5.77926541e-02,3.15336599e-03,-7.07350326e-03,-1.56989102e-02,3.24083085e-02,-2.55421318e-02,-8.20555485e-02,1.35015270e-03,9.67090217e-04,1.71389583e-02,3.20496980e-02,-4.05114691e-02,-3.24771867e-02
-2.76439252e-02,3.27938039e-02,1.42067228e-02,2.79528882e-03,5.25006605e-02,1.93682604e-03,-7.18418245e-02,-1.91870472e-02,1.27080717e-02,3.15042990e-02,4.15223787e-02,-4.11900350e-02,-4.41112473e-02
-4.59554632e-02,1.71964291e-02,-2.46393801e-02,-9.97430785e-03,3.69153533e-02,-8.89400158e-03,-6.77848499e-02,-1.24011946e-02,1.23273009e-02,2.92312861e-02,1.55983538e-02,-5.43312609e-02,-4.07877978e-02
-1.32934757e-02,1.55346735e-02,-3.74202015e-02,4.03481409e-03,2.19822913e-02,-1.45726764e-02,-3.99277272e-02,-4.75111470e-03,-2.36735692e-02,3.02347988e-03,1.33856351e-02,-5.58333450e-02,-5.63521256e-02
3.08933602e-02,4.43610635e-02,2.68311329e-03,2.39512019e-03,2.43642016e-02,-1.71600122e-02,-2.48205402e-02,-5.19943068e-04,-2.37830622e-02,-1.24088056e-02,-6.63809188e-03,-3.71518483e-02,-4.92816227e-02
4.15681311e-02,5.82538887e-02,3.94612407e-02,1.04101481e-02,1.93155408e-02,-3.27647240e-02,-3.58911563e-02,1.26816724e-02,3.98504080e-03,-1.31136928e-02,3.47106388e-03,-3.54571754e-02,-2.59374063e-02
5.32270332e-02,5.98482949e-02,4.99661058e-02,1.65190900e-02,5.80053090e-02,-1.80819402e-02,-4.14333491e-02,-6.40876938e-04,1.75130615e-02,-2.88307477e-02,7.78939731e-03,-1.37259944e-02,-1.10924043e-02
1.09098832e-02,1.27885189e-02,3.57961804e-02,1.48755827e-02,6.85612783e-02,-1.75075447e-03,-3.64059576e-04,2.76448525e-02,1.15775224e-02,-1.41296439e-02,3.69303762e-02,-1.26618803e-03,-1.84333753e-02
-4.56770294e-02,1.53833735e-02,4.44853014e-02,3.17247148e-02,4.66340295e-02,3.13459144e-02,4.17434903e-02,4.78253345e-02,-1.00040132e-03,2.98401667e-03,4.33524796e-02,-9.25910769e-03,-4.00758432e-03
-4.85711526e-02,3.59555885e-02,8.09247713e-02,2.61566303e-02,2.45571925e-03,2.27546896e-02,2.68663911e-03,4.99157084e-03,-2.43972385e-02,-8.23516508e-03,2.65240953e-02,8.93601993e-03,7.51510075e-03
-2.89019222e-02,5.71822831e-02,8.52856863e-02,2.53156676e-02,-1.73202684e-02,6.40315791e-02,-6.35656578e-06,-1.37604358e-02,-1.01874268e-02,1.72036662e-03,-1.59147503e-02,2.09622686e-02,1.02658157e-02
-6.34496777e-02,3.85456806e-02,9.60191532e-02,1.96172652e-02,-5.57421334e-02,3.84513575e-02,-4.07935016e-02,-4.23152570e-02,-3.96705442e-02,6.68846710e-03,-3.15513029e-02,3.77561391e-02,2.74074152e-02
-7.80549393e-02,1.24513874e-02,4.92188727e-02,4.13330495e-03,-8.83333297e-02,3.61935365e-02,-3.66408752e-02,-3.65420091e-02,-7.50683527e-02,-1.15810333e-02,-2.40028432e-02,2.59253855e-02,1.88862872e-02
-4.83547553e-02,-1.71884746e-02,2.07803637e-02,-2.30547846e-02,-1.04843489e-01,3.69359856e-02,-5.31685772e-02,-6.28053323e-02,-1.16643201e-01,-4.95635399e-02,-6.14722040e-02,1.86270343e-02,2.76208668e-02
-1.52185318e-03,-2.16199219e-02,5.23616960e-02,-3.02056129e-02,-1.04141245e-01,3.03443352e-02,-6.16659621e-02,-3.97873732e-02,-7.45277130e-02,-6.22548213e-02,-8.02934074e-02,-2.38397121e-03,5.02480022e-02
5.83959558e-02,-3.09891245e-02,3.85232874e-02,-5.29368666e-02,-9.20128819e-02,4.09721797e-03,-9.50934912e-02,-4.78728695e-02,-4.40580056e-02,-7.81571698e-02,-6.66269792e-02,1.42719268e-02,7.79179962e-02
5.41171657e-02,-9.89147982e-02,-2.41126519e-02,-6.48744458e-02,-6.27185776e-02,-1.89210167e-02,-4.05302471e-02,-7.54791519e-03,-2.01415910e-02,-8.38889487e-02,-4.59703024e-02,3.06901271e-03,5.77035623e-02
5.46450592e-02,-1.00786601e-01,-2.53635160e-02,-5.67803451e-02,-3.51275345e-02,9.36304667e-03,4.10964691e-02,3.47479353e-02,-1.35878359e-02,-5.70571075e-02,7.89097698e-03,-8.17299232e-03,6.25507316e-02
4.25486594e-02,-8.27458419e-02,-7.44290654e-04,-3.06509275e-02,-2.19819318e-02,-2.58567679e-02,4.72338223e-02,3.37184155e-02,-2.66353748e-02,-8.71323887e-02,2.47062515e-03,-3.11326928e-02,4.18054775e-02
5.78823252e-02,-4.36352521e-02,-1.27879149e-02,-3.11946727e-02,-2.01418853e-02,-3.22124552e-02,5.86034342e-02,4.59826925e-02,1.04664428e-03,-9.98862524e-02,-2.20885377e-02,-4.30693462e-02,3.46138406e-02
4.29826959e-02,-2.01218169e-02,2.89302913e-02,-2.77099643e-02,-1.32094811e-02,-4.02979215e-02,5.73134787e-02,3.78777249e-02,6.60438355e-03,-6.26764677e-02,2.01269668e-02,2.49604566e-03,4.49921321e-02
2.76750208e-02,-1.14953400e-02,2.13257873e-02,-4.21112721e-02,-4.03342105e-02,-6.70929746e-02,2.43963423e-02,1.36914435e-02,1.93501415e-02,-4.16897267e-02,2.30746696e-02,1.52104345e-02,3.84021853e-02
-4.68638158e-03,-4.44464341e-03,4.67584946e-03,-3.64402286e-02,-2.81710596e-02,-2.66502255e-02,1.87782006e-02,-2.40876255e-02,-1.77457568e-02,-5.48394201e-02,-1.21890375e-02,-9.69509656e-03,5.51116961e-03
-2.00974572e-03,1.00744546e-02,3.06935066e-02,-6.52798136e-03,-4.19909816e-03,1.84816673e-02,6.35133296e-03,-2.11702542e-02,-1.39046565e-02,-3.96607827e-02,-1.54998912e-02,-2.02488291e-02,1.96614402e-02
1.90783131e-02,2.66097026e-02,1.31149895e-02,1.36228832e-03,2.80962727e-03,-3.30884082e-04,-2.39194076e-02,-3.24100106e-02,-9.03833951e-03,-1.84602883e-02,-2.53802619e-02,-9.96318576e-03,1.64900696e-02
-1.20768797e-02,2.55606172e-02,-2.97187064e-02,-4.58346109e-03,-1.41536711e-02,-1.06096913e-02,-1.45537527e-02,-3.57089263e-02,-2.09876811e-02,-1.34021801e-02,-8.05105710e-03,-6.86311541e-03,-1.31079793e-02
-5.77125042e-03,2.28298174e-02,-4.79375906e-02,3.33032126e-03,-2.51720478e-02,-5.34538712e-03,8.51430814e-03,-2.33742370e-02,-1.04582106e-02,3.15025834e-02,2.56161473e-02,1.39714115e-02,-1.00327818e-02
-8.00506253e-04,3.05557089e-02,-3.57696845e-02,2.10885621e-02,-1.73118471e-02,-7.51735845e-03,1.34023088e-02,-2.66378307e-02,-2.99171286e-02,1.79077579e-02,-9.81293534e-03,1.05056656e-02,-2.70100747e-02
-4.26671440e-03,2.36527502e-02,-4.52827665e-02,2.76037156e-02,2.56291464e-03,-5.98393665e-03,1.83558903e-02,-1.45989108e-02,-1.81159517e-02,-1.80998138e-02,-4.99465501e-02,1.36971865e-02,-7.51554639e-03
3.61082951e-03,2.95168850e-02,-6.41221916e-02,3.77345597e-04,3.05904699e-02,2.12705801e-02,5.52393423e-02,1.31354117e-03,-3.36852682e-02,-2.07233986e-02,-2.25582225e-02,2.62294940e-02,-1.00339009e-02
6.81819445e-03,3.15103064e-02,-9.45184521e-02,-4.02664609e-02,-9.93751141e-05,-4.18501225e-02,3.33310233e-02,1.17485936e-02,-1.23120373e-02,-1.42038036e-02,-1.85883810e-02,4.15645255e-02,3.85927852e-02
6.16269622e-03,4.28947053e-02,-8.01756164e-02,-5.15847536e-02,-3.74149422e-03,-3.03317277e-02,4.60744619e-02,1.92201558e-02,-1.35499525e-02,-3.35533234e-02,-2.17125023e-02,6.54103737e-03,2.54948890e-02
3.66017746e-02,4.52427981e-02,-5.25576269e-02,-4.26770362e-02,3.17581054e-02,1.19204802e-03,2.68052004e-02,1.86457421e-02,4.18371874e-04,-1.02319674e-02,-1.58826853e-02,-5.20697211e-03,4.13754721e-02
4.27027037e-02,4.29470208e-02,-2.55930588e-02,-1.22177275e-02,4.91322892e-02,2.21440499e-02,3.08388913e-02,7.38167409e-03,1.05522886e-02,-4.96310858e-03,-3.12691927e-02,-2.29407375e-02,5.00374314e-02
3.17150319e-02,5.93277421e-02,-6.90043476e-03,-1.43036138e-02,6.31088525e-02,2.69898516e-02,3.16084900e-02,1.59815140e-03,4.03240637e-03,-3.32345381e-04,-4.89652784e-03,-3.31968213e-02,3.87298334e-02
-4.34555013e-03,3.63664276e-03,3.13318466e-03,-1.26334463e-02,3.51628803e-02,-1.43262553e-02,2.69640041e-02,-1.57775895e-02,3.26128364e-03,4.77549632e-03,-4.73132003e-04,-5.21812701e-02,1.36280894e-02
2.08143149e-02,-5.58164050e-04,7.13137295e-02,2.66955710e-02,2.89002123e-02,-5.00047263e-03,1.21705055e-02,1.74746633e-02,1.97412064e-02,-1.56162642e-05,1.30721948e-02,-2.17626718e-02,-4.47529236e-03
9.78838472e-03,-3.32215597e-02,1.04417139e-01,7.70089925e-02,6.42120394e-02,3.32034765e-02,1.78330631e-02,5.08686428e-02,4.07844572e-02,-3.64264219e-02,-2.96026302e-02,5.02669398e-03,-7.75932998e-03
1.07527700e-02,-4.34571941e-02,1.06001387e-01,1.08400006e-01,8.38798665e-02,5.48931601e-02,1.85462281e-02,7.96215771e-02,1.79803186e-02,-5.52030448e-02,-3.51688292e-02,3.31679260e-02,-3.33700786e-02
-2.27237064e-02,-3.95066939e-02,6.46552620e-02,1.11644607e-01,9.00148197e-02,2.56478298e-02,3.76617175e-02,1.20906102e-01,3.79143279e-02,-7.08578907e-02,-4.49746625e-02,5.95399688e-02,-2.18837605e-02
-4.33975841e-02,-1.54192782e-02,2.18484816e-02,9.71118205e-02,8.63634920e-02,-1.51353672e-02,4.54342275e-02,1.71669054e-01,4.56207873e-02,-7.12426283e-02,-4.64721853e-02,3.10580730e-02,-3.15595927e-02
-4.01968643e-02,-2.99814704e-02,-4.39572131e-02,6.78824074e-02,1.03176623e-01,-2.89529188e-02,2.85090737e-02,1.96180811e-01,5.20345015e-02,-1.70974663e-02,-4.40868692e-02,1.70708141e-03,-5.19098106e-02
-3.66640402e-02,-2.62895117e-02,-5.80625732e-02,7.42656416e-02,8.35977286e-02,-1.29406832e-02,2.47853740e-02,1.93217762e-01,5.33726415e-02,9.89642542e-03,-5.71050945e-02,-1.84926443e-02,-5.34786120e-02
-3.10393119e-02,-1.19741754e-02,-6.92097669e-02,8.57927196e-02,9.46499637e-02,3.66114682e-02,6.98315970e-02,1.85467759e-01,6.77292052e-02,1.53156839e-02,-1.02938964e-01,-4.85965064e-02,-6.95205841e-02
-2.57677457e-02,-3.86113228e-02,-1.10805988e-01,4.70027225e-02,4.14240609e-02,-8.90258844e-03,6.69787791e-02,1.00659764e-01,8.47654918e-02,4.83737758e-02,-1.01733478e-01,-8.03655797e-02,-8.09055639e-02
2.34576618e-03,-2.56056894e-02,-7.57887364e-02,5.41874900e-02,1.49790146e-02,-2.98325737e-02,2.38184961e-02,7.15556914e-02,8.85055284e-02,5.98523397e-02,-6.74422350e-02,-7.91759786e-02,-7.41493394e-02
-1.01388072e-02,-5.15934390e-02,-5.69738706e-02,6.83214381e-02,2.32779123e-02,-8.09909623e-03,1.70286732e-02,3.44069332e-02,7.64732149e-02,3.42227551e-02,-8.20451449e-02,-9.28037356e-02,-6.46389943e-02
7.52768913e-03,-5.57143875e-02,-1.29664015e-02,7.91247380e-02,1.61059344e-02,7.34079946e-03,-2.21535183e-02,-7.97322857e-04,5.71290208e-02,1.75981618e-02,-6.10249532e-02,-7.56857293e-02,-2.99648645e-02
2.17082501e-02,-3.98868729e-02,3.15724984e-02,7.61578313e-02,1.85597705e-02,-7.70022787e-03,-4.61612116e-02,-2.73741567e-02,5.44755854e-02,-2.34665302e-02,-4.93980342e-02,-3.61593557e-02,1.15736682e-02
4.03273620e-02,-9.60132170e-03,2.03974933e-02,3.29934578e-02,2.97744727e-02,-3.28710264e-02,-6.68884009e-02,-2.50164768e-02,5.58642453e-02,-3.52063314e-02,-4.16970644e-04,-1.03719574e-04,5.42229354e-02
3.68957469e-02,-3.16423786e-02,-2.68475360e-02,-8.35907105e-03,3.72224174e-02,-3.95586481e-02,-1.03169740e-01,-3.58051287e-02,1.05777274e-02,-3.59877335e-02,3.35722142e-02,-1.57270025e-03,5.28043074e-02
7.25635780e-02,6.82967130e-03,-2.96713337e-02,-3.56973373e-02,2.58944911e-02,-5.40699516e-02,-1.36083575e-01,-2.85925349e-02,1.13353141e-02,-3.11488976e-02,4.31191382e-02,1.10708107e-02,4.70259769e-02
8.72809081e-02,8.08398195e-03,-5.84503570e-03,-3.32935909e-02,3.01072722e-02,8.19622708e-03,-1.04887890e-01,4.41073958e-04,-6.73662213e-03,-6.49695344e-02,4.65077435e-03,1.11082781e-02,1.77372614e-02
8.78768048e-02,2.56140512e-02,-1.55430696e-02,-4.46291425e-02,2.88636621e-02,2.26484971e-02,-7.87002251e-02,-1.48350114e-02,2.63434514e-02,-4.96559202e-02,-6.90976877e-03,3.72836256e-02,3.27668569e-03
1.10644302e-01,4.92327788e-02,1.48536194e-02,-4.21562151e-02,1.31232727e-02,-8.76513077e-03,-1.05744509e-01,-1.00551350e-02,1.26051340e-02,-2.52235592e-02,5.77924967e-03,5.33924863e-02,-1.14554469e-02
7.79832767e-02,4.49770892e-02,2.83018083e-02,-3.40112062e-02,8.92322799e-03,-8.71873005e-03,-6.49691654e-02,-1.97145527e-02,1.35497786e-02,-2.16409232e-02,-1.90932043e-02,3.67162680e-02,-2.45340868e-02
4.56786730e-02,2.46667767e-03,4.39310876e-02,-2.43461038e-02,2.45875205e-02,2.86141944e-02,-1.40653458e-02,-3.22450455e-02,1.95534899e-02,1.34790448e-03,1.95991758e-03,1.71797832e-02,-4.64712675e-02
1.07676114e-02,-2.98656469e-02,8.26240834e-02,-5.56078323e-03,-4.34547227e-03,1.05663975e-02,-4.97566299e-03,-3.11413885e-02,3.90435462e-02,2.05881098e-02,-1.34962008e-02,4.61198095e-03,-4.27717170e-02
-2.04533186e-02,-3.83820116e-02,9.71966384e-02,-1.37972462e-03,-2.20955108e-04,-5.58096708e-04,1.05273295e-02,-3.20306998e-02,3.82599261e-02,4.56056251e-02,8.87660781e-03,2.03200999e-02,-2.06311190e-02
-4.26284716e-02,-4.88256099e-02,7.24339948e-02,9.23176317e-03,-7.48924996e-05,1.34473316e-04,2.04491888e-02,-2.53045138e-02,1.31805455e-02,4.44267185e-02,1.41699963e-02,1.58656990e-02,-1.75548717e-02
-5.83245867e-02,-3.39166355e-02,7.05258339e-02,-2.13805010e-03,-6.12107759e-02,-5.16982697e-02,6.13877634e-03,-4.26906177e-02,-8.72318687e-03,8.10578639e-02,3.61896318e-03,-1.15100899e-03,-2.26951912e-02
-4.22176072e-02,-5.47625168e-02,4.39595555e-02,-1.92215132e-02,-7.54084378e-02,-2.08324490e-02,1.51257266e-02,-5.36505940e-02,-5.13087482e-02,1.05614728e-01,4.71646793e-02,-1.57411704e-02,-1.53301625e-02
-5.74588818e-02,-4.23693896e-02,1.45129182e-02,-3.12506771e-02,-5.26782321e-02,-1.36402107e-02,3.44153911e-02,-5.64328590e-02,-5.60366187e-02,8.29792558e-02,7.42107009e-02,-7.97697815e-04,-7.09371191e-03
-1.98839784e-02,-4.45627381e-02,2.44989895e-02,-4.32399486e-02,-5.20274390e-02,-7.12805139e-03,2.73913985e-02,-5.43942202e-02,-8.49978713e-02,7.23624003e-02,9.64517041e-02,1.60708958e-02,-8.83300272e-03
1.04779639e-02,-2.42297753e-02,1.83198075e-02,-6.90780355e-02,-7.73863213e-02,-5.59578102e-03,3.28185644e-02,-5.91702622e-02,-7.40867229e-02,5.46703568e-02,1.08375259e-01,2.29729512e-02,1.10412368e-02
2.19550470e-02,-2.31987233e-02,-4.04379715e-03,-7.33253277e-02,-6.64237145e-02,3.21369031e-02,6.64215136e-02,-6.24364950e-02,-5.52426858e-02,4.84339867e-02,1.38133629e-01,3.15713207e-02,2.24453947e-03
2.97004600e-02,-1.72952096e-02,-2.31459526e-02,-6.10729900e-02,-7.91555897e-02,3.42465146e-02,5.80472970e-02,-5.65873928e-02,-2.56836674e-02,3.43708383e-02,1.41973536e-01,4.14422223e-02,7.91477697e-03
1.89480860e-02,-1.20634275e-02,-3.87933761e-02,-2.83078368e-02,-5.88898161e-02,2.15478046e-02,5.28609048e-02,-3.94300314e-02,-9.35284582e-03,3.78061481e-02,1.11380045e-01,4.47930286e-02,-2.11478621e-03
1.74683949e-02,1.25439125e-02,-6.30118398e-02,-7.79254966e-03,-3.85440301e-02,2.75364470e-03,3.62373156e-02,-1.12752754e-02,-9.60736635e-05,7.58651696e-03,7.39234953e-02,4.84370985e-02,-7.35461130e-04
-2.63033637e-02,2.23936790e-03,-7.14254802e-02,-2.63469028e-03,-7.42297984e-02,-5.05261034e-02,6.47823681e-03,-9.33912917e-03,4.33433046e-03,3.22631366e-03,-1.42474021e-02,1.73070802e-02,-1.27628343e-02
-3.28935320e-02,1.26033130e-02,-5.68074731e-02,1.17452685e-02,-6.21357923e-02,-5.17299349e-02,6.94426487e-03,-4.08136731e-03,1.47951768e-02,1.13330097e-02,-3.56723001e-02,1.23682942e-02,-8.38804057e-03
-4.13369594e-02,1.91880002e-02,-4.29677350e-02,3.08648932e-02,-1.55566572e-02,-6.51566205e-02,5.30249122e-03,1.66816271e-02,3.32278562e-02,6.48305535e-03,-4.48393847e-02,6.37575405e-03,-1.70638504e-02
-3.04144954e-02,1.86937431e-02,-8.76280272e-03,3.79108589e-02,-2.30957044e-03,-5.91401645e-02,4.41719616e-03,2.30778323e-02,2.72379105e-02,6.15209158e-03,-4.93303164e-02,2.52822870e-03,-6.88554787e-03
-2.29392721e-02,1.57989572e-02,2.03970151e-03,3.07255177e-02,-7.14295636e-03,-4.98561590e-02,-1.48956087e-02,1.21728157e-02,2.97727554e-02,7.85614682e-03,-3.76501960e-02,-1.73391109e-02,1.79927530e-03
-1.33357102e-02,2.56887482e-02,2.97316094e-03,2.57317414e-02,6.86930863e-03,-9.99415401e-03,-1.41941654e-02,1.31623799e-02,2.88753306e-02,7.30746534e-03,-1.59947873e-02,-2.56516164e-02,1.22306534e-02
7.13576874e-04,4.53985021e-02,2.09295646e-02,2.38823859e-02,8.74696996e-03,2.74255239e-03,-3.20999744e-02,2.65563367e-02,2.55560494e-02,-6.95519109e-03,6.14716906e-03,-2.48953656e-02,3.81978825e-02
1.18305014e-02,4.59009520e-02,2.17884783e-02,3.86334769e-02,1.18127403e-02,1.86942636e-02,-3.19694323e-02,5.17868417e-02,2.67077748e-02,4.27330629e-03,1.33307672e-02,-3.10298768e-02,4.02037368e-02
3.10831863e-02,5.33561646e-02,7.89867983e-03,3.28568811e-02,2.53368655e-03,1.35784657e-02,-5.22921481e-02,4.03720534e-02,9.48758617e-03,2.37984691e-04,2.15260177e-02,-3.52824873e-02,3.90819365e-02
2.97642327e-02,3.14066286e-02,-2.68178895e-02,-3.29235541e-03,-8.99203243e-03,-5.80425809e-03,-4.97701621e-02,5.61187698e-02,5.73125273e-03,-1.50835577e-02,4.04846223e-03,-5.17716200e-02,2.55106632e-02
4.83010873e-02,3.22971239e-02,-1.98793076e-02,-2.12769873e-02,-1.69377106e-02,-3.30939251e-02,-4.88387789e-02,4.00516410e-02,2.61903111e-03,-3.82669016e-02,-9.68793649e-03,-5.49722093e-02,1.84950369e-02
3.74528282e-02,-1.39319474e-03,-1.11956119e-02,-3.49547022e-02,1.97079638e-02,-1.54600217e-02,-1.69124041e-02,5.33553865e-02,2.40689620e-02,-4.19531446e-02,-2.82986123e-02,-5.79465821e-02,-1.76607530e-03
3.89058555e-02,-1.14382934e-02,3.82301855e-04,-4.87756760e-02,7.49433351e-03,-1.79692430e-02,-1.48222640e-02,4.54689957e-02,3.17376214e-02,-4.53417395e-02,-3.42902594e-02,-4.98193407e-02,1.19515705e-02
1.56332674e-02,-1.07453747e-02,6.83526103e-03,-4.19509652e-02,1.98523790e-02,-1.08180678e-02,1.14718119e-02,4.39470450e-02,4.18942982e-02,-2.42442760e-02,-3.50303890e-02,-3.35954887e-02,8.47585198e-03
1.88999586e-02,-1.23046220e-02,-1.76794609e-02,-3.53474356e-02,3.69886813e-02,-2.44320193e-02,-3.59614250e-04,3.22722022e-02,1.87754222e-02,-1.72389457e-02,-9.17478096e-03,-1.95436190e-02,-3.81376472e-03
6.80159248e-04,-7.27761449e-03,-1.22014136e-03,-3.28627552e-02,3.40963257e-02,-2.28920810e-02,1.04241972e-02,2.88386798e-02,1.49130862e-02,-9.90674567e-03,-1.94233817e-02,1.14289022e-02,-1.27272411e-02
-2.28848183e-02,8.22941355e-03,3.30229312e-02,-1.24213664e-03,2.65012125e-02,-1.58158592e-02,-2.51070858e-03,2.30666027e-02,2.71971756e-02,-6.24949614e-03,-1.69140167e-02,3.29198207e-02,-4.32254798e-03
-4.52559372e-02,1.47569966e-02,5.50836565e-02,1.31230457e-02,2.52398041e-02,1.39209304e-02,1.44506350e-02,1.04355437e-02,4.15314536e-02,-3.22064835e-03,-1.27392186e-02,4.96509132e-02,1.01167326e-02
-4.24933749e-02,3.65346855e-02,6.76066108e-02,-2.22842685e-04,1.50566911e-02,1.85631268e-02,9.74670176e-03,2.56932745e-03,2.66039348e-02,-6.43610483e-03,-1.98965008e-02,5.25880010e-02,1.32217239e-02
-5.87987024e-02,7.16674469e-02,8.14846439e-02,-6.96728369e-04,-8.20047666e-03,-1.30688425e-02,-1.24952272e-02,-2.48565998e-02,1.44430329e-02,4.97998985e-03,-3.35307184e-02,5.45717995e-02,-9.90341264e-03
-7.75203685e-02,6.65468009e-02,7.57403370e-02,-5.17977440e-03,-2.98726904e-02,-1.67868467e-03,-1.33851650e-02,-1.77021574e-02,-1.18577155e-02,2.66007807e-04,-4.07194106e-02,3.65266053e-02,-1.43721631e-02
-9.01012035e-02,1.03446201e-01,5.20880464e-02,-2.34971383e-02,-6.23193564e-02,3.80181619e-02,-1.27638604e-02,-4.86777300e-02,-8.19363135e-03,9.97452649e-04,-1.70794616e-02,2.19877623e-02,-6.94472418e-03
-9.25079730e-02,1.32790657e-01,5.00302178e-02,-1.08063168e-02,-5.72636492e-02,8.66972637e-02,4.63371624e-03,-5.91767743e-02,-8.35462723e-03,7.46544752e-03,-8.19951701e-04,1.57706491e-02,1.10243151e-02
-6.72724318e-02,9.26171562e-02,-2.93451392e-02,-1.45303415e-02,-4.49193474e-02,7.53482778e-02,5.40660039e-03,-7.38463472e-02,-4.60070188e-02,9.86933935e-03,1.72937131e-03,-1.80895845e-02,-1.36602977e-03
-4.51277894e-02,6.25174395e-02,-7.29373047e-02,-2.77192144e-03,-1.41653960e-02,9.34224611e-02,3.36605866e-02,-7.64476605e-02,-5.00653139e-02,1.72002687e-02,-1.84167751e-02,-4.07631248e-03,-4.19339869e-03
-4.53751321e-02,4.06844533e-02,-9.09585364e-02,-1.75599860e-03,-3.00710849e-02,5.07505772e-02,1.69703330e-02,-5.27011148e-02,-2.80580532e-02,-1.13628609e-02,-4.54315676e-02,-2.58867439e-04,1.48596595e-02
-3.97106799e-02,-1.31433241e-02,-9.53479148e-02,6.03699883e-03,1.27593899e-03,4.70578400e-02,4.46082981e-02,-3.86530366e-02,-1.27467016e-02,-3.82790025e-02,-4.70957245e-02,1.93476775e-02,3.53006623e-02
3.37557018e-03,-4.03156330e-02,-9.71003951e-02,-1.94187170e-02,3.71966652e-02,6.39486177e-02,8.92359317e-02,-3.19144748e-02,-1.32699358e-02,-5.10847798e-02,-6.53406564e-02,2.30997577e-02,4.57652562e-02
1.02373002e-02,-3.78683643e-02,-5.28313640e-02,1.39183307e-03,5.63079359e-02,2.25678440e-03,8.90198858e-02,-5.74145368e-03,2.37367828e-02,-4.14417979e-02,-1.08704819e-01,1.67622898e-02,2.91169972e-02
3.79570577e-02,-5.18461008e-02,-4.99002141e-02,8.66067889e-03,5.04029100e-02,-2.40692858e-02,7.52551136e-02,-6.24643231e-03,1.70012456e-04,-4.96283790e-02,-1.00372744e-01,1.32889352e-02,4.07202174e-03
1.85898293e-02,-4.13063457e-02,-8.88591132e-02,1.39313721e-03,7.43202728e-02,-1.23843311e-02,7.34883754e-02,1.25009446e-02,1.87106450e-02,-4.21886165e-02,-6.62369185e-02,2.23731475e-02,-1.17724383e-02
4.72512727e-02,2.38126867e-02,-7.92266076e-02,-1.73427512e-02,7.13018075e-02,-4.04594961e-02,3.52740983e-02,1.81081697e-02,9.84383348e-03,-5.14737313e-02,-3.36594582e-02,2.59298761e-02,-3.13660813e-02
8.21555532e-02,2.72817634e-02,-9.96750770e-02,-2.28744325e-03,9.08734961e-02,-3.81543839e-02,1.68880948e-02,8.22821207e-04,-1.67773798e-02,-4.31569022e-02,-3.60145351e-02,2.18513551e-03,-4.91764035e-02
7.49610023e-02,3.21153518e-02,-7.97950119e-02,2.43920723e-02,1.01624384e-01,-8.42299746e-04,2.92623245e-02,-5.65577581e-03,-1.94508096e-02,-2.83464739e-02,-1.34258753e-02,6.31811398e-03,-5.93648877e-02
3.43554529e-02,4.69616751e-03,-7.57972537e-02,1.21217435e-02,7.28688276e-02,-2.41066198e-02,-2.68840282e-02,3.05456394e-02,-5.55183775e-03,-4.45326851e-02,-2.71617544e-02,-2.09936646e-02,-6.48917373e-02
2.67418236e-02,1.15504361e-02,-4.57868621e-02,-5.83790537e-03,5.99863908e-02,-4.74590694e-02,-6.21706341e-02,3.43906896e-02,-1.89780737e-02,-6.46104720e-02,-1.45849784e-02,4.05148589e-03,-5.35170912e-02
4.03058792e-03,-3.03165710e-03,-3.76202662e-02,-1.66600168e-02,6.44470353e-02,-4.21412342e-03,-3.09895945e-02,4.75891288e-02,-2.97681571e-02,-4.24475411e-02,-1.66057690e-02,-2.16807564e-02,-4.43060521e-02
-1.99200311e-02,1.58268408e-02,3.89829987e-02,6.41962172e-04,2.44393539e-02,-2.44965466e-02,-2.60705400e-02,3.17880032e-02,-2.44939481e-02,-2.20810263e-02,-1.96001599e-02,-3.30702655e-02,-7.31642122e-04
-4.30231657e-02,-7.66839051e-03,9.48311714e-02,3.07204179e-02,3.04374294e-03,1.89726330e-03,-3.83090086e-03,1.93261104e-03,-3.07571371e-02,-6.59800000e-03,-6.62079833e-03,-4.85053766e-02,8.30964186e-03
-6.85123691e-02,-2.78167873e-02,8.00848182e-02,2.78484360e-02,1.44004134e-02,4.38372003e-02,2.71478394e-02,-1.58196479e-02,-1.59288224e-02,3.21698651e-02,1.74773442e-02,-1.72399094e-02,2.62017591e-02
-5.93158503e-02,-1.58786193e-02,6.14340551e-02,4.29197940e-03,6.64382962e-03,2.97414701e-02,1.68718200e-02,-2.32734354e-02,-1.86031920e-02,4.49456178e-02,1.47651157e-02,-8.99489438e-03,1.44640960e-02
-3.81141683e-02,-2.77505941e-04,5.57751180e-02,1.83112281e-02,-1.31747008e-02,1.78597891e-02,4.81803821e-03,-7.41514423e-02,-2.84342693e-02,6.91994513e-02,2.25412799e-02,-1.04124051e-02,1.84728081e-02
-5.63648414e-02,-2.99353155e-02,2.58788491e-02,1.82311074e-02,-3.47837321e-02,4.67004383e-02,5.59096390e-02,-6.97355291e-02,-1.63998909e-02,7.75027487e-02,3.85613985e-02,-3.54108880e-03,1.14866856e-02
-5.68656155e-02,-3.81137830e-02,-2.95349473e-02,-5.85976000e-03,-4.45321909e-02,3.96330452e-02,4.76044741e-02,-5.35191909e-02,-7.04394370e-03,8.32259775e-02,4.43976674e-02,-1.34185147e-02,-1.97147292e-02
-4.18103927e-03,-7.62434900e-03,-4.86872715e-02,-1.55387554e-02,-3.22025946e-02,1.02750008e-02,4.66734955e-02,-1.20184574e-02,-1.62417619e-02,3.81907389e-02,3.67965341e-02,-4.09067542e-03,-1.96766190e-02
1.63235868e-02,-2.15381915e-02,-7.88711397e-02,-1.31236101e-02,-3.72840080e-02,2.37229554e-02,6.18445131e-02,-2.34266771e-03,-4.11225592e-02,7.71947000e-03,3.23771618e-02,-4.11822357e-02,-2.62986161e-02
2.63849827e-02,-1.43598785e-02,-7.89024844e-02,-3.36452874e-02,-5.34498365e-02,1.97041818e-02,4.48420712e-02,-8.47340627e-03,-2.83966966e-02,-4.44115042e-03,3.65243966e-02,-3.61272921e-02,1.80991047e-03
-2.35620686e-02,-5.51673262e-02,-5.28494339e-02,-6.11837693e-02,-9.90964218e-02,6.16656727e-03,3.47086236e-02,3.11014826e-02,-2.51117671e-02,9.13724606e-03,3.22955979e-02,-2.33477917e-02,3.96376535e-02
1.05740507e-02,-5.18454865e-02,-6.15590848e-03,-6.43346060e-02,-6.45479930e-02,5.22010652e-02,3.63875108e-02,2.44287042e-02,-2.45963624e-02,3.96325657e-02,5.05917299e-02,4.12265869e-03,6.82011575e-02
3.13396322e-02,-4.39744802e-02,3.64027629e-02,-4.17074329e-02,-2.29469797e-02,9.37943041e-02,1.37659286e-02,-5.68195875e-04,-3.73331109e-02,4.94164736e-02,4.60379135e-02,1.71563484e-02,8.19993701e-02
-9.83910792e-03,-5.19345231e-02,8.65581111e-02,-3.31407676e-02,-5.74947924e-02,4.43617273e-02,-2.20236650e-02,-4.79966643e-02,-2.43074529e-02,7.05500115e-02,4.07332473e-02,-7.45193375e-03,5.85291607e-02
-3.45353269e-02,-9.40733272e-02,7.15960626e-02,-5.76896373e-02,-6.35664001e-02,5.39718466e-02,-1.13430284e-02,-5.22610962e-02,6.30541712e-03,1.04270493e-01,5.72695270e-02,1.20019131e-02,4.01836008e-02
-5.98419833e-02,-6.82188053e-02,5.17772793e-02,-8.20376681e-02,-7.99547589e-02,1.06637543e-02,-4.06598685e-02,-7.17707964e-02,2.81636102e-02,1.15946989e-01,6.11981090e-02,9.93238866e-03,-9.32755409e-03
-3.32363138e-02,-5.05012396e-03,6.81158933e-02,-4.72085393e-02,-6.53805252e-02,-1.80987057e-02,-3.76775323e-02,-5.98556667e-02,2.96849681e-02,7.54982148e-02,6.68742189e-02,2.57099554e-02,-1.49222682e-02
-2.97566090e-02,-9.04893123e-03,6.69379365e-02,-3.15774823e-03,-5.49310858e-02,-3.38274705e-02,-2.14010537e-02,-6.42215989e-02,1.12488853e-02,2.20062965e-02,7.89043297e-02,2.40328746e-02,-3.68406745e-02
-3.41010726e-02,-1.85329678e-03,3.79874257e-02,-7.80887934e-03,-5.57576090e-02,-6.17911146e-02,-1.24973138e-02,-3.22543113e-02,3.82352985e-02,-1.45128108e-02,6.56030572e-02,3.55218847e-02,-2.53891057e-02
-6.82062302e-02,-1.66406821e-02,4.79465775e-03,-3.06911397e-02,-7.04716757e-02,-9.05406349e-02,-1.56149913e-02,2.48657017e-02,5.24808335e-02,2.30119687e-02,7.27864351e-02,4.31321114e-02,-2.15695709e-02
-1.00084942e-02,-1.11719133e-02,7.63252645e-03,-2.41289823e-02,-3.91113090e-02,-3.67595283e-02,-2.07554626e-02,5.59719583e-02,2.18073586e-02,2.44914849e-02,4.03094972e-02,2.44441275e-02,-5.33690935e-03
-7.44090989e-03,1.88665987e-03,1.34552585e-02,-3.00514184e-03,3.08647463e-03,-5.01548602e-03,-1.68358795e-02,5.57764788e-02,1.60160902e-02,3.29398296e-02,1.57568678e-02,9.24815043e-03,1.80959267e-02
-1.60726414e-02,-1.11187954e-02,-3.63424963e-03,-2.14041935e-03,7.61659681e-03,-2.73460379e-02,-2.73742214e-02,4.09007341e-02,2.33368934e-04,2.94323851e-03,-3.40401484e-02,-2.09166524e-02,2.56656057e-02
2.37130217e-03,-8.65418726e-03,-6.13432776e-03,3.37748194e-03,4.75756346e-02,2.15378308e-03,-3.90224005e-03,2.76753814e-02,-7.35035210e-03,9.42823182e-03,-2.48159446e-02,-8.36721814e-03,2.54226143e-02
-6.68840130e-03,5.08456067e-03,-8.21782396e-03,1.29816341e-03,3.67290126e-02,-3.62691280e-02,-2.90282983e-02,2.35327994e-02,9.40178215e-03,-1.24170797e-02,-6.46770268e-02,-4.56962919e-02,1.01652636e-02
-2.55298839e-02,1.17651397e-02,-3.64494078e-02,-3.23216856e-02,8.06288959e-03,-4.28329998e-02,-2.83744404e-02,-2.78877364e-03,-2.83314592e-03,-3.67327892e-02,-5.26789823e-02,-2.43890670e-02,4.81568421e-02
-3.79706218e-03,1.49077694e-02,-2.51914756e-02,-4.96078538e-03,2.20296732e-02,-2.64715518e-02,-1.15475280e-02,1.78762301e-02,8.22513691e-03,-5.24776782e-02,-2.60006756e-02,-1.48750841e-02,4.19802226e-02
1.65056505e-03,2.61925439e-02,-1.23976720e-02,-1.81520899e-02,9.29488606e-03,-5.55713839e-02,-1.55439857e-02,3.35339220e-02,2.32018380e-02,-7.08274763e-02,-2.36578424e-02,-1.31706379e-03,4.36953603e-02
2.27416991e-02,2.28877945e-02,8.53761733e-03,-7.27370769e-03,3.27048875e-02,-4.49749418e-02,-6.74057819e-03,6.64209443e-02,4.14699976e-02,-4.83384042e-02,-7.76018539e-03,1.98849841e-03,2.95209890e-02
6.72131399e-02,2.53347534e-03,8.97978287e-03,-2.57975014e-02,3.56510035e-02,5.84950533e-03,-2.24728256e-02,7.07651172e-02,1.50404798e-02,-3.30187996e-02,-2.09308552e-02,4.34475677e-03,3.33678293e-02
4.22626936e-02,-8.13392480e-03,1.81130646e-02,-1.74826476e-02,4.68224634e-02,9.65775111e-03,-8.17489733e-03,1.10567046e-01,4.44684780e-02,-8.54845651e-03,-3.38023941e-02,-4.94255803e-03,2.44795379e-02
6.35384994e-02,-2.36207554e-02,-4.28716144e-03,-2.79950282e-02,4.90231649e-02,1.81492561e-02,-5.52143670e-03,7.42444005e-02,2.53036330e-02,-7.16672594e-03,-3.57862985e-02,-1.08170166e-03,3.47940395e-02
6.43558378e-02,-8.43855935e-04,-2.33895636e-04,-1.41882118e-02,7.80369609e-02,1.34225202e-02,7.04739102e-03,3.16140230e-02,4.43774681e-03,-1.82850392e-02,-3.03899142e-02,-1.09912986e-04,2.03082551e-02
4.40126035e-02,1.39593558e-02,-3.32325382e-03,-1.35834928e-02,6.56954145e-02,-1.68951933e-02,1.99853240e-03,7.70845212e-03,5.29788320e-03,-2.25805717e-02,-3.34284527e-02,-1.26624191e-02,2.13919959e-02
-1.15967072e-02,-3.53660543e-02,-6.23580271e-02,-5.02019535e-02,3.47233065e-02,-3.83313402e-02,1.35398150e-02,-1.54810860e-02,2.90107016e-03,-1.87777120e-02,-1.43262865e-02,3.49635865e-03,3.60465718e-02
-2.91542808e-02,-2.55222041e-02,-7.42830142e-02,-5.01133826e-02,8.67230350e-03,-4.50391840e-02,1.13807197e-02,-1.80401901e-02,1.33434908e-02,-2.67808210e-03,-5.76995920e-03,-1.25866575e-02,3.15141811e-02
-5.45454170e-02,-2.88622220e-02,-7.45370275e-02,-4.10111389e-02,-2.93167185e-02,-7.27169608e-02,-2.16644297e-03,-1.65475909e-02,2.54782332e-02,-1.60715451e-03,-8.49205131e-03,-8.38023034e-03,3.74650619e-02
-2.26732404e-02,-3.30264120e-03,-1.57387987e-02,-5.64899918e-03,-5.95763410e-02,-6.44682037e-02,2.71260004e-03,-9.38370525e-03,2.04436102e-02,-3.25597431e-03,-2.66447538e-02,-2.28070909e-02,3.55093484e-02
-2.22895259e-02,1.55051807e-02,1.91093773e-02,4.79448244e-02,-4.69563055e-02,-1.26822227e-02,9.12118710e-03,-2.05039596e-02,3.74160381e-03,1.67064307e-03,-1.21956879e-02,1.92884369e-02,1.08367221e-02
-1.94674883e-02,6.22142522e-02,6.63005493e-02,1.09709731e-01,-4.72339061e-02,8.90205314e-03,4.06520499e-02,1.22586608e-02,-6.52102082e-03,-4.35139863e-02,-6.31345855e-03,4.38120933e-02,-5.00428249e-03
1.12795116e-02,7.41867350e-02,7.94169492e-02,1.55535065e-01,-4.76319298e-02,1.82446432e-02,5.90201063e-02,7.17991421e-03,-3.89185040e-02,-7.41389730e-02,1.47038521e-02,4.36251232e-02,-2.47777608e-02
3.36690495e-02,9.91185582e-02,8.76622108e-02,1.80878804e-01,-2.43505138e-02,2.35522193e-02,8.97452267e-02,1.27543116e-02,-7.58835772e-02,-1.06220652e-01,1.59304879e-02,5.76644619e-02,-5.69223792e-02
2.67855517e-02,9.81417951e-02,7.68702979e-02,1.62443902e-01,-3.89075368e-02,2.87391697e-02,9.99480631e-02,1.31980830e-02,-7.68766829e-02,-1.24070050e-01,2.55613944e-02,7.04923875e-02,-5.00753407e-02
-3.22639006e-03,7.01624851e-02,5.98061612e-02,1.35165826e-01,-3.03072075e-02,2.49623234e-02,1.06360516e-01,3.54141867e-02,-5.01502738e-02,-1.19508556e-01,4.44181625e-02,7.83997268e-02,-5.55991384e-02
-6.51003333e-02,1.40836701e-02,2.52091843e-03,2.79492285e-02,-7.56362664e-02,-2.61552358e-02,6.40864756e-02,2.91786577e-02,-3.29105658e-02,-1.09213778e-01,2.33882517e-02,4.83637198e-02,-4.61468507e-02
-9.21273133e-02,-1.88180410e-02,-1.00101245e-03,-2.28004717e-02,-8.57304213e-02,-3.38215408e-02,3.86850275e-02,3.53073934e-02,-2.18579760e-02,-7.10716956e-02,2.37718109e-02,6.04728688e-02,-2.09954310e-02
-3.89739825e-02,-5.31510710e-02,-2.81187881e-02,-5.77031970e-02,-8.47731098e-02,-1.28137195e-02,2.43040994e-03,3.68567434e-02,-1.38113615e-02,-3.00607995e-02,7.98729925e-03,1.87770078e-02,-6.08417151e-03
-3.53762507e-02,-4.17405978e-02,-2.64024300e-03,-2.19036646e-02,-7.01633599e-02,1.02466870e-02,-1.29126147e-02,2.60183947e-02,-1.10201606e-03,1.58666971e-02,3.16977470e-02,2.52724728e-02,-2.54876585e-02
-1.96816755e-02,-3.64636395e-02,-9.18916198e-03,-1.44838337e-02,-6.53279150e-02,1.33116549e-02,3.12744248e-04,3.21362615e-02,2.94764837e-02,3.26944306e-02,2.13609363e-02,1.81488444e-02,-3.71145935e-02
1.92973239e-02,-4.25126840e-02,-2.44673589e-02,9.35724117e-03,-6.22203554e-02,1.14649288e-03,-4.85165862e-03,1.31456363e-03,1.86879610e-02,3.72435796e-02,3.75310821e-02,2.71594657e-02,-5.82753893e-02
6.33481356e-02,-3.77246252e-02,-4.23796573e-02,2.41956535e-02,-2.56141098e-02,1.46069548e-02,3.27459109e-02,-2.25428828e-02,5.31554254e-03,5.71702742e-02,3.12204390e-02,3.55302165e-02,-7.43796729e-02
8.09556885e-02,-1.79330359e-02,-4.69527381e-02,5.06052322e-02,-3.41682621e-03,4.45958007e-02,5.00194940e-02,-3.95389082e-02,1.65661655e-02,5.14849961e-02,4.79004022e-02,5.60016013e-02,-6.47588509e-02
5.84157687e-02,1.63305102e-02,-3.86985197e-02,4.42690794e-02,3.24982336e-02,6.07956772e-02,4.43975912e-02,-2.62829133e-02,2.58147250e-02,3.50630797e-02,5.67405631e-02,4.37542696e-02,-6.43785166e-02
-4.03769898e-03,-1.80596043e-02,-9.36371294e-02,-4.19384186e-02,-4.64597300e-03,2.25502576e-02,1.84206458e-02,-4.16448238e-02,-3.86241317e-03,-2.21219961e-02,2.58986015e-02,1.42661111e-02,-5.41762396e-02
-1.55888504e-02,1.65296920e-02,-4.86863116e-02,-5.02095553e-02,2.13173983e-02,6.94571264e-03,4.89863823e-04,-3.97249145e-02,-3.27886609e-02,-3.10653144e-02,-3.62758235e-03,1.50084761e-02,-4.23380889e-02
8.41236130e-03,2.73814547e-02,-7.58924406e-02,-6.12604751e-02,4.60557156e-02,4.71762143e-02,-8.12981435e-03,-5.48505908e-02,-8.33062149e-02,-7.59989393e-02,-1.58748177e-02,-2.24778023e-02,-4.76081687e-02
1.48273435e-02,6.05719943e-02,-5.07491384e-02,-1.88142216e-02,5.48890100e-02,6.73183753e-02,-1.33276440e-02,-4.53673031e-02,-9.04318233e-02,-9.34945276e-02,-4.20155939e-03,-5.91732907e-02,-4.29748988e-02
-1.15514868e-04,4.89567100e-02,-3.94993308e-02,-1.42659433e-02,4.77941196e-02,7.58746578e-02,2.34251207e-03,-1.20645476e-03,-4.67509687e-02,-7.71005290e-02,-2.02366497e-02,-8.16867279e-02,-3.37138976e-02
-1.00226139e-02,-1.13289347e-02,-4.38802045e-02,-1.96632376e-03,3.73181199e-02,6.56995721e-02,-6.10998679e-04,3.59488777e-03,-1.93229980e-02,-6.45875843e-02,-3.13107571e-02,-3.61478125e-02,-1.12661399e-02
8.30139424e-04,-1.66547455e-02,-2.91593202e-02,6.92428169e-03,2.17620328e-02,4.99342150e-02,3.73810565e-02,6.51459656e-03,1.42246039e-02,-1.93022281e-02,-5.29941165e-02,-1.05489458e-02,1.48823281e-02
2.29373074e-02,1.04148782e-02,-2.30702365e-03,4.53122263e-02,1.87515668e-02,4.44151732e-02,6.36607062e-02,1.32974674e-02,4.32950388e-02,1.49345752e-02,-3.88687524e-02,-2.27464956e-03,4.40592089e-02
4.14658425e-02,4.74093008e-02,1.79765365e-02,4.50700268e-02,7.34510380e-03,2.53257485e-02,5.88041632e-02,6.07487772e-03,4.72822274e-02,2.11319127e-02,-2.21193164e-02,-7.77149339e-03,3.53401304e-02
3.44585900e-02,4.88765109e-02,1.89873717e-02,4.01089339e-03,-9.51364850e-04,-3.93988788e-03,2.47817900e-02,-1.24194504e-02,2.00717999e-02,2.93211821e-03,-2.61128297e-02,-2.70667132e-02,1.66338006e-02
6.72847615e-02,5.46344495e-02,5.59530914e-02,-1.10061565e-02,1.36579776e-02,-4.80508644e-02,-8.99261679e-03,-2.31710923e-02,1.73711795e-04,-1.69522301e-03,-3.84242258e-02,-3.05677602e-02,2.98131576e-02
7.81060911e-02,6.27259631e-02,6.98300483e-02,-4.45167568e-02,3.29292412e-03,-6.40948808e-02,-9.98157287e-03,-2.88979995e-02,-4.67381991e-02,-1.93560003e-02,-2.54007013e-02,-3.81874065e-02,3.07982346e-02
6.94467241e-02,1.37264383e-02,4.07995247e-02,-4.58321821e-02,-6.29064395e-03,-6.54181523e-02,-2.44154915e-02,-3.01573616e-02,-5.44800284e-02,-9.94794075e-03,-3.15363153e-02,-4.99227462e-02,4.45088638e-02
2.47450719e-02,-4.98442214e-02,5.72610472e-02,-5.34026195e-02,4.69988543e-03,-3.55074550e-02,-2.76243141e-02,-3.02347553e-02,-4.63729524e-02,4.67342150e-02,-1.27363349e-02,-5.44655048e-02,4.35300825e-02
-3.59278533e-02,-1.60260443e-01,3.79132203e-02,-5.30952562e-02,2.10387279e-02,-1.69779996e-02,-3.85248303e-02,-2.67669121e-02,-2.83902963e-02,7.90832641e-02,7.83502506e-03,-2.15558221e-02,4.72695413e-02
-4.67351988e-02,-1.64376930e-01,5.67799990e-02,-2.43454848e-02,2.40565755e-02,7.66237485e-03,-5.98278160e-03,-1.46465100e-02,-3.02579793e-03,9.54422151e-02,9.34196786e-03,1.23859231e-02,5.60410344e-02
-4.12961549e-02,-1.55858274e-01,5.21309696e-02,3.54576984e-03,9.31409240e-03,1.01639390e-02,4.65138711e-03,-9.87697656e-03,9.55032298e-03,9.77701287e-02,4.06468945e-04,5.06358109e-03,5.27753369e-02
1.35640228e-02,-1.11418836e-01,4.60010344e-02,2.42956169e-02,-1.56855708e-02,-4.00791341e-03,8.17272795e-03,-2.32270425e-02,8.55876516e-03,9.90707121e-02,1.57834437e-03,1.57642307e-02,2.71046168e-02
3.52096608e-02,-7.10756201e-02,1.25044557e-02,2.47146379e-02,-2.78779820e-02,-2.59429878e-02,-6.42489910e-03,-4.45470541e-02,6.54844402e-04,9.52615692e-02,6.03435337e-04,2.01977649e-02,4.36368875e-04
7.69688350e-02,-1.69957935e-02,1.61848561e-03,2.54184421e-02,-3.68292141e-02,-4.03838549e-02,-1.70455385e-02,-5.71049126e-02,-2.72853314e-03,6.33470659e-02,6.54607608e-03,1.22314654e-02,3.41406771e-03
3.81054284e-02,-8.37321191e-03,-4.47568998e-02,-2.34987588e-02,-8.49606122e-02,-6.64057251e-02,-7.89973471e-03,-2.01773361e-02,5.04282282e-03,2.96493240e-02,3.62197400e-02,1.21079527e-02,2.36932783e-02
1.46778414e-02,-1.24757839e-02,-9.67492598e-02,-5.14546430e-02,-1.38739836e-01,-7.73426439e-02,-2.68594464e-03,1.91456628e-03,2.32127546e-02,4.83384071e-03,2.31514176e-02,2.17667322e-02,4.08337370e-02
-4.44558255e-02,-4.37968448e-02,-1.07046567e-01,-7.30625993e-02,-1.35158762e-01,-6.12806136e-02,9.37600305e-03,3.50512420e-02,4.34191945e-02,2.83053832e-02,1.75940476e-02,2.96640558e-02,3.79311126e-02
-8.99402850e-02,-5.78719158e-02,-1.00385454e-01,-6.23331861e-02,-1.02317435e-01,-2.77322603e-02,8.62242008e-03,5.75580899e-02,4.88614967e-02,2.28952816e-02,3.60967519e-02,2.31335506e-02,2.10404411e-02
-7.20100390e-02,-9.33816155e-03,-5.14503645e-02,-1.25409870e-02,-5.28815210e-02,1.79036055e-02,2.57325939e-02,7.06749119e-02,4.87929349e-02,-1.06457501e-02,3.45074889e-02,1.47357242e-04,1.54628392e-02
-6.53507176e-02,1.90893187e-02,3.22072192e-03,2.16457498e-02,-2.07203705e-02,3.86948854e-02,1.56365218e-02,7.08964572e-02,3.16209776e-02,-5.36010526e-02,1.78898921e-02,-2.31771198e-02,-3.89189814e-04
4.85094080e-03,4.96673820e-02,7.22299552e-02,4.13158069e-02,3.70517366e-02,3.97574707e-02,-1.81576063e-02,6.45978502e-02,5.89151552e-03,-8.60803928e-02,1.89854014e-03,-1.62655119e-02,-1.96871566e-02
6.27065213e-02,8.17017543e-02,8.97254770e-02,6.75433645e-02,8.62733310e-02,1.61828772e-02,-3.68925689e-02,4.60587909e-02,-3.56737420e-02,-1.04041572e-01,-5.24829432e-03,-2.08479043e-02,-3.12369175e-02
8.73778224e-02,1.10676360e-01,9.52857799e-02,6.66862513e-02,9.50715056e-02,4.16326745e-03,-6.12326672e-02,2.66420787e-02,-6.28883046e-02,-1.21715546e-01,1.20621380e-02,-1.52281405e-02,-3.61677010e-02
5.20932511e-02,6.32941503e-02,5.96557835e-02,3.89388419e-02,6.86745712e-02,-1.92314343e-02,-7.70942174e-02,2.90958824e-02,-6.68617960e-02,-1.13666859e-01,3.08411024e-02,1.12812053e-03,-1.03777886e-02
5.69418219e-02,5.65228765e-02,6.62612198e-02,1.94629678e-02,2.91295926e-02,-3.72901596e-02,-7.17710155e-02,3.42011959e-02,-6.72689329e-02,-1.10254030e-01,2.72190415e-02,2.60939114e-02,1.82082679e-03
-1.99393633e-02,-1.60023882e-02,2.10849536e-02,-1.61253012e-02,-6.15841512e-04,-5.40440358e-02,-4.94187072e-02,5.84063337e-02,-2.72866738e-02,-6.32006929e-02,3.15044108e-02,5.56754733e-02,2.16413364e-02
-6.37576062e-02,-5.77089947e-02,-2.34340169e-02,-4.59626497e-02,-7.90579168e-03,-3.48167998e-02,-2.35444909e-02,6.41647178e-02,1.50431271e-02,-3.37441512e-02,5.31015906e-02,5.61454540e-02,4.12850331e-02
-5.23910372e-02,-5.13942901e-02,-3.84517866e-02,-5.46948662e-02,1.63883477e-02,-2.00187778e-02,5.49273146e-03,5.15032508e-02,2.67266305e-02,-2.06522506e-02,5.78654333e-02,4.27413960e-02,3.49817127e-02
-2.37629347e-02,-3.45646352e-02,-1.04576336e-02,-6.27180464e-02,2.99940718e-02,-6.11220218e-03,4.05855946e-02,3.33102446e-02,1.53275805e-02,-9.77734029e-03,3.90365555e-02,2.58016081e-02,1.62445665e-02
5.11866117e-03,-1.40302726e-02,2.31444790e-03,-7.41594002e-02,5.53828352e-02,6.96548695e-03,4.18705030e-02,-2.86812172e-03,-1.76751661e-03,-2.43968468e-02,2.24574911e-02,2.52995490e-02,-1.86737472e-03
3.22831720e-02,3.65638668e-02,6.12099741e-03,-5.23902121e-02,9.85191429e-02,1.13228669e-02,3.62174907e-02,-2.44723694e-02,-1.10576700e-02,-3.48678928e-02,4.52835671e-03,1.83339792e-04,-2.53966420e-02
2.81021733e-02,5.05351405e-02,-1.85736272e-02,-5.93171520e-02,8.12622719e-02,2.75804425e-02,2.61253224e-02,-3.80498127e-02,-4.16666826e-03,-3.22762361e-02,1.02483869e-02,-7.19015008e-04,-4.61553894e-02
2.55078715e-02,4.75679992e-02,-5.70376011e-03,-3.56648107e-02,7.28957717e-02,4.35585819e-02,2.75251818e-02,-3.74667811e-02,-7.46434365e-03,1.68499299e-02,5.17658476e-03,1.12409202e-02,-6.74468360e-02
3.54890470e-02,9.04099011e-02,4.78478509e-02,5.06671450e-03,1.26935086e-02,5.79670562e-02,-1.01506007e-02,-5.96314388e-02,-3.95652303e-02,4.42443728e-02,-1.69825687e-02,-3.69104131e-03,-8.36753867e-02
-7.55095952e-03,7.19847289e-02,6.54040008e-02,6.30440575e-02,-1.19192522e-02,6.52066913e-02,-5.78454398e-02,-4.19763287e-02,-3.56588602e-02,8.61181971e-02,-5.76660980e-02,-9.13274777e-03,-8.02417633e-02
-4.49007417e-02,6.38317483e-03,1.16303390e-02,8.20246521e-02,-3.35507741e-02,8.40352829e-02,-1.28126488e-01,-5.20992703e-02,-2.59427262e-02,1.23628514e-01,-4.79530206e-02,-2.49761029e-02,-5.67435743e-02
-7.36958562e-02,-2.03729896e-02,-3.26939594e-02,6.80347501e-02,-5.60031385e-02,4.79162449e-02,-1.58310314e-01,-4.15137705e-02,-6.99720598e-04,1.43401653e-01,-2.22103102e-02,-3.59842619e-02,-3.88913061e-02
-5.87196524e-02,-5.24638019e-02,-4.76873139e-02,7.85943891e-02,-2.61508205e-02,2.16723386e-02,-1.68103032e-01,-6.03248603e-02,-1.15080270e-02,1.26008504e-01,-1.39961804e-02,-4.47191071e-02,-4.18336500e-02
-7.93204457e-02,-9.00728040e-02,-9.94319341e-02,5.64558914e-02,-4.65127017e-02,-1.80257695e-02,-1.63220327e-01,-8.29146714e-02,-2.76558747e-02,7.37443605e-02,-5.90586634e-03,-4.19293887e-02,-5.43427941e-03
-5.88775367e-02,-4.58748005e-02,-9.00973776e-02,8.71015153e-02,2.18505121e-02,-2.63555770e-02,-1.41979482e-01,-7.81283319e-02,-1.67013992e-02,1.80817761e-02,1.58526876e-02,-4.96530538e-02,-2.11461630e-02
-5.27622631e-02,-5.92660560e-02,-1.18740664e-01,7.37772579e-02,3.61243620e-02,-3.11195704e-02,-1.07722429e-01,-7.04165300e-02,9.46379317e-03,-1.63060026e-02,3.11859313e-02,-2.62604977e-02,-9.14049189e-03
-2.38223526e-02,-6.65544305e-02,-1.04316365e-01,5.38627679e-02,5.00728525e-02,-3.24851406e-02,-4.93059965e-02,-3.58922003e-02,3.34603244e-02,-1.70273192e-02,4.50409147e-02,3.13394149e-02,-1.20606251e-02
-7.51362575e-03,-1.00211879e-02,-4.07327076e-02,6.93972486e-02,2.62560010e-02,-1.77694606e-02,-1.54563358e-02,-3.71586895e-02,4.82840347e-02,-5.98367357e-03,3.40841835e-02,1.50469431e-02,-3.04612120e-02
3.47640503e-02,3.30414398e-02,1.57798120e-02,8.87046805e-02,3.30227325e-02,-1.98850904e-03,-4.54473931e-03,-4.71530018e-03,6.61925328e-02,1.67076704e-02,-1.23635694e-02,2.47560912e-02,-2.19712538e-02
5.63322692e-02,2.84257180e-02,2.48413839e-02,7.64457435e-02,2.67611269e-02,2.65726051e-02,-2.23598523e-02,1.45361461e-03,4.65683639e-02,3.14100445e-02,-4.40598735e-02,3.69037830e-03,-3.63737428e-02
3.63523774e-02,2.46257076e-02,-1.29373047e-02,3.87524793e-02,1.02373216e-02,6.43889475e-03,-2.11526341e-02,1.07878049e-02,3.25919901e-02,4.85113500e-02,-5.13521666e-02,-2.87234910e-02,-3.48172074e-02
5.14967673e-02,2.87134449e-02,-2.92473741e-02,2.84090699e-02,2.29672314e-02,1.95983351e-02,3.91008463e-03,2.59535094e-02,4.45366136e-02,5.54862342e-02,-3.35442903e-02,-2.58823737e-02,-4.46942190e-02
2.23553800e-02,-1.62782516e-02,-5.42305438e-02,1.20660069e-02,-1.39438490e-02,-2.32271825e-03,1.03856206e-03,-6.73227707e-03,3.43672358e-02,3.14800349e-02,-5.78135804e-02,-1.57410246e-02,-2.14549150e-02
2.32815177e-02,-4.18520616e-03,-5.60812888e-02,-4.25359241e-03,1.23894169e-02,-9.74432585e-03,1.14430960e-02,-4.04839401e-03,3.10710399e-02,3.27176921e-03,-2.49870190e-02,-1.45607092e-02,-1.42034294e-02
-1.74885094e-03,-5.82005099e-02,-9.03420492e-02,-4.92011472e-02,1.45869533e-02,-2.65702497e-02,-1.78761982e-03,-3.98370780e-02,2.46327076e-02,-2.60581036e-02,-9.10429683e-03,-9.82446017e-03,4.20100967e-04
7.63821204e-03,-8.62086526e-02,-8.27056362e-02,-7.02584884e-02,3.79800489e-02,-1.93054956e-02,1.39124559e-02,-5.76917460e-02,2.64612137e-03,-7.07230958e-02,-6.89410603e-03,6.06741247e-03,1.06885542e-02
-1.54805629e-02,-7.59038889e-02,-4.17047229e-02,-4.57449706e-02,5.83869060e-02,-8.77217393e-03,4.37629869e-02,-6.04511537e-02,2.70993055e-02,-8.44404672e-02,-1.01033406e-02,8.92326759e-03,-4.86498222e-04
6.00306006e-04,-4.09764318e-02,6.41535947e-04,-3.45659815e-02,4.82281873e-02,-1.00056173e-02,4.32597099e-02,-6.25279197e-02,5.46936505e-02,-6.43820475e-02,8.69422254e-03,2.06116093e-02,1.31816788e-02
-2.19363958e-03,-2.37828744e-02,4.51557018e-02,5.22805419e-03,4.76788610e-02,1.72381940e-02,3.16406019e-02,-6.73362070e-02,4.23761919e-02,-6.52849805e-02,1.90483821e-02,2.05122802e-02,4.59362656e-03
-2.59504948e-02,-2.09389838e-02,1.11142822e-02,-8.60993091e-03,3.26342406e-02,1.46532634e-02,1.16782453e-02,-7.65770852e-02,2.41286659e-02,-5.29719320e-02,1.46359973e-02,6.52082956e-03,-1.51267897e-02
-4.62253032e-02,-1.05117661e-02,-5.05459725e-03,-1.85708438e-02,1.07643170e-02,2.91328596e-02,-1.43692522e-02,-6.38878755e-02,3.39473700e-02,-1.64969289e-02,3.10278203e-02,8.73491108e-03,-2.44778757e-02
-6.23315017e-02,1.70091601e-02,8.14419905e-02,5.85351866e-04,-1.60039991e-02,3.28792353e-02,-8.85040161e-03,-5.81744393e-02,1.40823599e-02,4.96693158e-02,-1.53000431e-02,1.09316351e-02,-1.43464615e-02
-4.12579370e-02,3.67689395e-02,1.32686945e-01,-1.64712422e-02,-2.07780502e-02,5.63434676e-02,-7.91162626e-03,-2.38053274e-02,-1.20363378e-02,1.08520880e-01,3.78558836e-03,7.87922386e-03,1.36393582e-02
-3.85103055e-02,1.24402933e-02,1.25320097e-01,-7.56542270e-02,-4.66222433e-02,4.27590433e-02,-1.12303820e-02,2.72906879e-03,-1.99597968e-02,1.46221038e-01,2.29135146e-02,-1.39886360e-03,3.13548897e-02
-2.36190551e-02,-2.46669798e-03,1.36280642e-01,-8.20056991e-02,-2.49975239e-02,3.91502074e-02,4.20649349e-03,1.28300593e-03,-4.31518457e-02,1.29018627e-01,1.47836480e-02,-2.52451854e-02,6.55172573e-02
-2.33033645e-02,-1.09511672e-02,1.39871432e-01,-7.22359787e-02,-5.37375968e-03,2.11247246e-02,4.22170803e-02,2.85551327e-02,-4.37938138e-02,1.08447091e-01,1.32453772e-02,-1.53924360e-02,8.34397321e-02
4.31703440e-03,-4.96412416e-03,1.10725885e-01,-8.32930810e-02,-3.98889991e-02,-1.42455265e-02,5.10181499e-02,3.15673233e-02,-3.46123508e-02,9.20642076e-02,2.12845913e-02,-2.54612201e-02,9.70627071e-02
4.13411252e-02,1.38004961e-03,8.87414439e-02,-2.54147043e-02,-3.58720819e-02,-8.27334466e-03,6.19506458e-02,1.51778138e-02,-3.31453128e-02,5.96725934e-02,3.79530729e-02,-1.79663241e-02,1.04085347e-01
5.74505209e-02,-3.24604911e-03,1.65120688e-02,-2.02542521e-02,-5.86029735e-02,-2.35337906e-02,6.33248033e-02,6.94589085e-03,-1.68067967e-02,3.03756373e-02,4.33685823e-02,6.96033292e-03,7.78087859e-02
5.51290755e-02,-1.65820233e-02,-6.85650661e-02,-1.28049299e-02,-6.88636983e-02,-2.97226106e-02,4.17464815e-02,1.17636970e-03,1.43701536e-02,-8.46517430e-03,5.10648936e-02,9.10681171e-03,4.23913792e-02
2.88142215e-02,1.94312685e-03,-3.10029063e-02,3.04903578e-02,-4.71924061e-02,-4.25154997e-02,1.93090674e-02,-3.19961699e-02,1.75858770e-03,-1.69063503e-02,3.29060125e-02,1.45483641e-02,3.22467729e-02
4.49076666e-02,2.47151967e-02,-1.76464704e-02,1.57566371e-02,-4.83296726e-02,-3.69969209e-02,8.36704851e-04,-1.56109858e-02,-1.14033563e-02,-2.42090698e-02,9.24413775e-03,-8.76288166e-04,1.25783455e-02
9.58524920e-03,2.44300458e-02,-2.45379096e-02,-1.42705874e-02,-5.30832372e-02,-3.60158742e-02,-1.70194302e-02,5.75977202e-03,-1.59810325e-02,-5.44535546e-03,1.10447217e-02,-1.80203645e-02,-7.08794549e-03
-1.29073735e-02,3.15993956e-02,-2.23200299e-02,-2.53059373e-02,-3.68913059e-02,-2.42837245e-02,-2.10191911e-02,7.05680980e-03,-2.18668126e-02,-2.83977716e-03,4.68539909e-03,-1.23062598e-02,-6.91586560e-04
-2.04214486e-02,5.22618526e-02,1.52757587e-02,-9.85108077e-03,-2.17900617e-02,5.27425235e-03,2.55422368e-03,2.55773243e-02,-1.85757295e-02,8.07115240e-03,7.37716494e-03,-7.80446253e-03,-3.29519749e-02
-3.09061031e-02,5.50963431e-02,2.10236170e-02,4.19728691e-03,-2.12638976e-02,6.33697402e-03,-3.17539662e-02,6.19350811e-03,-2.61965333e-02,-5.66998561e-03,-7.78466129e-03,8.77281708e-03,-2.00689106e-02
1.15525114e-02,3.43686307e-02,-3.38375493e-03,4.69117077e-03,-2.80337146e-02,1.40886300e-02,-2.71461296e-02,1.49729215e-02,9.97954785e-03,-3.45043761e-03,-1.68650964e-02,-6.47269038e-03,-1.57633595e-02
-1.14525471e-02,-2.24763355e-02,-2.09221019e-02,-9.54612885e-03,-3.97430733e-02,7.33959764e-03,-2.31591266e-02,3.67882945e-02,3.12653349e-02,-1.07210853e-02,-1.88443651e-02,-1.33190686e-02,-3.16728649e-02
1.55316702e-02,-4.41527606e-02,-4.37831467e-02,-3.06175475e-02,-5.14726430e-02,1.83050468e-02,4.92426425e-03,8.10676747e-02,5.90992140e-02,-2.37032037e-02,-1.14612762e-02,-3.47130985e-02,-1.38574674e-02
1.71871692e-02,-5.48864374e-02,-1.12194078e-02,-1.36495294e-02,3.56421700e-03,1.90776361e-03,-4.39243152e-03,7.22369562e-02,6.86622501e-02,-1.06329154e-02,2.90749271e-02,-2.79261067e-02,1.12868338e-02
2.12825463e-02,-7.97635873e-02,-1.55582322e-02,-5.29521855e-02,2.70317973e-02,-8.87793825e-03,-9.10804115e-03,7.17157470e-02,6.52052248e-02,-1.99843273e-02,2.18408033e-02,-4.68808781e-02,2.90466614e-02
2.08812991e-02,-8.39890143e-02,-2.39732323e-03,-8.65330492e-02,6.72640735e-02,-2.50580524e-02,-1.36827755e-02,8.05265541e-02,8.06924141e-02,-4.11127686e-03,3.24680148e-02,-5.94127372e-02,4.46849961e-02
1.23475511e-02,-6.79897378e-02,4.85383964e-03,-1.06544388e-01,7.26872005e-02,-4.74856562e-02,-1.84908268e-02,6.58562428e-02,5.70116531e-02,4.72940312e-03,3.00116572e-02,-3.27489591e-02,6.67130202e-02
1.04812792e-02,-4.56313540e-02,-1.67699114e-02,-1.23992461e-01,5.63924371e-02,-3.37156012e-02,6.65645334e-03,5.21045985e-02,2.97297426e-02,1.77517534e-02,2.32021187e-02,-1.53667390e-02,4.47706977e-02
2.36844423e-02,3.81141267e-02,4.17247381e-03,-5.73396769e-02,7.37422377e-02,-3.32248123e-02,-7.41119882e-03,7.12527904e-03,-5.32347159e-03,1.33684620e-02,1.73261313e-02,3.34557982e-02,3.76011169e-02
6.09116931e-02,7.43736408e-02,-6.08116369e-03,-1.98236276e-02,5.05752658e-02,-1.93868846e-02,1.16101187e-02,-6.60167123e-04,-8.36599434e-03,-1.81597251e-03,-1.59154592e-02,4.46362275e-02,2.61354151e-02
2.12080571e-02,4.66471350e-02,-2.28753888e-02,2.41459453e-03,3.01662890e-02,-1.23425844e-02,1.54040713e-02,2.85388388e-03,-5.75580848e-03,-1.09910730e-02,-4.20071998e-02,3.71888930e-02,-3.26731277e-02
3.67854411e-02,5.26858566e-02,-1.32047587e-02,2.33898697e-02,-1.98855738e-02,7.30999639e-03,-7.12541765e-03,-1.14606509e-03,-2.19131780e-02,-4.62047119e-02,-5.42875049e-02,1.46763882e-02,-4.47858262e-02
2.68325505e-02,7.72145135e-02,2.09975066e-02,4.39460249e-02,-5.37557431e-02,5.60758901e-03,5.67916618e-03,4.24317866e-03,-6.86536211e-03,-9.22537666e-03,-6.07558911e-02,1.22237187e-02,-4.96629020e-02
-3.81016786e-02,8.08846701e-02,2.50949470e-02,4.88016451e-02,-5.53559249e-02,3.40156925e-02,-8.63979292e-03,-2.65215415e-02,-2.05809584e-02,3.88604282e-02,-2.28640061e-02,1.98429924e-02,-2.19886892e-02
-7.98754120e-02,7.38949291e-02,5.01943630e-02,5.26809471e-02,-2.81976866e-02,5.80344586e-02,2.40461490e-02,-8.86404482e-03,-8.75122375e-03,5.31249205e-02,-1.34616398e-02,9.29831592e-03,-1.06177345e-02
-1.07195959e-01,6.45562083e-02,7.63849196e-02,5.82750312e-02,-1.71183093e-02,6.01505267e-02,4.78182030e-02,-1.97911787e-02,-3.69892032e-02,4.85712698e-02,-1.45465421e-03,9.98134832e-04,1.30108503e-02
-1.59571741e-01,5.72535559e-03,1.24155427e-02,8.78418915e-03,-4.66646183e-02,4.48911306e-02,3.55618725e-02,-3.65741181e-02,-8.07878994e-02,4.42627737e-02,2.09539443e-04,-2.90262718e-03,2.05555061e-02
-1.52911568e-01,2.80367933e-02,-3.57071416e-02,-3.45721302e-02,-6.58586742e-02,-1.10976665e-02,7.05854107e-03,-7.80873884e-02,-8.73507438e-02,3.76677169e-02,1.15562894e-02,4.15715538e-03,1.64567605e-02
-8.06801656e-02,7.55856337e-02,-3.36660681e-02,-3.00017676e-02,-4.99734231e-02,-2.98149525e-02,1.06361312e-02,-7.02223325e-02,-5.69065671e-02,1.49361376e-02,2.07678808e-02,1.53441471e-02,2.28846869e-02
-5.60913434e-02,6.19366843e-02,-7.35468641e-02,-5.45624882e-02,-3.49104212e-02,-2.85099942e-02,1.24588473e-02,-5.18629317e-02,-5.23865547e-02,-7.15426444e-03,-5.92197171e-03,2.06180653e-02,3.52767150e-03
-5.43516405e-03,4.88415459e-02,-6.08470688e-02,-3.87776889e-02,-1.42985348e-02,-6.33649351e-03,7.92541715e-05,-4.21145915e-02,-6.10103636e-02,-4.60915106e-02,-3.46318554e-02,2.00890249e-02,-1.05578012e-02
5.15183304e-02,5.08934403e-02,-1.06273746e-02,-1.67270470e-02,-2.20154916e-02,6.31736237e-04,1.60358174e-02,-1.71701960e-02,-3.06305971e-02,-2.78707313e-02,-5.32666492e-02,2.18353900e-02,-3.53219137e-02
7.15811674e-02,4.79159072e-02,8.69031784e-03,-2.40777576e-02,-2.61137028e-02,7.05155423e-03,2.61803949e-03,-1.36442844e-02,-6.27585466e-03,1.92273851e-02,-1.34850201e-03,4.90168790e-02,-1.21358084e-02
3.62360037e-02,1.42869847e-02,3.56468378e-02,-7.92706137e-03,-3.33506346e-02,-9.75305294e-03,1.62403321e-03,-4.81593899e-03,3.66690927e-03,1.53237278e-02,2.23146480e-02,5.56989686e-02,-1.24408488e-02
1.04253241e-02,-1.18274740e-02,5.41563134e-02,3.06902317e-02,-1.44483235e-02,6.89078616e-03,1.70752410e-02,1.74666933e-02,8.09747954e-03,8.23212379e-03,4.71853947e-02,3.85333924e-02,2.18918522e-02
-3.12330452e-02,-3.41193241e-02,4.76816909e-02,4.83254370e-02,2.54484921e-03,2.93330593e-02,2.97438058e-02,3.37856016e-02,-7.40832885e-03,5.58368991e-03,5.30124287e-02,1.52183228e-02,1.83516058e-02
-7.08269320e-02,-5.37837801e-02,4.58948171e-03,1.17699251e-02,2.10250755e-04,8.30216465e-03,-7.67318878e-03,-1.01694992e-02,-2.49636796e-02,1.65890370e-02,6.32338702e-02,-2.65962805e-03,1.77570156e-02
-2.44624819e-02,-2.66690991e-02,-3.48748380e-02,6.98837367e-03,1.68511699e-02,-4.09313584e-02,-3.93476158e-02,-4.32775847e-03,9.91202766e-03,1.84854808e-02,1.00110341e-01,-1.54268254e-02,1.26869941e-02
1.09862433e-02,1.80268463e-02,-7.41332938e-02,-1.13837724e-02,4.17813777e-02,-4.14555270e-02,-6.56209358e-02,-3.37679549e-02,1.02645209e-02,1.43587073e-02,8.61947037e-02,-3.05861260e-02,1.05520121e-02
3.60315008e-02,6.46048698e-02,-6.96260779e-02,5.83713650e-03,7.89913507e-02,-2.20557082e-03,-4.19831154e-02,-2.47278996e-02,1.77258459e-02,-3.06726360e-03,3.75090063e-02,-3.58715983e-02,1.92603607e-02
4.43706001e-02,9.01651694e-02,-3.34087789e-02,3.91725717e-02,9.16245309e-02,1.15946942e-02,-2.46509912e-02,-2.73151994e-02,1.85931591e-02,-1.14139597e-02,1.78439045e-03,-5.27690483e-02,-1.65403558e-02
7.76449499e-02,6.42412362e-02,-2.57801658e-02,1.75551868e-02,8.40745487e-02,3.14833520e-02,1.45164456e-02,-2.43549659e-02,1.55062695e-02,-9.21495746e-03,-1.49405643e-02,-3.68493321e-02,-2.18729833e-02
2.52701098e-02,3.09408223e-03,-1.18648766e-02,-6.21078258e-03,2.04414908e-02,-4.41152310e-02,-1.40981861e-02,-4.44716096e-02,3.42482538e-02,5.08790676e-03,-1.07306914e-02,-2.47704885e-02,-1.90035761e-02
9.34513509e-03,-2.01268188e-02,-2.82495820e-02,-3.34495521e-02,-3.64831033e-02,-6.18228304e-02,-7.29048583e-03,-4.06473894e-02,4.05732074e-02,-5.60023276e-03,-1.15712438e-02,-1.31482599e-02,5.89687924e-03
1.84768573e-02,7.42809421e-03,2.00982370e-02,-4.58258302e-03,-4.40535206e-02,-4.32364851e-02,1.63401255e-02,-1.61314889e-02,4.35732092e-02,-3.89942510e-03,-2.78206508e-02,-2.30209493e-02,-1.22937946e-02
9.34649525e-03,1.39495534e-02,4.84092712e-02,1.10611471e-02,-4.19174796e-02,2.62565671e-03,3.65795008e-02,1.10773933e-02,1.75603232e-02,-8.11056286e-04,-4.12822086e-02,-2.43934090e-02,-2.91529529e-02
1.66819244e-02,1.63396537e-02,2.67450735e-02,2.80463138e-02,-1.81653572e-02,-5.90203618e-03,4.31018367e-03,3.31314073e-02,9.55527704e-03,-1.21248237e-03,-2.85940993e-02,-1.94956124e-02,-3.97905761e-02
7.26436561e-02,5.15053808e-02,1.34722470e-02,2.53736088e-02,1.56334885e-02,-1.67786910e-02,-1.44575298e-02,2.75269338e-02,1.50866357e-02,1.28052405e-02,-1.31918086e-02,-2.38990206e-02,-3.93020318e-02
9.25214791e-02,6.01244623e-02,4.53524763e-03,4.71483735e-02,7.59731860e-03,-8.33849913e-03,-1.59719752e-02,4.97606868e-02,3.40892103e-02,2.07123285e-02,1.02666325e-02,-1.59638677e-02,-9.19637465e-03
3.80683924e-02,7.28612468e-02,1.76698783e-02,8.81424164e-02,3.84763998e-02,3.15722083e-02,1.96397109e-02,8.71258877e-02,1.99561549e-02,2.48540363e-02,5.02877210e-03,-2.50684396e-02,-2.47637483e-02
3.34237854e-02,4.65202399e-02,4.96173322e-02,1.16889019e-01,5.83146123e-02,7.32343736e-02,3.40682089e-02,9.26036935e-02,-1.84842242e-02,-9.20909436e-03,-1.99185938e-02,-4.92131857e-03,-1.87952253e-02
-3.60414898e-02,-1.43335031e-02,6.09411448e-02,8.70869309e-02,4.26959711e-03,4.14795285e-02,-4.49973020e-03,7.29797359e-02,-2.39191562e-02,-1.83642601e-02,-1.98343944e-02,9.27712546e-03,1.27796493e-02
-6.27708634e-02,-6.08676018e-02,4.74660598e-02,6.98457017e-02,-1.83215277e-02,3.26066212e-02,1.22591624e-03,5.94049611e-02,-1.75558463e-02,-3.21208579e-02,-2.27415418e-02,2.17196158e-02,3.04272665e-02
-5.59958379e-02,-5.89030999e-02,7.85065109e-02,5.82697801e-02,-7.03006445e-02,3.43896953e-03,-2.40273966e-02,3.66795337e-02,-4.08553047e-03,-2.13338880e-02,-8.42398251e-03,1.63591334e-02,3.11841509e-02
-4.57871746e-02,-6.71026907e-02,4.75061994e-02,1.20841759e-02,-1.11636782e-01,-6.44429294e-03,-5.15109896e-02,2.42934983e-02,-3.58797174e-02,-3.74905541e-02,-4.20477756e-02,4.69604079e-03,3.90761679e-02
-3.39990087e-02,-4.61129451e-02,5.22681068e-02,1.93347771e-02,-7.30811869e-02,2.75827625e-02,-5.35946079e-02,1.10454464e-02,-3.93299269e-02,-3.57999017e-02,-6.21845814e-02,4.21635988e-03,4.09870773e-02
1.08109702e-02,-2.85218212e-02,5.06466989e-02,-9.02424126e-03,-4.19911720e-02,2.47707569e-03,-6.33838473e-02,-2.56584044e-02,-5.26269745e-02,-5.41831878e-02,-7.77600305e-02,-2.64759734e-02,2.36445978e-02
3.64325373e-02,-4.68166623e-02,4.27065806e-02,-1.55356616e-02,-4.61477217e-02,-3.82060999e-02,-7.82096128e-02,-5.27603579e-02,-2.45471213e-02,-1.15564827e-02,-2.86527157e-02,-2.23020279e-02,2.40615782e-02
3.46600266e-02,-5.94425085e-02,5.26609641e-03,-1.91131721e-02,2.43781324e-03,-2.43931694e-02,-2.63378696e-02,-2.77271105e-02,-1.15913465e-02,3.76719572e-02,-7.32232872e-03,-1.55510309e-02,-4.72659782e-03
5.47677356e-02,-4.92040608e-02,-7.09362398e-03,-1.41550162e-02,3.89884745e-02,-2.33035920e-02,-1.35043488e-02,-2.51286017e-02,-2.83219986e-02,2.67339898e-02,6.56951167e-04,1.32810587e-02,-1.35657631e-02
6.63628177e-02,-5.08429945e-02,-2.00281840e-02,-4.41426240e-02,3.75883824e-02,-2.73340532e-02,-2.78924482e-03,-2.97980931e-02,-4.64085062e-02,4.32531887e-03,-4.52793941e-03,1.80079698e-02,-3.43830999e-02
5.41208456e-02,-6.28282740e-02,-2.71610720e-02,-3.22638569e-02,7.08117442e-02,-2.08765064e-02,2.08908266e-03,-3.04399833e-02,-4.26333850e-02,-3.12682403e-03,-4.89830476e-03,2.55174852e-02,-3.75816329e-02
4.12019191e-02,-3.51087609e-02,5.03893559e-03,-1.77946273e-02,4.67989597e-02,-2.99605480e-02,2.03131672e-02,-2.25646112e-02,-7.69002948e-03,-2.11692184e-02,-3.52767868e-03,6.45511000e-03,-2.80562447e-02
4.75199768e-02,-2.39717281e-02,-2.98565031e-02,-5.26636491e-02,1.22580378e-02,-4.01548336e-02,-2.37774736e-02,-5.50792630e-02,-3.24337770e-02,-2.70008508e-02,-3.78335377e-03,7.29256784e-03,-3.00691806e-03
1.17858956e-02,-1.19430868e-02,-2.62316016e-02,-4.03908370e-02,4.16570675e-03,2.42306342e-02,2.22217485e-02,-6.72235429e-03,-4.54336450e-03,-3.27676114e-02,-1.64930575e-02,2.33823287e-02,2.72128359e-02
-1.68886169e-02,1.48735224e-02,-5.81380948e-03,-1.82725264e-02,-1.09598956e-02,1.71385482e-02,-3.06863383e-03,-2.59663572e-02,-9.52096555e-03,-5.59836872e-02,-5.07873232e-02,7.47334029e-05,2.20537455e-02
-4.56355365e-02,3.03388418e-02,1.73042244e-02,-1.98519485e-02,-2.65823882e-02,2.93590015e-02,6.58443445e-03,-2.72062195e-02,-1.74929739e-02,-4.12682058e-02,-4.09930832e-02,9.68119065e-03,2.28531403e-02
-5.20261243e-02,1.73851888e-02,8.29567157e-03,-1.69226418e-02,-3.82853984e-02,6.42944775e-03,-2.64052918e-02,-1.21349656e-02,-9.37173178e-04,-7.84137986e-04,-3.59035418e-02,1.35473337e-02,2.64377979e-02
-5.46546207e-02,4.12915132e-02,-2.30813707e-05,2.99692837e-03,-4.19609973e-02,1.02784551e-02,1.59210860e-02,8.42070364e-03,-3.28207935e-03,5.94726436e-03,-4.24217412e-03,1.19859047e-02,2.36274808e-02
-3.37983646e-02,1.98361824e-02,-4.62429555e-02,-1.33172059e-02,-4.61170543e-02,-1.07466178e-02,1.35877419e-02,1.72738980e-03,1.35381350e-03,1.63408020e-02,6.34310260e-03,9.05266013e-03,1.13329114e-02
-2.58804125e-02,3.47715486e-02,-5.47708239e-02,-3.44755450e-02,-3.52333756e-02,-3.17411965e-02,6.91215823e-04,2.25569107e-03,-2.17324321e-02,1.55409723e-02,4.31615597e-03,-5.22365558e-03,1.20913354e-02
-8.39846951e-03,4.55782494e-02,-5.96682128e-02,4.32802100e-03,-2.15345792e-02,-4.30586115e-02,4.30783868e-02,2.55130849e-02,6.06389299e-03,1.59776918e-02,-2.73760713e-02,-3.96301507e-02,9.88228842e-03
2.71573486e-02,7.14717340e-02,-4.11181612e-02,-8.57776803e-03,-2.32233991e-02,-4.07918025e-02,4.14427206e-02,4.61902731e-03,-1.39814273e-02,1.42439133e-02,-2.94094934e-05,-5.89191587e-02,1.31754385e-02
3.04886841e-02,4.43676173e-02,-3.08472752e-02,-2.19916078e-02,-2.31107223e-02,-1.67291766e-02,5.32419674e-02,2.95650380e-02,-2.08672854e-03,1.83409889e-02,-1.86233378e-03,-5.54988239e-02,2.43315901e-02
2.57620739e-02,3.69774183e-02,1.58485992e-02,2.44154568e-02,1.72447064e-03,-2.64497587e-03,5.05026721e-02,2.73533605e-02,1.23993571e-02,9.18457710e-03,-2.13421919e-02,-7.22853635e-02,1.15690058e-02
9.71324879e-03,2.77094523e-03,4.25385207e-02,4.29934380e-02,5.85126474e-02,6.58041833e-02,6.72651728e-02,2.50458685e-02,4.54676608e-03,-2.89652847e-02,-3.32763228e-02,-5.77420336e-02,1.33734450e-02
1.28922625e-02,-1.61832509e-02,6.52386865e-02,4.12088654e-02,4.17212444e-02,4.85301175e-02,4.85501059e-03,1.88281600e-02,3.74468338e-03,8.37397568e-03,-1.50712951e-02,-2.29845304e-02,3.86327696e-02
-1.99601260e-02,-3.51723664e-02,4.99435151e-02,6.20959486e-02,4.45912235e-02,4.51229018e-02,3.03896866e-02,1.74071133e-02,1.18889373e-02,1.39525162e-02,2.83940440e-02,1.87250007e-02,4.40843889e-02
-1.89838053e-02,-6.76891179e-02,1.08332791e-02,7.59057667e-02,5.65507213e-02,6.06651509e-02,2.86261111e-02,-3.06044519e-03,4.17206026e-03,1.93439756e-02,5.48621268e-02,6.28668203e-02,2.92735981e-02
-6.07971543e-02,-5.01978994e-02,1.75237952e-02,7.19540319e-02,6.37127967e-02,2.36719764e-02,-1.11964030e-02,-6.29493010e-03,-3.85627595e-02,1.65820981e-02,7.34528610e-02,7.81060956e-02,1.75305896e-02
-2.95022837e-02,-3.77102618e-02,2.13357193e-03,6.28884233e-02,6.79129042e-02,-5.29660977e-03,-3.46926115e-03,1.02480766e-02,-4.76290906e-02,2.06674509e-02,6.77964772e-02,1.05977648e-01,-1.57718345e-03
3.09071253e-03,-4.85589623e-03,1.20262269e-02,1.28888275e-02,6.38238760e-02,-1.61147531e-03,5.98069421e-03,3.45752209e-02,-4.47217748e-02,3.18811052e-02,8.93242352e-02,9.94052827e-02,-3.49123090e-02
3.68169519e-02,2.77299021e-02,1.41669212e-02,-3.41778701e-02,4.73153320e-02,-3.41572357e-02,-2.37086330e-02,2.45113781e-02,-3.82459198e-02,5.03501606e-02,8.59798435e-02,9.97861913e-02,-4.06725113e-02
7.90044173e-02,5.36281752e-02,5.91686821e-03,-4.42115984e-02,1.42695072e-02,-2.93742668e-02,-9.50742082e-03,1.74814455e-02,-2.99604480e-02,4.39987103e-02,5.03037432e-02,6.04610073e-02,-3.09173944e-02
6.94518038e-02,4.74563228e-02,8.35553752e-04,-3.43171768e-02,5.66563564e-02,9.17221657e-03,-6.88961828e-03,3.67960564e-02,9.37610989e-03,3.06200174e-02,2.88851541e-02,4.04395770e-02,-2.02762270e-03
6.93572065e-02,6.17408081e-02,2.21482203e-02,-2.77199228e-02,2.19816088e-02,2.36371496e-02,-1.18707157e-02,2.83095826e-02,2.01387617e-02,3.55461128e-02,2.69659121e-02,2.24822326e-02,7.66924827e-03
5.56013892e-02,3.87897545e-02,-3.15257732e-02,-5.62057868e-02,8.01346480e-04,1.46396080e-02,-1.67469315e-02,1.17833659e-02,3.98550354e-02,2.45276984e-02,2.13586169e-02,2.04834402e-02,3.33885073e-02
6.66526797e-02,4.66119785e-02,-3.78394632e-02,-2.72833398e-02,1.85817947e-03,5.57406282e-02,-6.21252200e-03,1.41148778e-02,5.65226010e-02,1.06299318e-02,3.66160669e-02,1.63573202e-02,-4.83284889e-03
2.87925640e-02,4.07652379e-02,-3.91831221e-02,1.11859668e-02,2.10074944e-02,5.19249295e-02,-1.80328532e-02,2.14150804e-02,5.44589648e-02,-3.95458118e-03,5.08064446e-02,8.66666608e-04,-1.76106471e-02
4.96360379e-03,4.47496682e-02,-2.04950401e-02,1.93496532e-02,2.46186004e-02,2.62641008e-02,-1.55990752e-02,3.16778691e-02,3.19172313e-02,-2.79066294e-02,6.34403011e-02,-6.89233009e-03,-1.79298521e-02
2.71247396e-02,2.29133445e-02,-3.67762798e-02,2.23320016e-03,4.38946642e-02,2.68732548e-02,-1.66407620e-02,5.56445345e-02,4.62325009e-02,-2.44601466e-02,5.69956989e-02,-1.71119008e-02,-3.52493062e-02
2.11873424e-02,3.38204535e-02,1.28704489e-03,2.53288514e-02,4.33752712e-02,-1.24136692e-02,-3.03269777e-02,3.07439231e-02,2.16014979e-02,-1.79009150e-02,2.78348112e-02,-2.14900361e-02,-2.78026258e-02
6.53361627e-02,3.11801541e-02,-1.16217565e-02,2.38004979e-02,1.31861808e-02,-1.55990936e-02,-8.22800976e-03,1.30354160e-02,1.99414050e-02,-4.47600111e-03,-2.15061850e-03,-2.98160020e-02,-1.61097191e-03
4.12836331e-02,2.59248526e-02,3.45940750e-03,2.13734180e-02,2.15900274e-02,-2.37942193e-02,4.95371720e-03,3.15873774e-02,3.18279548e-02,2.08822094e-02,9.24742691e-04,-1.31303810e-02,3.13663921e-02
5.27259944e-04,2.61405131e-02,3.29537406e-02,1.86445520e-02,6.57172462e-03,-3.06754263e-02,3.04089190e-02,3.18968035e-02,4.31245956e-02,1.51081923e-02,-4.40394657e-03,-6.75425296e-03,2.27043187e-02
-7.26123377e-03,1.98989573e-02,2.29966997e-02,1.58650463e-02,1.92681189e-02,-3.71008885e-02,1.74589313e-02,3.06317129e-02,3.51856489e-02,-1.54272648e-02,-1.81549655e-02,4.81380406e-04,1.88076967e-02
-1.58616343e-02,2.92310767e-02,2.08344837e-02,-7.86400002e-03,1.25479942e-02,-2.43032890e-02,-5.44962173e-03,3.31018363e-02,3.86915429e-02,-2.11506874e-02,9.02713374e-03,2.92073530e-02,9.47544458e-03
-2.24249434e-02,1.97917669e-02,3.61867601e-02,1.04844143e-02,1.18877569e-02,-3.88250671e-02,-2.06546571e-02,2.65087573e-02,5.91752712e-02,-1.14664566e-02,1.63224887e-02,1.39005553e-02,-1.24704982e-02
-6.15709341e-02,3.38279016e-02,7.49552634e-02,3.89837097e-02,1.61565943e-02,-2.23306282e-02,-6.65684116e-03,2.42757756e-02,3.52934736e-02,-2.24648901e-02,4.23152727e-02,-7.13129685e-03,-3.40550283e-02
-4.33525598e-02,2.25465006e-02,5.54994258e-02,5.23636815e-02,8.51118728e-03,-5.00853655e-02,-2.35934711e-02,1.39476676e-02,6.57933482e-02,-4.17403322e-03,5.02857029e-02,-2.15372965e-02,-3.42908159e-02
-2.36258669e-02,1.04021721e-03,6.26901703e-02,7.36570495e-02,-2.27270852e-02,-6.64490605e-02,-8.98686511e-03,-1.52810347e-02,3.93800259e-02,2.68838596e-02,2.86918963e-02,-4.53598801e-02,-1.41839522e-02
3.92065095e-03,-3.35393106e-02,3.96526431e-02,1.11904276e-01,-9.22299838e-03,-3.51351193e-02,8.94578852e-03,-1.72824041e-02,2.16034019e-02,4.98565714e-02,1.48984255e-02,-5.21715677e-02,-1.09424121e-02
3.94629618e-02,-5.62207295e-02,2.03355874e-02,7.84065661e-02,-4.19675164e-02,-2.90709902e-03,3.06963888e-02,-2.00380089e-02,-2.88735785e-02,5.10927664e-02,1.22555820e-02,-4.37794018e-02,-4.92548482e-03
2.42037980e-02,-6.19457327e-02,1.53682608e-02,4.36050420e-02,-5.50365114e-02,1.00664478e-02,6.03409803e-02,-2.63796808e-02,-2.80642383e-02,2.89551959e-02,-1.35240474e-02,-2.51963144e-02,-9.66070212e-03
-3.77305295e-03,-4.91896260e-02,-7.64612143e-03,4.13801303e-02,-2.66908713e-02,1.76292311e-02,9.21772223e-02,-2.07144102e-02,-2.99337806e-02,2.83953033e-02,-2.86106647e-02,-3.06395836e-02,-2.17347820e-02
-1.87479361e-02,-4.11411464e-02,-4.93685396e-02,-1.54979307e-02,-3.05014832e-03,4.77747968e-02,8.67921822e-02,-2.46563974e-02,-9.79217403e-03,3.73852608e-02,-2.40396733e-02,5.84337562e-03,-2.51063708e-03
-3.51598338e-02,-2.99081245e-03,-4.25705580e-02,-4.28513719e-02,-1.99867239e-02,2.31087233e-02,3.08959546e-02,-4.31533241e-02,3.61058130e-02,7.08001296e-02,-5.42306455e-02,-7.57991227e-03,-9.30126649e-03
-6.64531509e-02,4.58677525e-02,-4.97049690e-02,-7.54881912e-02,-4.77468510e-03,6.08745194e-02,2.09594177e-02,-4.83558048e-02,4.32033494e-02,7.13796179e-02,-6.96541154e-02,-5.98393348e-03,-1.48263506e-02
-9.12315238e-02,5.63705422e-02,-4.99361906e-02,-6.61399766e-02,-4.90875017e-03,4.47696513e-02,9.29858049e-03,-5.79509391e-02,6.38237245e-02,6.93996937e-02,-7.68856802e-02,-1.38811564e-02,-1.09434875e-02
-8.27040450e-02,4.72658290e-02,-3.71024226e-02,-1.00271474e-01,-3.94307115e-02,1.60994625e-02,3.49985968e-02,-5.14447270e-02,5.83675410e-02,7.47403063e-02,-3.53769820e-02,-1.31323005e-02,-2.22350328e-03
-5.87276231e-02,2.42200078e-02,-2.37472941e-02,-5.64384057e-02,-2.15615701e-02,1.59018483e-02,3.58731611e-02,-2.32342871e-02,4.10996291e-02,5.99160916e-02,-4.70760823e-02,-3.85528909e-02,-7.81718389e-03
-7.06711153e-03,-1.31674617e-03,-2.23797093e-03,-5.74830049e-02,-6.29839514e-02,9.41407171e-03,2.93002340e-02,1.73596923e-03,-5.94921932e-03,6.29763771e-02,-2.17148667e-02,-3.98685736e-02,-1.90914388e-02
1.71429439e-02,-2.71442282e-02,9.24461259e-03,-5.22530697e-02,-9.38286907e-02,5.53217238e-04,2.57129906e-02,3.46273932e-02,-1.59007392e-02,3.00719477e-02,-1.40838486e-02,-7.36577426e-03,-2.51697684e-02
1.92186783e-02,-4.70435199e-02,7.44547154e-03,-1.69882798e-02,-7.36833132e-02,9.69307841e-03,6.18922292e-02,3.61592848e-02,-4.27641878e-02,2.58455871e-02,3.74836413e-03,-8.87990306e-03,-2.43508374e-02
3.16761895e-02,-6.87681504e-02,1.06884621e-02,-3.57573686e-03,-2.95293046e-02,1.74271351e-02,4.64799254e-02,3.36954891e-02,-2.05928380e-02,3.66089989e-02,1.89338044e-02,-3.93494754e-04,-9.27166413e-03
7.12561633e-03,-3.83322187e-02,2.61432776e-02,-5.21905188e-03,-2.22991796e-02,4.47637082e-02,3.47863173e-02,3.36351843e-02,2.31786345e-02,3.45563044e-02,-7.50327960e-03,-2.14318112e-02,-3.27967625e-02
-1.65745099e-02,-1.09378746e-02,-8.19654327e-03,-4.83816390e-03,-4.76288976e-03,3.25856185e-02,-1.76145012e-02,1.94431057e-02,7.38978529e-02,5.92267338e-02,-1.12830800e-02,-9.98195192e-03,-1.82614246e-02
-2.47653591e-02,-1.03513428e-02,-3.73998254e-02,1.55612213e-02,2.12623690e-02,6.69377835e-02,-1.84986954e-02,-5.09722541e-03,8.18221566e-02,3.03136769e-02,-3.41921697e-02,-1.29687958e-02,1.05068018e-03
-1.06364270e-02,-1.30703593e-02,-6.24385437e-02,9.40840521e-03,2.60789847e-02,6.16997301e-02,-4.16666415e-03,-2.17266899e-02,5.78718466e-02,-2.28644986e-02,8.50465269e-03,-1.67801663e-02,1.57373445e-02
2.68230168e-02,3.93948688e-03,-5.67459513e-02,4.96184353e-02,1.96514248e-02,6.33997031e-02,1.14376799e-02,-2.75578238e-02,2.01503456e-02,-6.72845371e-02,1.08674859e-02,-3.27620701e-02,1.52634422e-02
3.00614179e-02,-6.34018537e-03,-5.24416616e-02,8.46419644e-02,5.52170705e-04,4.95950413e-02,2.21408124e-02,-1.33320926e-02,-2.14587144e-02,-8.55827651e-02,1.75070671e-02,-2.71518865e-02,2.79580893e-02
4.74597194e-02,-3.62660484e-03,-2.62681046e-02,9.21909049e-02,-4.71842024e-02,2.86433831e-02,2.32241444e-02,1.97077357e-02,-5.68855956e-02,-9.24116157e-02,4.80744074e-02,-1.77487603e-02,2.24760096e-02
5.63909818e-02,-1.71064278e-02,-1.06905509e-02,8.85645607e-02,-4.82702015e-02,4.74580658e-02,4.78596493e-02,1.25641990e-02,-9.37949478e-02,-1.22431840e-01,4.97485114e-02,-1.48989701e-04,1.68565643e-02
7.97644638e-02,-2.85906044e-02,9.31206530e-03,6.85101183e-02,-1.72999790e-02,3.54706338e-02,8.47429200e-03,-1.01635736e-02,-1.25560250e-01,-1.03338361e-01,5.72167804e-02,1.43907669e-02,3.33458755e-02
6.31861027e-02,-3.91987351e-03,4.76329007e-02,2.02182805e-02,-2.45436082e-02,5.97475285e-02,2.33747588e-02,-2.31005530e-02,-1.21931208e-01,-9.50888870e-02,3.39631448e-02,2.99769481e-02,-2.07637556e-02
4.76997271e-03,-1.34084606e-02,2.86701199e-02,3.04231737e-03,2.46914999e-02,3.73979197e-02,9.67849933e-03,1.19082146e-03,-8.92161104e-02,-4.93758557e-02,1.52524426e-02,1.88408422e-02,-4.94472564e-02
5.03696850e-03,-5.83029061e-03,9.10198365e-03,-1.91989029e-02,3.32598196e-02,3.65537932e-03,5.42144307e-04,-6.12458623e-03,-4.17000270e-02,1.84975229e-03,1.12469289e-02,4.84265884e-02,-4.14260910e-02
-3.26732278e-03,-1.03362875e-02,3.55738807e-03,-3.45119087e-02,6.26809119e-02,-4.06003992e-02,-1.63636764e-02,-2.25281321e-02,-2.83043975e-02,2.08932083e-02,-5.31809412e-03,2.62321189e-02,-1.98204383e-02
-1.55370214e-02,4.69338887e-02,4.26503616e-02,-5.06702208e-02,7.09165445e-02,-7.68128643e-02,-3.60259380e-02,-1.72468280e-02,-2.81581216e-04,3.02051362e-02,-3.63574389e-02,1.92928688e-02,-1.14154844e-02
-2.30261399e-02,6.31645600e-02,3.18017123e-02,-2.98581160e-02,4.93024386e-02,-1.16322367e-01,-6.78022160e-02,1.49528015e-02,1.58455086e-02,-1.29790687e-02,-9.92774214e-02,1.50814433e-02,1.67730310e-02
-2.43423372e-02,6.10892468e-02,3.43071770e-02,2.96014087e-03,1.01154275e-02,-1.62755070e-01,-1.04064140e-01,2.93492568e-02,4.64139537e-03,-2.83289042e-02,-1.04797674e-01,-6.38461178e-03,1.97626349e-02
-3.74523918e-02,4.94490600e-02,3.42006680e-02,1.71867180e-02,-2.60822205e-02,-1.71244187e-01,-1.01914402e-01,5.51842823e-02,3.24269932e-02,-5.96675553e-02,-1.44697218e-01,-1.55323256e-02,2.05444258e-02
-2.36266089e-02,6.40800269e-02,5.35521571e-02,3.50117646e-02,-2.02958854e-02,-1.63747598e-01,-1.20885408e-01,6.20170360e-02,2.55751601e-02,-8.51274985e-02,-1.47422612e-01,-1.43601952e-02,4.05632451e-02
-6.06787001e-03,3.93215683e-02,4.83809229e-02,2.19372552e-02,-4.94505322e-02,-1.32164369e-01,-1.17868646e-01,3.20425376e-02,4.67561571e-02,-9.81834084e-02,-1.05036828e-01,1.56651010e-02,-1.28826156e-03
2.79288051e-03,8.02949628e-03,3.74828351e-02,4.46798782e-02,8.98725990e-03,-3.10773827e-02,-7.76444772e-02,3.25633405e-02,4.37309316e-02,-1.09454574e-01,-8.92215441e-02,-1.55548611e-02,-4.70767421e-02
1.25250892e-02,-4.37301021e-02,-2.23344989e-02,2.79906572e-02,-3.62247684e-03,-1.46919802e-02,-6.59211656e-02,-8.12017268e-03,4.03119212e-02,-7.79757416e-02,-1.46454728e-02,1.60217169e-02,-6.34101259e-02
-5.59420486e-03,-1.07820036e-01,-6.59417208e-02,2.65092773e-02,1.81955092e-02,2.03303182e-02,-3.46612390e-02,-4.73906391e-02,1.28856210e-02,-3.52935392e-02,3.55385810e-02,2.54862731e-02,-8.17929221e-02
-2.71957358e-02,-8.92040137e-02,-6.19622861e-02,7.60768753e-03,6.15217635e-02,3.85052682e-02,-2.40706091e-02,-6.12874117e-02,1.26948121e-02,4.44087512e-03,6.04746354e-02,4.34406791e-02,-7.28305909e-02
-1.44611788e-02,-6.81921365e-02,-3.12406808e-02,1.54740664e-02,5.97640097e-02,3.84401915e-02,-1.52479594e-02,-6.15302795e-02,2.60340172e-02,2.48585624e-02,5.15274304e-02,4.43969294e-02,-7.28191647e-02
-1.52832163e-02,-8.44096529e-02,-5.19669778e-02,-1.02457664e-02,3.70915592e-02,2.20671354e-02,3.18574362e-03,-7.42650960e-02,-1.16472591e-02,3.33735666e-02,2.79947593e-02,1.21752337e-02,-5.31507646e-02
-2.65915609e-03,-5.71413937e-02,-4.97730172e-02,-1.43998265e-02,5.54137123e-03,4.70421689e-03,1.46141946e-02,-6.13723099e-02,-1.08765921e-02,4.96333397e-02,-9.62733588e-03,9.85231071e-03,-4.13887534e-02
1.30137443e-02,-6.39040993e-03,-8.51736438e-03,-2.59933088e-02,-1.99923883e-03,-3.37790079e-03,3.84544946e-02,-1.67229930e-02,-2.88036663e-02,4.07065361e-02,-4.59212311e-02,4.54524769e-03,-2.76837842e-02
2.57674998e-02,1.14134495e-02,-7.08347848e-03,-3.16972326e-02,-1.32790773e-02,-1.59107111e-02,3.98412769e-02,-3.58389585e-03,-6.18964959e-03,4.91836473e-02,-3.63264576e-02,1.14715788e-02,-3.94554744e-03
5.55704211e-02,4.16286236e-02,2.41866924e-02,-5.02174455e-03,5.52995358e-03,2.60884913e-02,6.93338508e-02,4.20882971e-03,1.84519020e-02,4.53832858e-02,-3.43428838e-02,-5.68397577e-03,-7.84350677e-03
5.28676187e-02,1.18951204e-02,7.86110130e-03,-3.38373615e-02,-1.01530711e-02,9.82938530e-03,4.85210861e-02,6.30421056e-04,1.81379637e-02,4.28147379e-02,-3.52968285e-02,-1.51721405e-02,7.69568218e-03
6.77048934e-02,3.28041014e-02,1.66969942e-03,-2.25710619e-02,8.27984386e-04,1.02256782e-02,4.46662517e-02,-3.10407973e-02,2.03313356e-02,3.56818186e-02,-4.15793339e-02,-1.73760316e-02,-1.16512666e-02
-3.73332471e-03,-1.13412719e-02,-2.71314682e-02,-2.51006554e-02,8.27665488e-03,1.30920600e-02,4.16597048e-02,-2.31438219e-02,3.04050130e-02,2.99281302e-02,-2.19525685e-02,-1.71601483e-02,1.53554595e-03
-1.10985797e-02,4.11587389e-03,1.41869064e-02,3.35188679e-02,4.05184980e-02,1.75676464e-02,3.46787460e-02,-3.21816562e-02,6.36613951e-02,3.84416393e-02,-2.40824550e-02,-2.66998362e-02,-2.71219343e-02
-4.33877248e-02,-1.09500314e-02,3.13930326e-04,8.19376256e-03,2.22975923e-02,2.31112707e-02,2.25987190e-02,-4.95841360e-02,4.28998490e-02,1.71502776e-02,-2.17567005e-02,-3.58960666e-02,3.50336909e-03
-5.75372409e-02,-6.67588663e-04,-1.31493898e-04,1.62469981e-02,2.22775772e-02,5.48707070e-02,4.12573065e-02,-3.90208314e-02,6.96202177e-02,2.28556375e-02,-1.46185763e-02,-3.56244403e-02,-2.11541045e-05
-7.12156045e-02,-3.30400291e-03,2.40435353e-02,-1.41234892e-02,2.87094755e-02,3.45176967e-02,2.29414371e-02,-4.14504119e-02,5.85056378e-02,-1.47654141e-02,-2.62076300e-02,-7.31938193e-02,-3.34920401e-02
-5.64369085e-02,1.43440687e-02,2.74398270e-02,-3.11649797e-02,1.78927634e-02,2.46853780e-02,-1.02338139e-02,-4.10952219e-02,3.93239795e-02,-3.84235653e-02,-1.13176148e-02,-5.91599357e-02,7.56310430e-03
-3.91632872e-02,3.57749712e-02,3.31407612e-02,-1.32846771e-02,2.32311278e-02,2.06302267e-02,-2.15744037e-02,-2.27245167e-02,3.74464313e-02,-4.75859374e-02,1.20707056e-02,-5.56283704e-02,-7.16670491e-03
-2.98097757e-02,-9.40766510e-03,1.18013993e-02,-3.17223754e-02,2.81872188e-02,2.83853069e-02,-3.20032504e-02,6.16478846e-05,1.38047813e-03,-5.31732418e-02,1.35761723e-02,-4.13602723e-02,-8.16265983e-04
3.99329568e-02,4.24087751e-02,2.59125937e-02,-1.76173906e-02,3.20848746e-02,-7.81094159e-03,-5.47823173e-02,-7.10624138e-03,-3.39258041e-03,-4.13051396e-02,9.67320371e-03,-3.68690562e-02,-3.63239427e-03
3.00991856e-02,-1.34665642e-03,5.16544546e-03,-2.52711561e-02,1.82903530e-02,-7.33245997e-03,-3.22789964e-02,2.33158566e-02,-1.58739010e-02,-4.07486431e-02,2.27171677e-02,-2.12614547e-02,1.56233413e-02
2.40266887e-02,-1.84573835e-02,1.08241436e-02,6.63141505e-03,3.47896191e-02,-9.41341671e-04,-8.90354054e-03,4.91958995e-02,1.31615759e-02,-1.15667569e-02,2.25003612e-02,-1.09911049e-02,-2.73350654e-04
2.03301065e-02,-2.47572456e-02,1.20730384e-02,1.42174900e-02,1.30972796e-02,1.25495542e-02,-1.02055566e-02,4.00685644e-02,-3.01136838e-02,3.61368256e-03,1.25094098e-02,1.07193526e-02,1.66518647e-02
9.93500488e-03,-1.31183239e-02,1.02525570e-03,1.20916341e-02,1.85703890e-02,5.08122218e-02,6.15550265e-03,2.69895806e-02,-3.89862541e-02,2.64777676e-02,4.05175770e-02,3.73947740e-02,4.91868482e-02
-2.82157435e-02,-3.06979089e-02,-1.03270943e-02,-2.08151850e-03,3.83505684e-03,3.17415437e-02,8.32399055e-03,1.64947521e-02,-4.61085946e-02,3.43744730e-02,5.01179807e-02,2.97155112e-02,2.96288986e-02
-2.59207051e-02,-2.89421557e-02,-3.87959754e-02,-3.01705999e-02,-1.88258849e-04,3.81797407e-02,1.64513577e-02,1.13378318e-02,-7.03554172e-02,3.54398551e-02,5.18643029e-02,5.45190187e-02,5.43316190e-02
-3.28497903e-02,-1.99801101e-02,-5.52286399e-02,-2.77361139e-02,-1.42375727e-03,7.37456194e-03,3.62506528e-03,-6.76511818e-03,-8.57541869e-02,4.13129221e-02,7.17753056e-02,6.68656976e-02,6.11079118e-02
-1.66074578e-02,-2.87013148e-02,-5.61895940e-02,-3.85800120e-02,1.47339503e-02,1.92753712e-02,1.41344153e-02,-1.06501660e-02,-8.88705619e-02,3.53502236e-02,7.18438101e-02,7.32388354e-02,4.09974808e-02
-1.42032456e-02,-2.17083672e-02,-5.56505909e-02,-7.42379447e-02,-1.75528281e-02,-7.12751897e-03,-1.81725460e-03,-3.20726261e-02,-9.35973306e-02,2.11979634e-02,5.57378239e-02,7.45180729e-02,3.11315263e-02
3.09205990e-02,-8.70188207e-03,-4.02435406e-02,-7.81084403e-02,-1.64310016e-02,-2.78171107e-02,-2.13741555e-02,-3.09765809e-02,-7.76256234e-02,6.66441304e-03,4.14790906e-02,7.42293830e-02,2.64038122e-02
4.01398778e-02,-8.72215822e-04,-1.66308869e-02,-9.12928273e-02,-1.70257549e-02,-1.86656624e-02,-1.59470031e-02,-1.93741119e-02,-5.34636584e-02,-1.04287743e-02,4.43308266e-02,7.74978660e-02,1.46300299e-02
4.84288036e-02,1.97684255e-02,1.23289483e-02,-7.82884127e-02,-2.48241425e-02,-7.39211663e-03,-3.00736509e-02,-1.64205760e-02,-3.97742160e-02,1.41011993e-02,2.18526482e-02,5.51014472e-02,6.12305166e-03
7.87034216e-02,3.97143223e-02,2.64880621e-02,-9.91684904e-02,-1.39186205e-02,1.41720558e-02,-7.73187898e-02,-3.35514770e-02,-2.50470058e-02,1.68772448e-02,-5.84840396e-03,3.82066447e-02,5.24006104e-02
7.19682299e-02,4.69529161e-02,8.79744005e-03,-8.32985506e-02,-2.87591293e-02,3.88564680e-02,-7.34034758e-02,-1.65678696e-02,-4.62689653e-03,1.61509733e-02,-1.20770714e-02,1.56642094e-02,6.26475633e-02
8.04393953e-02,3.93900456e-02,-2.22144103e-03,-5.45779665e-02,-2.25574871e-02,5.02786245e-02,-6.75187749e-02,1.98247666e-02,4.46605616e-03,1.14350052e-02,-2.91050786e-02,-2.23755818e-03,4.96365450e-02
4.83369050e-02,1.63927793e-02,-2.78244588e-02,-4.04245606e-02,-1.84509654e-02,4.73367912e-02,-4.75248821e-02,1.05837079e-02,4.42619719e-03,1.52536586e-02,-8.67791345e-03,-1.11135960e-02,7.12005528e-02
3.86385148e-02,-3.48480419e-03,-1.95203866e-02,-3.15272726e-03,6.22997284e-03,4.03889310e-02,-4.73796797e-03,3.77178080e-02,3.50624507e-02,1.22584432e-02,1.33040191e-02,-2.87817796e-02,5.12931903e-02
-5.57641475e-03,-3.15735514e-03,-2.28836298e-02,9.44898645e-03,2.67436548e-02,3.79904506e-02,2.66425163e-02,2.01661065e-02,2.89737413e-02,-1.28252084e-02,-8.50647217e-03,-3.75851351e-02,3.93230510e-02
3.68667072e-03,-1.82168827e-02,-3.01493622e-02,1.57361167e-02,2.69887965e-02,6.83601426e-04,6.13383524e-02,2.07907962e-02,4.45037329e-02,-3.30620093e-03,3.64136099e-03,-4.73565021e-02,-6.83403628e-03
-5.65603570e-04,-3.46218788e-02,-2.32700106e-02,4.10612010e-02,3.30276060e-02,-1.16512051e-02,7.52968810e-02,2.34576250e-02,1.04769701e-02,-2.93230999e-02,-1.51158312e-02,-6.53480035e-02,-6.05066705e-02
-1.23988054e-02,7.19945437e-03,4.50767346e-03,5.21224668e-02,1.25795177e-02,-4.03555434e-02,8.18735332e-02,1.72040245e-02,6.46855294e-03,-9.40304576e-03,-8.65063914e-05,-6.68078960e-02,-9.02951787e-02
-1.18702413e-02,-8.45404206e-03,1.02995380e-02,5.14620857e-02,3.10000361e-02,-3.66922051e-02,7.49424016e-02,2.35823650e-02,1.37153849e-02,1.65064072e-02,-2.72911205e-02,-5.66198701e-02,-7.20223424e-02
1.33218001e-02,1.86535702e-02,7.18672201e-03,3.37556161e-02,2.39380790e-02,-8.89267259e-03,5.05135634e-02,1.14164368e-02,1.39568896e-02,9.94677987e-03,-5.02673748e-02,-6.70508404e-02,-6.42991064e-02
4.00860388e-02,2.20908860e-02,7.56592775e-03,1.53269101e-02,1.57285322e-02,-1.75736885e-02,-3.73114085e-03,1.71208224e-02,2.59607058e-02,3.18370887e-02,-6.23189294e-02,-5.15447200e-02,-3.96667405e-02
5.75367970e-02,-3.41592910e-03,1.89652722e-04,-1.87841387e-03,3.49277762e-02,1.75115854e-02,-8.66059343e-03,-4.81251622e-04,4.06252468e-02,3.50147236e-02,-6.64745381e-02,-4.76761923e-02,-3.00675165e-03
8.15005104e-02,7.61167997e-04,6.66225592e-03,-1.08107345e-02,1.52560962e-02,4.57314481e-02,-2.25435262e-02,-6.51775518e-03,4.82040225e-02,2.46370662e-02,-3.59632754e-02,-9.36651287e-03,1.04406745e-02
4.24189506e-02,-6.77972486e-03,1.61492625e-02,-1.66260721e-02,4.51343717e-02,7.72848186e-02,-1.98026875e-02,-3.11838752e-02,3.03585346e-02,-6.50447820e-03,-1.68321382e-02,1.12335251e-02,4.10992973e-02
6.05270796e-02,-2.14741837e-03,2.20270629e-02,-3.81284516e-02,2.94187582e-02,7.84904555e-02,1.53644129e-02,-5.52072786e-02,1.96416414e-02,-2.59153398e-02,2.13245186e-02,1.62018223e-02,1.14313247e-02
1.08701542e-02,-5.19140180e-02,3.71632039e-02,8.50795593e-03,1.50134765e-02,6.99224286e-02,1.73536223e-02,-7.71308572e-03,8.31671817e-03,-5.90061683e-02,2.50789053e-03,2.66169855e-02,-2.33338389e-02
-1.98935818e-02,-2.25676897e-02,6.53105282e-02,4.52074625e-02,-8.64156208e-03,3.38958269e-02,3.18965639e-02,1.80890809e-02,-8.16689861e-03,-8.48365973e-02,-3.53406527e-03,4.97272315e-02,-3.96872195e-02
-6.18554362e-02,-2.22205920e-02,8.10785530e-02,1.08170883e-01,4.23562082e-03,1.25273022e-02,4.36903925e-02,6.22312627e-02,-2.60262932e-02,-1.12963356e-01,-2.30372213e-02,5.82454440e-02,-4.90531300e-02
-1.40341377e-01,-4.65912487e-03,9.20795109e-02,1.31073735e-01,1.14881793e-02,2.97986858e-03,7.46718773e-02,7.71424059e-02,-4.33814362e-02,-1.32958861e-01,-6.91742108e-03,5.08098814e-02,-5.56431131e-02
-1.55496841e-01,1.13725347e-02,8.69993680e-02,1.05292747e-01,6.63244281e-03,-2.91817682e-02,6.15801404e-02,8.02784448e-02,-5.61953324e-02,-1.14480042e-01,-2.85432474e-02,4.97586811e-02,-2.43459076e-02
-1.37821365e-01,5.23956922e-03,8.87099340e-02,1.16276128e-01,5.93617245e-02,-4.51990732e-03,8.25857435e-02,7.31707812e-02,-6.61936267e-02,-9.52795273e-02,-3.73627604e-02,-6.60185692e-03,-3.56422304e-03
-9.16067877e-02,3.46396852e-02,7.39520899e-02,1.08792831e-01,6.32253364e-02,8.11081420e-03,6.34488668e-02,4.66872809e-02,-5.04264687e-02,-5.32568022e-02,-3.25853419e-02,-1.07954641e-02,2.33863441e-02
-8.74612623e-02,8.81527323e-03,4.92033026e-02,7.92877821e-02,6.30578991e-02,1.51109598e-02,4.41825317e-02,7.55760415e-03,-4.80950402e-02,-3.70635394e-02,-7.80625082e-03,-2.00962882e-02,5.57810016e-02
-2.82908767e-02,1.82888699e-02,3.65850648e-02,6.03738362e-02,6.36425008e-02,1.16914303e-02,2.95354521e-02,-3.81909980e-02,-3.77727922e-02,4.42845655e-03,3.07015426e-02,-7.06294145e-02,3.92667879e-02
-9.58312985e-03,-1.03000113e-02,2.38145307e-02,5.64765332e-02,4.32100657e-02,2.50519885e-02,2.70508448e-02,-3.61865714e-02,-5.05103032e-03,-1.21757688e-02,5.21729985e-03,-4.85828176e-02,3.95103378e-02
4.25318972e-03,-1.11829167e-02,2.01855073e-02,6.02183427e-02,2.10903024e-02,-2.58715365e-03,1.59689662e-03,-4.34487392e-02,1.39144803e-04,4.04366793e-03,2.53662671e-02,-3.12567822e-02,2.41302695e-02
4.69372730e-02,-2.00693798e-02,-9.43331749e-03,6.46635294e-02,1.80917814e-02,-3.48181613e-03,-4.37851458e-02,-3.85623232e-02,4.77134979e-03,-2.42052729e-02,1.32610104e-03,-2.01766321e-02,-8.22826668e-04
4.46081063e-02,-4.24738057e-03,-3.55697783e-02,3.77543422e-02,-2.25538914e-03,-1.84937842e-02,-3.09725720e-02,-2.68269671e-02,6.94880574e-03,-4.11854989e-02,1.77152203e-02,9.50527528e-03,3.72398883e-03
2.77089456e-02,-2.61075400e-02,-6.29394913e-02,5.98692781e-03,-3.48318612e-02,-4.21443161e-02,-1.64322801e-02,-1.37263431e-02,-1.78637721e-02,-3.31827596e-02,1.38135317e-02,9.56415365e-03,-8.91113652e-03
3.57049368e-02,-2.42349321e-02,-6.07864708e-02,-2.42060428e-03,-2.88831855e-02,-6.75094703e-03,1.51855601e-02,-1.24645338e-02,-3.92332439e-02,-3.11893841e-02,2.77000058e-02,1.43211445e-02,-3.61953284e-02
5.16157093e-02,-1.88204910e-02,-3.18810560e-02,1.20889488e-02,-3.72741172e-02,-2.28026805e-03,2.55373602e-02,1.25683440e-02,-2.94161774e-02,-3.20771095e-03,3.68981594e-02,2.51097764e-02,-3.35415396e-02
4.61743875e-02,-2.98647691e-02,-2.10399808e-02,8.95811543e-03,-3.83006671e-02,-3.79531537e-03,2.28335468e-02,5.78718908e-03,-1.49080779e-02,8.50784863e-03,1.22989437e-02,2.26731985e-02,-2.74732164e-02
4.01351298e-02,-5.56044969e-02,-1.11407830e-02,-1.90784752e-02,-4.94429558e-02,-2.23729323e-02,-1.06835916e-03,-5.22098209e-03,-1.32477785e-02,2.57296305e-02,1.09982467e-02,-1.36959019e-03,-1.72367963e-02
3.00406610e-02,-3.48553461e-02,1.36518048e-02,-1.55650208e-02,-2.49237927e-02,5.58779670e-03,2.07005713e-02,1.13789494e-02,7.32314732e-03,1.84899178e-02,-1.93540451e-02,1.97129997e-02,-8.36574911e-03
2.81216244e-02,-2.21101155e-02,4.81938205e-02,5.29121432e-03,-2.23436269e-02,1.10680089e-03,1.08047174e-02,2.47278241e-02,2.49386736e-02,4.01269749e-02,3.27967823e-04,1.47190234e-02,-3.50865625e-02
2.04311680e-02,-1.62975267e-02,5.14247328e-02,-5.99371869e-03,-1.12190566e-02,2.85423670e-02,3.38251745e-04,1.66451590e-02,3.09157649e-02,1.59089907e-02,-2.11565787e-02,1.79899566e-02,-3.58361470e-02
2.73764946e-02,-7.11369609e-03,4.90485170e-02,-1.51501993e-02,-6.25702489e-03,3.71939928e-02,8.74985401e-03,1.53960654e-02,2.65968265e-02,9.06607425e-03,-2.73347329e-02,1.09435867e-02,-2.95017896e-02
1.71395036e-02,7.71335145e-03,5.39581334e-02,-1.86012527e-02,-8.87756306e-03,1.72947986e-02,8.48691695e-03,-7.96187151e-03,1.27118176e-02,2.81066817e-02,-1.42282368e-03,-5.44962206e-03,-3.70948755e-02
-1.17874850e-02,3.05729475e-03,3.21381683e-02,4.68545084e-03,1.13622837e-02,4.68889105e-02,4.63271489e-02,-1.14261948e-02,-1.68578202e-03,6.54695248e-04,1.75093227e-02,6.63527132e-03,-2.87442441e-02
-1.79595886e-03,-2.85528918e-03,1.77064798e-02,1.86839101e-03,-1.21900556e-02,3.35310614e-02,3.70688820e-02,-9.14662306e-03,-4.06306926e-03,-4.49733843e-03,2.53711878e-02,2.74285243e-02,-2.22342767e-02
-3.54499297e-03,-1.62808132e-03,2.98366064e-02,4.47999429e-02,4.31614013e-03,2.57071567e-02,3.37468561e-02,-2.00272908e-02,5.24900597e-03,-4.79888483e-03,1.24729358e-02,1.21226797e-02,-1.07829014e-02
3.16035034e-03,-1.08779085e-02,5.17377628e-03,3.98302410e-04,-2.35140542e-02,-1.92069920e-03,1.38859901e-02,-5.35105416e-02,-4.39980669e-03,-2.39549891e-02,6.88351843e-03,1.78676975e-02,2.66865501e-02
-3.89455472e-02,2.94172710e-02,-3.60283232e-03,1.84252257e-02,-1.63711829e-02,-5.54497352e-03,1.93903705e-02,-4.38800010e-02,-1.24561138e-02,-2.49180497e-02,-2.68044063e-02,1.35583006e-02,2.25856261e-02
-4.46134792e-02,4.65905608e-02,-2.07488169e-02,1.58806816e-02,-4.70533789e-02,-1.69366360e-02,-2.02267499e-02,-8.91724377e-03,7.94892966e-03,-6.96742698e-03,-3.62873943e-02,-1.43759941e-03,3.06026921e-02
-9.58896421e-03,7.13634199e-02,-4.15725001e-02,3.26958412e-03,-7.56160679e-02,-2.07741113e-02,-5.58261444e-02,9.29726958e-03,9.79586006e-03,-1.94713240e-02,-4.73207127e-02,3.12009323e-03,3.05501285e-02
-1.52302247e-02,7.41472110e-02,-5.18493276e-02,-8.27406982e-03,-7.56375246e-02,-3.61369884e-02,-9.48500664e-02,4.68338684e-02,5.45187015e-03,-1.31111934e-02,-7.13452164e-02,-3.26852773e-02,1.45244752e-02
-1.72457543e-02,6.42125794e-02,-5.87627670e-02,-4.07874499e-02,-8.93692704e-02,-7.41447150e-02,-9.24253320e-02,4.82467638e-02,1.39841540e-02,2.85787081e-02,-3.65819319e-02,-1.45185360e-02,7.42262848e-03
-2.33977839e-02,3.84913717e-02,-6.78702164e-02,3.86613333e-03,-5.58802745e-02,-3.71820171e-02,-4.97089501e-02,5.89497570e-02,2.47296514e-02,7.39284984e-03,-4.32981908e-02,-2.65651158e-02,-1.47259763e-02
-1.99326377e-02,-3.30951475e-03,-1.20276313e-01,-1.18949580e-02,-6.91508649e-02,-7.73194876e-02,-2.69067455e-02,5.15717864e-02,1.92932353e-02,3.40983372e-02,-3.26816107e-02,-2.50158760e-02,-4.00398057e-02
-3.60361821e-02,-4.08217093e-02,-6.61571283e-02,1.34191015e-02,-2.77185214e-02,-5.71924460e-02,-2.10686099e-02,4.77231695e-02,1.59457793e-02,2.88407848e-02,-3.19673970e-02,1.69585085e-03,-3.40282469e-02
-1.79797280e-02,-4.03925163e-02,-2.56369851e-02,-9.17104261e-03,-1.07992356e-02,-6.03362720e-02,-1.06921420e-03,2.26301799e-02,1.76041842e-02,2.83869922e-02,-6.23877107e-03,9.96575030e-03,-3.49232411e-02
-3.45298228e-02,-3.58006558e-02,-8.68509509e-03,6.78735234e-03,1.84475597e-02,-1.13678103e-02,2.99661909e-02,1.73575636e-02,2.21713022e-02,2.11587931e-02,-1.11475208e-02,1.22507340e-02,-3.71707150e-02
-7.07155335e-02,-8.48435095e-03,3.03003488e-02,1.96084744e-03,4.72970939e-03,4.23451935e-03,3.65995938e-02,-8.86414225e-04,1.40242260e-02,2.07017406e-02,5.72229727e-03,1.68995063e-02,-3.15637385e-02
-2.99033286e-02,6.67052188e-03,4.63783852e-02,2.09781009e-02,1.24282138e-02,2.47101836e-02,3.59219814e-03,-1.78615238e-02,1.07359556e-02,-8.88746603e-03,2.11996290e-02,1.33659439e-02,-3.47673720e-02
-1.12460285e-02,2.94957913e-02,6.39291798e-02,1.22602282e-02,3.75036922e-02,3.83413437e-02,-5.46966249e-03,4.74494722e-04,-3.01283215e-03,-3.05872496e-02,-1.78678648e-03,-1.77737759e-02,-3.47549610e-02
-4.44818841e-02,6.62131636e-03,6.09644182e-02,-1.63010953e-02,4.23315041e-02,3.49846084e-02,7.02352330e-03,8.62977243e-03,2.43485277e-02,-8.61861083e-03,8.70395520e-03,-2.38807892e-02,-1.11623942e-03
-2.82634333e-02,6.80178229e-03,2.85623820e-02,-3.47219990e-02,7.53399261e-02,7.96900665e-02,-5.24046574e-04,-4.11519013e-02,5.67481033e-02,-1.15191318e-02,-1.12606836e-02,-4.96401023e-02,1.81707035e-03
-1.26317363e-02,1.58173186e-02,-3.41695871e-02,-3.81080391e-02,5.10785862e-02,6.39422178e-02,1.19308309e-02,-7.67190947e-02,4.35336060e-02,1.22581209e-03,-2.74643451e-02,-6.90041611e-02,-2.18230243e-03
-2.98364499e-02,2.83344612e-02,-2.50104298e-02,-2.09791979e-02,5.09026760e-02,8.99605695e-02,1.93351694e-02,-7.84375053e-02,4.24598673e-02,2.46068341e-02,-4.76001219e-02,-6.32822032e-02,7.81407538e-03
-1.64570732e-02,4.01595413e-02,-3.58467007e-02,-4.04281386e-02,1.66830219e-02,6.77435049e-02,1.36792603e-02,-1.07011751e-01,2.04534227e-02,3.86923319e-02,-3.95935762e-02,-8.54986509e-02,1.59615559e-02
-2.34208716e-02,3.76032170e-02,-7.03693376e-02,-6.78474696e-02,-2.02747585e-02,6.57310258e-02,-5.57821431e-03,-1.01533184e-01,4.48223687e-02,6.61028417e-02,-2.19118003e-02,-8.79329884e-02,3.65202302e-02
-2.52662538e-02,5.94387034e-02,-4.24091961e-02,-4.47091442e-02,-1.13624772e-02,5.81776355e-02,-8.86354432e-03,-1.04046310e-01,4.84342504e-03,6.76887372e-02,1.38126400e-02,-6.53834758e-02,1.58790085e-02
-1.83013454e-03,4.86586558e-02,-4.59807288e-02,-6.46932794e-02,-4.80349150e-02,3.47713446e-02,-3.86687225e-02,-7.89064146e-02,-1.19718696e-02,2.99097231e-02,1.15680927e-02,-4.66477489e-02,-1.21776943e-02
2.17695646e-02,3.08216684e-02,-5.67518616e-02,-5.66082520e-02,-6.00224312e-02,-1.63788177e-02,-6.53392766e-03,-8.05731986e-03,-3.40563836e-02,-3.20502024e-03,3.40653003e-02,-1.94153563e-02,-8.60637433e-03
2.88958611e-02,2.72579970e-02,-3.16098736e-02,-2.53839650e-02,-3.79281386e-02,-2.01225947e-02,1.34704717e-02,2.93052645e-02,-2.90942127e-02,-2.12354302e-02,5.68581967e-02,4.27947643e-03,-1.71021338e-02
3.55475100e-02,2.66606301e-02,-2.25015513e-02,-2.77811187e-02,3.03339391e-02,-2.39572203e-02,4.18683986e-03,3.20260606e-02,-1.51183463e-03,-2.49031241e-03,7.35213084e-02,-6.64234950e-03,-1.12596060e-02
2.76338039e-02,1.40339085e-03,-4.89728203e-02,-6.48275923e-02,2.59772749e-02,-1.60999627e-02,3.61639395e-03,4.29999164e-02,-7.12748588e-03,-5.33565257e-03,5.74749805e-02,2.97546582e-02,8.78426742e-03
-2.66246184e-02,-4.01687976e-02,-5.18723657e-02,-5.54141831e-02,4.07174937e-02,-4.82046777e-02,2.90209047e-03,7.09760350e-02,1.83174224e-02,-2.52830452e-03,1.91578898e-02,6.24841358e-02,8.10762000e-03
-5.70138462e-02,-6.16639104e-02,-6.55623434e-02,-2.97535464e-02,5.28620963e-02,-2.43192183e-02,6.95236007e-03,8.23030035e-02,4.56537548e-02,-8.34262253e-03,1.80699784e-02,6.78116166e-02,4.10311459e-02
-1.03837422e-01,-5.54990308e-02,-5.88733499e-02,-2.02784732e-02,2.56165485e-02,-4.50672648e-03,-8.96546985e-03,1.10554467e-01,8.64069614e-02,3.45410591e-02,1.42831997e-02,3.76081586e-02,1.86822833e-02
-9.57623522e-02,-2.27327938e-02,7.02405695e-03,5.31366219e-02,6.53173585e-02,1.78339526e-02,-3.21574592e-02,8.19879148e-02,5.26238912e-02,2.76586890e-02,1.57725474e-02,2.49156384e-02,2.29613715e-02
-7.36210880e-02,3.36935345e-03,4.63086369e-02,6.11689359e-02,2.98081954e-02,4.24365154e-03,-5.77749973e-02,5.81353327e-02,2.28877939e-02,-4.24351102e-03,-2.86836473e-02,1.61614086e-02,-6.08550615e-03
-1.01357443e-02,1.85284676e-02,3.03726221e-02,7.60497369e-02,-4.45984735e-03,-2.86139549e-02,-6.83766666e-02,7.78005039e-02,-2.72978792e-03,-2.99431655e-02,-3.13702901e-02,4.71436991e-03,7.06787622e-03
2.88403717e-02,5.41898466e-02,6.42017275e-02,1.00073604e-01,-1.37012438e-02,-4.26911734e-02,-7.87486258e-02,4.53506391e-02,-2.79310514e-02,-3.95848775e-02,-8.93761201e-03,-5.32820987e-03,-2.36713482e-02
1.02682567e-01,7.51664052e-02,5.59075986e-02,9.05132188e-02,6.32726775e-03,-6.19892174e-02,-8.04173392e-02,5.36369871e-03,-5.84717251e-02,-5.11275738e-02,-5.76607947e-03,-3.68429286e-02,-2.82609881e-02
1.24803089e-01,6.06815201e-02,4.84385714e-02,5.13230121e-02,-1.48705385e-02,-5.81976167e-02,-3.74769125e-02,-8.56624302e-03,-5.44021576e-02,-1.63337134e-02,7.65504337e-03,-2.72712151e-02,-1.77913074e-02
1.33573608e-01,1.15962388e-02,2.31532991e-02,4.79976121e-03,-9.10055774e-03,-9.09992089e-02,-1.40740229e-02,-1.81829854e-02,-5.07467080e-02,-1.74371898e-02,8.99948623e-03,2.63675498e-02,-3.36333609e-02
1.08812733e-01,-2.46772541e-02,-6.37072777e-03,-1.18508848e-02,2.54605317e-02,-5.71448634e-02,7.66323122e-03,1.21323784e-03,1.93702426e-03,-2.63981633e-02,1.72859244e-02,6.64856978e-02,-1.49698830e-02
6.17898247e-02,-8.83965193e-02,-3.34174506e-02,-6.91922371e-02,2.83314905e-02,-2.11505108e-02,3.19104607e-02,2.87643704e-02,1.96668302e-02,3.10890113e-02,2.84153007e-02,4.67905529e-02,-4.26996550e-02
4.90470915e-02,-8.19106681e-02,-1.26223396e-02,-6.49797351e-02,3.11993933e-02,1.25082396e-02,3.97210539e-02,4.77717992e-03,-1.20646080e-02,2.89808689e-02,4.14360636e-02,7.95776580e-02,-2.66236928e-02
5.18003563e-02,-3.75714708e-02,6.58769404e-03,-2.52707970e-02,5.61339763e-02,2.85867288e-02,3.95612632e-02,-7.98342454e-03,-2.83997741e-02,6.80164815e-04,-1.37656596e-02,8.06992403e-02,-4.54085295e-03
7.72970571e-02,-7.02828868e-03,-8.13953557e-03,-3.97665661e-03,3.79204035e-02,3.32664776e-02,2.29579448e-02,-3.99868785e-03,-4.55298314e-02,-2.42447087e-02,-7.42857652e-03,6.51941797e-02,4.11234249e-03
3.67217843e-02,2.98351353e-02,2.04834009e-02,1.99911550e-02,6.62037703e-02,4.98625426e-02,2.68421497e-02,1.39458640e-02,-3.59721019e-02,-3.41256890e-02,-3.07356583e-03,3.18147339e-02,-1.13972534e-03
1.86297046e-02,3.01250513e-02,-1.32695828e-02,1.39253225e-02,6.01274622e-02,-5.41955677e-03,-2.57761948e-02,4.78047015e-03,-7.47242175e-02,-6.99103140e-02,3.62975027e-02,3.52176592e-02,2.77096145e-02
-3.28124381e-02,4.01297545e-02,1.19165921e-03,7.00768863e-02,6.73449798e-02,-1.76330029e-02,-2.01377022e-02,-1.70679058e-02,-5.31680316e-02,-6.09322156e-02,3.15134216e-02,1.13661200e-02,3.51434776e-02
-1.45871896e-02,6.60296295e-02,-7.02362040e-03,8.71946099e-02,4.04512629e-02,-3.70636344e-02,-1.91903963e-02,4.31842425e-03,-2.89076255e-02,-5.15312322e-02,4.55269628e-02,4.88890913e-03,4.09124053e-02
-2.16315040e-02,5.47367433e-02,-8.23875280e-03,8.65794050e-02,4.24543641e-02,-1.65105335e-02,9.76386549e-03,3.45894721e-02,4.82054550e-03,-6.06581881e-02,5.65328087e-02,-1.15400638e-02,9.68597182e-03
-2.76745254e-02,1.14954038e-02,6.08465050e-03,6.00279555e-02,4.04827730e-02,-2.14123202e-02,-1.40969159e-02,4.92547729e-02,3.72019309e-02,-4.88695037e-03,5.47317932e-02,-4.78707673e-02,-3.07452592e-02
-7.38293309e-02,-2.57478357e-02,-6.98149174e-03,1.94428703e-02,-4.58490298e-03,-7.07904056e-03,-5.00982323e-03,5.97793079e-02,3.56844628e-02,3.16083567e-02,9.19795178e-02,4.26988900e-03,-2.54868299e-02
-4.50288525e-02,-1.94464872e-02,1.93185957e-04,3.08496385e-02,-1.31266066e-02,1.97524283e-02,2.11088148e-02,1.74769147e-02,3.23630090e-02,5.63963017e-02,1.93883273e-02,-6.84022539e-03,-1.29797362e-02
-9.80970704e-03,-1.05814288e-02,-4.93832449e-03,1.43932130e-02,-3.91331980e-02,2.26097761e-02,4.11344397e-02,-1.30811790e-02,1.58857181e-02,3.41463605e-02,-2.45604870e-02,-2.56459805e-02,-1.37046828e-02
-1.21143158e-02,1.59078301e-02,4.34182584e-04,-2.32509934e-02,-1.23288243e-02,9.23523190e-02,7.61706018e-02,-9.57408600e-03,4.45591232e-02,3.02387836e-02,-4.75886453e-02,-2.32316338e-02,-2.20677220e-02
4.36164087e-03,-9.93428624e-03,-8.85565083e-03,-6.48984056e-02,-3.59573043e-02,7.68350510e-02,4.20784891e-02,-4.25062597e-04,1.92289973e-02,2.41664543e-02,9.67990508e-03,2.04127095e-02,6.13814341e-03
-1.65609280e-02,-7.55515404e-03,1.67284895e-03,-3.42675998e-02,5.51828812e-03,1.06939257e-01,4.16918848e-02,-4.44292683e-02,1.28501848e-02,3.01803982e-03,-3.23819677e-02,2.51173265e-02,7.30695783e-03
1.40433861e-02,1.81347587e-03,1.44270292e-02,-3.79222095e-02,-8.91737868e-03,5.25388733e-02,2.39124449e-02,-1.55278700e-02,4.73902704e-03,-1.83044641e-02,-3.97433331e-02,3.67842543e-02,2.64862187e-02
8.78507398e-03,-6.16880676e-02,-9.42030580e-03,-4.59473107e-02,-1.33833489e-03,4.02155064e-03,3.67168373e-02,-1.79577199e-02,-2.77950586e-02,-3.82225215e-02,-4.91451430e-02,3.76172209e-02,1.97138621e-02
2.29731447e-02,-6.31413662e-02,2.00490273e-02,-8.50195818e-03,1.43469412e-02,-3.11287847e-02,1.82771769e-02,1.69466375e-02,-5.07092506e-02,-1.64826207e-02,-2.96045387e-02,2.77983714e-02,7.25542874e-03
-4.49404424e-02,-1.02152390e-01,-3.69531118e-04,8.91609611e-03,2.38391159e-02,-4.39869206e-02,3.60324848e-03,6.57739963e-02,-5.65390214e-02,-1.56529936e-02,-2.41869317e-02,2.53216589e-02,8.26970244e-03
-5.60996438e-02,-7.94219462e-02,9.84645948e-03,2.23434866e-02,-4.76170426e-04,-6.25535078e-02,9.58476332e-03,7.02196241e-02,-6.27561577e-02,-5.28392627e-03,-1.27932761e-02,-1.04816159e-03,-1.82376762e-02
-7.69934494e-02,-7.47049067e-02,-2.21613555e-02,2.24519320e-02,5.74136018e-03,-8.18084768e-02,-3.49511996e-03,6.16002442e-02,-1.04384785e-01,-4.64132073e-02,-3.22460397e-02,-2.53874662e-02,1.53684245e-02
-7.08837314e-02,5.68472404e-03,-1.09842595e-02,4.74836515e-02,2.64407120e-02,-4.00931437e-02,2.65520363e-02,3.34271733e-02,-8.46635517e-02,-2.41184861e-02,-2.09677518e-02,-1.66471272e-02,1.10438052e-02
-4.79324979e-02,4.52214663e-03,-1.09322404e-02,5.41510541e-02,3.89564409e-03,-2.79519254e-02,-8.39840553e-03,3.16528563e-02,-9.49182465e-02,-2.39293575e-02,-8.78623156e-03,-3.48465585e-02,2.92093333e-02
-1.49723176e-02,5.52738077e-02,-2.34840751e-02,5.99752023e-02,1.99531369e-02,1.38517345e-02,-1.56176578e-03,1.93203441e-02,-5.18462977e-02,-2.71532286e-02,-1.44736082e-02,-3.63339946e-02,2.14333875e-02
1.12903805e-02,5.87744151e-02,2.32574248e-02,6.50921896e-02,3.12280689e-02,2.04243516e-02,-1.20873319e-02,1.29808341e-02,-5.46699230e-02,-5.65896331e-02,8.07950890e-03,-2.05929433e-02,2.27377203e-02
3.66197224e-02,2.48148587e-02,1.71693616e-02,6.41196536e-02,1.67818726e-02,-8.54714331e-03,-2.42822192e-02,-1.12171256e-02,-2.04141455e-02,-3.89581630e-02,-5.67505715e-03,-2.98967785e-03,1.12815866e-02
4.83368892e-02,-7.25971895e-03,2.61591897e-02,4.60635439e-02,1.06374319e-02,-1.30752336e-03,2.00893172e-02,-1.17372312e-02,-5.79380742e-03,-2.22527013e-03,2.83906715e-02,3.88092736e-02,3.24806074e-02
3.68775346e-02,-6.68852976e-02,-8.55800985e-03,1.58073255e-02,1.91583575e-04,-3.90835372e-03,1.41596388e-02,-8.86445235e-03,3.49873521e-02,9.24497626e-03,6.72500841e-03,3.73181459e-02,4.38577153e-02
3.95607557e-02,-4.56645705e-02,2.05523573e-02,-1.55417376e-04,-2.59227762e-02,-1.50376159e-02,8.01251688e-03,-2.89546311e-02,5.43005489e-02,2.09117468e-02,1.45793997e-02,2.13780039e-02,-5.84637253e-03
3.31972765e-02,-5.25232856e-02,1.76775882e-03,-3.72455232e-02,-4.12484879e-02,-9.67798691e-03,-2.37614619e-02,-3.44764603e-02,4.33550858e-02,-1.05725771e-03,2.22572291e-02,3.94289985e-02,8.78471498e-03
3.92736029e-02,-1.30680081e-02,8.53351080e-03,-2.14302952e-02,-4.67176994e-02,1.13705311e-02,-8.47731563e-04,-6.32788355e-02,6.14075451e-02,3.04285678e-02,2.57486008e-02,6.49932128e-02,-2.63093146e-03
3.83009894e-02,-1.37945209e-02,2.18484876e-02,8.07505999e-03,-4.53301186e-02,3.36637086e-03,-1.20900495e-02,-5.12996875e-02,4.66896485e-02,1.54492338e-02,-1.19591531e-02,1.53648487e-02,1.72444935e-03
4.04561274e-02,4.04079878e-03,-1.38731232e-02,-1.27541267e-02,-4.35007854e-02,-7.47805762e-03,1.12235942e-02,-1.97381031e-02,6.61860179e-02,2.47487297e-03,-2.20602424e-02,4.83927624e-04,-2.67932391e-02
3.51061061e-02,1.87075724e-02,4.85932072e-02,2.84069506e-02,-6.14110767e-03,1.20011476e-02,-3.93048400e-03,-2.11242389e-02,2.85178920e-02,-4.95300217e-02,-2.03804531e-02,-1.33150268e-02,-4.07950662e-02
4.21061834e-02,3.78531378e-02,6.65060085e-02,1.65138760e-02,-1.44374122e-02,-7.79470368e-03,-3.07713789e-02,-2.53304325e-02,1.97760974e-02,-5.20270340e-02,-3.81430681e-02,-3.05607401e-02,-4.93348082e-02
2.81442713e-02,3.01845290e-02,8.17312367e-02,4.29764865e-03,3.46184766e-03,8.98012675e-03,9.32234774e-03,5.51297892e-03,2.28903322e-02,-4.56486101e-02,-4.34982367e-02,-3.45237071e-02,-5.51067405e-02
-3.03707239e-03,-1.60303805e-02,3.85894520e-02,-4.21883231e-02,1.34870949e-03,-1.23814050e-03,2.62263151e-02,3.52751525e-02,2.98284898e-02,-3.75288304e-02,-4.85042296e-02,-4.09805900e-02,-3.30034012e-02
-2.23742745e-02,-1.26460036e-02,5.05683766e-02,-4.90164354e-02,-7.34453319e-03,-1.38433090e-02,4.11021043e-02,8.22749797e-03,-1.28120080e-03,-3.28878506e-02,-4.55450278e-02,-3.68220608e-02,-5.04939427e-02
-2.44424275e-02,-4.88861897e-03,3.41029311e-02,-6.80587386e-02,-2.00981024e-02,-1.89493353e-02,2.23923678e-02,7.16072773e-03,-1.19954151e-02,-4.06044138e-02,-3.41551399e-02,-2.46634576e-02,-5.29959466e-02
-3.29765121e-02,-1.14637460e-02,2.04654708e-02,-4.85379067e-02,-1.82455012e-02,-2.32474549e-03,2.03887206e-02,1.35291622e-03,7.70671311e-03,-1.69050308e-02,-1.85248289e-02,1.13167298e-02,-5.15246289e-02
-1.68552708e-02,7.91170614e-03,2.00155377e-02,-4.29724100e-03,4.89302318e-03,9.46540663e-03,1.03907136e-02,3.80260752e-03,-4.54474586e-03,-2.16532407e-02,-1.33899571e-02,1.21215772e-02,-6.80775652e-03
-4.78804946e-02,-2.72242622e-02,-3.84054837e-02,-5.63907439e-03,-3.19530488e-03,5.19093128e-03,8.87824046e-03,1.68651220e-02,-3.24377393e-03,-1.92960359e-02,-7.48491373e-03,2.25575277e-02,-6.44162006e-03
-8.78859802e-02,-5.13446434e-02,-3.04310947e-02,3.95198004e-02,6.34102730e-02,2.23908058e-02,1.25164205e-03,3.59457177e-02,2.17917333e-02,-1.43006374e-02,-4.51266131e-03,2.01879786e-02,-2.56013397e-02
-5.73295930e-02,-1.44428893e-02,-1.68170764e-02,2.97062029e-02,3.36157202e-02,1.55323754e-02,-4.11533683e-02,1.06169382e-02,-1.35633739e-03,-5.75917496e-03,3.04672263e-03,3.70135083e-02,1.13674373e-02
-8.67932302e-02,1.21531588e-02,8.42915778e-03,8.79002067e-02,4.62269972e-02,3.73778833e-02,-7.28224637e-02,-6.21760513e-03,-7.89045643e-03,-2.05598848e-02,-1.27681934e-02,-2.82401381e-03,1.15934136e-02
-6.36930835e-02,3.81277879e-02,-1.66201461e-03,1.00972958e-01,4.65936496e-02,4.55604943e-02,-5.82322113e-02,3.02619197e-03,1.51367266e-02,9.28909629e-04,-1.89707727e-02,-3.63928756e-02,3.42050427e-02
-8.41634187e-02,3.71994233e-02,-3.11822987e-02,8.88273741e-02,2.22601018e-02,6.18552740e-02,-2.53225849e-02,-9.68707837e-03,1.65281341e-02,1.15537621e-02,-1.20083901e-02,-2.50003520e-02,5.83237754e-02
-5.69140230e-02,8.82845980e-02,-2.86454917e-02,4.74741037e-02,-2.75558297e-02,3.30501142e-02,-4.09585496e-02,-3.12578111e-02,4.12279764e-02,4.75656655e-02,3.27774911e-03,-4.00174507e-02,4.91895373e-02
-2.39291896e-02,1.48084910e-01,-9.26317983e-03,1.22512206e-02,-2.28716963e-02,5.49409308e-02,-3.06066248e-02,-2.57800428e-02,5.27869863e-02,1.74592929e-02,-8.69716642e-03,-8.58694390e-03,5.26064685e-02
2.62537350e-02,1.90010104e-01,1.56397329e-02,2.56522872e-02,-2.44853227e-02,3.10556268e-02,-5.44494404e-02,-2.21220113e-02,4.99722114e-02,-1.07045155e-02,-2.81823328e-02,1.05411952e-02,9.27421045e-02
8.44029347e-02,1.77728994e-01,-1.58391871e-02,-4.10059901e-03,-4.29761845e-02,1.73283813e-02,-5.63870361e-02,-1.16722076e-02,4.81755988e-02,-2.91426263e-02,-2.52166171e-02,1.43301965e-02,7.61503563e-02
3.01145525e-02,1.01836022e-01,-5.51204339e-02,-5.76304669e-02,-7.58624495e-03,-1.48006736e-02,-1.43690076e-02,2.00758364e-02,3.82813077e-02,-1.08132726e-02,-1.14271356e-02,2.24988553e-02,2.74419367e-02
8.94119152e-02,8.98281997e-02,-2.54386260e-02,-8.91048301e-02,-2.09578500e-02,-6.03442778e-02,-8.16675036e-03,3.35547277e-02,2.32083726e-02,8.43625833e-03,-9.32125438e-03,6.00742710e-02,1.96136533e-02
3.75010324e-02,4.68932193e-02,1.91969244e-02,-5.78934602e-02,1.28739109e-02,-5.19067353e-02,-1.59910521e-02,4.10031208e-03,-1.19330692e-02,1.60520072e-02,-2.60779894e-02,1.42245478e-02,-2.35820510e-02
5.44126251e-02,1.96173769e-02,4.47880126e-03,-4.61249622e-02,3.85942071e-02,-7.87497968e-02,-2.31552302e-02,8.48022771e-03,1.95305509e-03,1.82350851e-02,-2.42125594e-02,-1.44917023e-02,-4.48402056e-02
1.60571253e-02,-3.83467485e-02,-4.67596575e-02,-6.65867847e-02,4.94400954e-02,-4.92112282e-02,-1.35782438e-02,-1.10459794e-02,1.38070985e-02,1.28939550e-02,-2.50608997e-02,-2.34274030e-02,-1.89225958e-02
2.49349681e-02,-5.02269893e-02,-5.35771858e-02,-6.60094221e-02,3.59310609e-02,-2.69128898e-02,5.42553347e-03,-4.49846077e-02,5.36574764e-02,8.15215947e-02,-7.26630153e-03,-3.50653955e-02,-1.43532524e-02
3.24759916e-02,-3.33686163e-02,-1.44735469e-02,-5.02132637e-02,5.28735491e-02,2.28231738e-02,1.03402799e-02,-6.90266748e-02,4.61045296e-02,5.13971354e-02,-1.26819475e-03,-9.19503089e-03,-2.06004828e-02
3.69966545e-02,-1.00183353e-02,2.32110265e-02,-7.23055160e-03,3.47881510e-02,-1.15486961e-02,-3.12365269e-02,-4.72098640e-02,5.28048844e-02,2.11811033e-02,1.43669547e-02,1.67456089e-02,1.41229374e-03
8.46154925e-02,-5.62771882e-03,9.02912483e-03,1.09636846e-03,1.94483797e-02,1.64701364e-02,-1.42706398e-02,-3.31586068e-02,2.96972431e-02,-1.35709770e-02,2.64085153e-02,-7.32857703e-03,7.70339235e-03
5.32944898e-02,-3.13836578e-02,-3.40962948e-02,-1.97701544e-04,-1.77842495e-02,-8.53081285e-03,1.94273283e-02,-2.46143500e-02,-1.70819759e-02,-8.49362308e-03,4.34318010e-02,-3.80416188e-03,2.16646182e-02
2.40783197e-02,-5.72218967e-02,-5.83316969e-02,9.34163050e-03,-2.60310940e-02,-2.19126824e-02,3.52758420e-02,-1.49820674e-02,-2.83611279e-02,-8.55930690e-03,2.44340368e-02,-8.75163310e-04,1.07174052e-02
1.11999735e-02,-5.21715596e-02,-3.81226733e-02,3.34723724e-02,-1.02547295e-02,-1.62802447e-02,6.37483857e-02,-1.38333269e-02,-5.47193318e-02,3.00588230e-02,2.16750425e-02,-1.90363328e-02,-1.12652299e-02
1.24312706e-02,-6.19730922e-02,-4.69757561e-02,2.53242299e-02,-3.05624471e-02,-3.54565836e-02,4.47850514e-02,-7.94270889e-03,-4.12016499e-02,5.29880302e-02,1.54277848e-02,-3.95861930e-02,-4.37624060e-02
-1.09381159e-02,-7.34569680e-02,-6.98686341e-02,-1.04971186e-02,-3.84841437e-02,-2.64317928e-02,9.52964180e-03,-2.70136421e-02,-4.83880519e-02,1.22486874e-02,3.37611887e-04,-3.73445592e-02,-3.66745328e-02
-4.54548210e-02,-8.30995796e-02,-1.09902911e-01,-6.95596924e-02,-3.21136448e-02,2.18608578e-02,1.62820161e-02,-2.93559904e-02,-1.61837832e-02,5.32052173e-02,-7.36153761e-03,-2.74280608e-02,-9.82072504e-03
-3.81747070e-02,-5.38976921e-02,-5.12433893e-02,-4.48632100e-02,-1.87495285e-02,4.36045176e-02,-9.24296670e-03,-3.36361434e-02,-3.51101331e-02,4.38775235e-02,-1.03524668e-02,-2.69854649e-02,4.54120210e-03
-5.05709538e-02,-2.53250804e-02,-2.83828281e-02,-3.54383844e-02,-2.38733031e-02,1.99035153e-02,-4.68779998e-02,1.08234641e-02,-1.25058768e-02,3.41792416e-02,2.15908429e-02,1.60054230e-02,2.76762891e-02
-5.69809300e-02,-2.12249289e-02,-5.11114339e-02,-6.50040511e-02,-4.65406812e-02,4.66770217e-03,-8.23187094e-02,1.58598332e-02,-5.72375308e-02,-2.77001087e-02,1.55735738e-02,2.03786272e-02,3.50656637e-02
-2.42348152e-02,-1.08885570e-03,-2.69733449e-02,-4.03613179e-02,-6.58453795e-02,-3.85422473e-02,-1.04475446e-01,2.38831516e-02,-6.74374259e-02,-5.26169097e-02,1.65409110e-02,1.34571958e-02,4.55977384e-02
-3.18563674e-02,-4.57651875e-03,-1.17519753e-02,-1.56231176e-02,-7.23419919e-02,-3.14430206e-02,-7.97335702e-02,5.26875990e-02,-5.72164735e-02,-5.34274581e-02,2.28142130e-02,8.16988220e-04,5.20535615e-02
-1.37136847e-02,-3.28465738e-03,1.60290478e-02,3.20302306e-02,-4.13397481e-02,-3.64820278e-02,-6.59257429e-02,3.89732819e-02,-7.23685348e-02,-4.94179579e-02,3.29889574e-02,9.78339545e-03,7.10116072e-02
1.86158920e-02,4.16621930e-03,5.37290559e-02,5.01535444e-02,-3.98982487e-02,-4.28581336e-02,-3.90343874e-02,5.35807174e-02,-4.53067570e-02,-2.28863598e-02,3.18100925e-02,-2.76468661e-03,2.78246759e-02
-1.47723559e-02,-2.39289107e-02,7.18875158e-02,8.79307355e-02,-2.05399588e-02,-7.01376900e-02,-5.92955871e-02,2.92089349e-02,-1.57030577e-02,-2.64361885e-02,3.80655068e-02,1.46158738e-02,-6.88134403e-03
1.96131558e-03,-4.13286319e-02,5.39126037e-02,5.55699760e-02,-8.81186304e-03,-4.53571844e-02,-1.30443393e-02,2.62888903e-02,1.51437989e-02,6.61879802e-04,4.51331689e-02,2.32912625e-02,-1.33406173e-02
2.48772917e-02,-2.08799579e-03,9.87094478e-02,9.06342443e-02,2.84518397e-02,-3.47296876e-02,8.80668386e-03,-3.98983947e-03,1.18598708e-02,3.39448202e-02,4.10305776e-02,1.22164020e-02,-2.92342533e-02
3.07456270e-02,-1.04046683e-02,8.14343829e-02,6.46576598e-02,3.88364492e-02,-1.53097358e-02,5.41988410e-02,1.51243425e-03,1.56943294e-02,4.72630321e-02,4.58049279e-02,3.43900238e-02,-1.16569011e-02
9.53417624e-03,-3.05878707e-02,2.16297757e-02,2.22754736e-02,1.99828444e-02,-3.24209525e-02,3.05906743e-02,-5.04256301e-02,-7.42916404e-03,1.01846266e-02,5.31353572e-03,3.07488109e-02,-2.14251637e-02
2.35760958e-02,-1.93305197e-02,1.32094420e-02,4.72215065e-03,1.24798654e-02,-1.98917878e-02,2.70422333e-02,-8.55307073e-02,-1.16202632e-02,-1.79717810e-02,-2.91851784e-02,1.04343919e-02,-3.02415328e-02
-1.03397826e-02,-4.00856716e-02,1.50335885e-02,2.76153745e-02,-3.05534437e-04,1.42415443e-02,4.42645335e-02,-8.85827087e-02,-2.08560632e-02,-1.28155792e-03,-3.91096100e-02,9.20524933e-03,-2.12421556e-02
-1.61977218e-02,-5.17812848e-02,-9.35190731e-03,3.12960775e-02,5.82041667e-03,5.29117992e-02,7.30146827e-02,-9.60379051e-02,-2.68521795e-02,4.40587892e-03,-4.18654276e-02,1.31340480e-02,2.35006242e-02
-4.53438528e-03,-4.93893690e-02,-2.76241439e-02,-1.45497454e-02,5.28626090e-03,4.92155456e-02,6.00455833e-02,-5.72430950e-02,-1.79134967e-02,-2.20837651e-02,-5.36951725e-02,1.25384556e-02,1.81150031e-02
-3.33129713e-02,-4.28073791e-02,-2.80248173e-02,-3.78132708e-02,5.91553210e-03,3.38047327e-02,3.94819529e-02,-3.05846508e-02,-2.62188191e-03,-3.09940985e-02,-3.88880806e-02,2.73494746e-02,1.17245972e-02
1.32801831e-02,-1.95425342e-02,7.39694877e-03,-3.52655495e-02,1.39935698e-02,3.24141988e-02,3.99764450e-02,-1.06460574e-02,2.24347542e-02,-3.88483736e-02,-3.85687342e-02,2.56611205e-02,4.17754177e-02
2.13806601e-02,1.65607772e-02,-6.01800465e-03,-6.95407829e-03,2.76165360e-02,1.55451518e-02,4.77276760e-02,1.84940036e-03,4.04708164e-02,-2.23777813e-02,-2.70007569e-02,1.87618818e-02,2.75889007e-02
4.32630383e-02,2.26420881e-02,-3.01327581e-02,-3.23249693e-02,-5.54208260e-03,-2.13291717e-02,6.30115904e-02,3.02059512e-02,5.22758069e-02,-3.79647499e-02,-1.34658401e-02,-1.45095752e-03,7.40722547e-03
4.45783260e-02,4.99897299e-02,-4.89228273e-02,-2.94118572e-02,-1.21789823e-02,-2.66709562e-02,4.90894454e-02,4.18062007e-02,6.93530648e-02,-5.30322341e-02,-2.10047798e-02,-3.27514582e-02,-2.65465504e-02
1.00424424e-01,9.40952742e-02,-3.09613586e-02,-3.90322513e-02,-1.70629103e-02,-9.74572142e-03,4.28687201e-02,3.58787872e-02,8.09190370e-02,-5.95091398e-02,-2.32477362e-02,-5.09980400e-02,-3.21632716e-02
8.06009940e-03,6.70439563e-02,-1.08919382e-02,-1.79959054e-02,-2.87556691e-02,2.04469067e-02,2.72184364e-02,-7.30876418e-03,5.79806334e-02,-4.14173959e-02,-2.09142697e-02,-3.14866970e-02,-3.17455992e-02
-1.36577469e-02,4.99035982e-02,-1.56428760e-02,-8.58569510e-03,-7.90093287e-03,2.31401049e-03,2.79713144e-02,-1.79781239e-02,2.40822636e-02,-3.06782203e-02,-1.50398872e-02,-4.34011647e-02,-8.59594803e-03
-3.44974325e-02,2.53467720e-02,-2.78068112e-02,-4.81522960e-02,-9.66877118e-04,-1.03417680e-02,-1.75372397e-02,-7.89512712e-03,1.77043320e-02,-2.47119474e-02,5.33812432e-03,-3.88645332e-02,6.99062655e-04
-4.87616557e-02,6.83512754e-03,-2.11404558e-02,-8.26131164e-02,-3.23540366e-03,3.42624976e-03,-9.11821846e-03,3.04281408e-02,-8.05869296e-03,-3.72752977e-02,3.55505228e-02,-4.19983312e-03,5.00537629e-03
-4.43656044e-02,1.20143516e-02,7.09758278e-02,-7.50327663e-02,1.09832111e-02,-4.26460727e-03,-4.49120821e-02,5.87766461e-03,-7.29930721e-03,-2.69771610e-02,2.00457578e-02,-5.46627839e-03,3.77589547e-02
-8.98063939e-02,-2.45299271e-03,1.26486740e-01,-3.17353226e-02,5.58622881e-02,7.08581299e-03,-5.20720186e-02,-4.58973813e-04,-2.06829942e-02,8.15461743e-03,1.49873318e-03,3.23942837e-02,6.26898357e-02
-8.40379281e-02,-3.09938727e-02,1.36121789e-01,-1.61001204e-04,5.91789155e-02,3.23204305e-03,-3.60321570e-02,2.78435739e-02,5.71080729e-03,2.97665708e-02,-2.17667660e-02,1.54262056e-02,4.07483505e-02
-8.36295832e-02,2.70762985e-03,1.40825809e-01,4.51895383e-02,6.19610360e-02,1.03385912e-03,-3.03003644e-02,5.56517754e-02,3.31922844e-02,4.83757377e-02,-5.45951640e-02,1.52862130e-02,1.55348555e-02
-5.11091688e-03,4.54226522e-02,1.46104882e-01,6.39474909e-02,7.04590580e-02,1.79208843e-02,-4.32986992e-02,7.66983519e-02,5.29444251e-02,6.88777863e-02,-7.31357295e-02,1.10449067e-02,-1.05089838e-03
-8.70407489e-03,4.95882645e-02,1.39078978e-01,6.17285594e-02,3.27774289e-02,3.97552635e-02,-1.24985313e-02,6.79507504e-02,4.93536394e-02,7.83641037e-02,-5.98193460e-02,3.53262915e-02,-2.00026647e-04
2.41256080e-02,4.38314304e-02,8.45760946e-02,5.39654982e-02,1.35705689e-02,1.99980841e-02,-9.42348874e-03,3.75190406e-02,8.19440081e-03,6.96329982e-02,-4.83897050e-02,2.53740125e-03,-8.16944691e-03
2.22603362e-02,3.25218892e-02,2.50435357e-02,6.68531288e-03,-4.77814911e-03,3.12397349e-02,-1.53418643e-02,-2.09996896e-03,-9.84249056e-03,7.41481165e-02,-4.48760296e-03,-2.54036891e-02,-1.43590857e-02
1.92174078e-02,2.39196349e-02,-2.25188365e-02,-1.04508145e-02,-2.44992173e-02,3.70253902e-02,7.27297605e-03,1.67500789e-02,-8.05608706e-03,6.56457429e-02,3.46394181e-02,-3.94786670e-02,-1.77985993e-02
3.66434301e-02,3.38216940e-02,-4.84570557e-02,-5.99880929e-02,-4.55355123e-02,1.84328069e-02,2.76337427e-03,-3.02326207e-03,-1.65802650e-03,5.07317912e-02,6.32335324e-02,-5.85791151e-02,-2.60820029e-03
1.06679383e-02,3.15406612e-02,-3.91660459e-02,-6.70021715e-02,-3.41006769e-02,5.06713332e-02,4.09363970e-03,-4.26403796e-02,-3.09118999e-02,6.56775909e-02,8.32654256e-02,-4.49364385e-02,1.05423720e-02
1.07297091e-02,9.13839247e-03,-5.94414362e-02,-3.87289088e-02,-1.19257062e-02,6.96543478e-02,2.22415386e-02,-3.41713048e-02,-3.97657907e-02,7.00014257e-02,8.18697163e-02,-6.47287093e-02,8.50873960e-03
5.58299888e-03,-4.76667704e-03,-6.27633877e-02,7.59510398e-03,1.09833044e-02,6.84395159e-02,5.56908319e-02,-2.87799012e-02,-3.98856832e-02,4.58695600e-02,5.15569486e-02,-6.12560162e-02,-4.67853879e-03
2.86307521e-03,-1.57466588e-02,-5.98007698e-02,4.55898186e-02,5.56463848e-02,9.02414352e-02,6.32391835e-02,-1.25760137e-02,-4.48162644e-02,5.20961739e-02,1.98040995e-02,-6.00618246e-02,-3.35997699e-02
-5.48133906e-03,-5.63618572e-02,-3.86409303e-02,6.45650888e-02,3.77980027e-02,3.02094947e-02,5.12975509e-02,-2.08930684e-02,-4.93208112e-02,3.09653730e-02,2.26190334e-02,-2.99886027e-02,-1.14946763e-02
1.24330146e-02,-6.26048100e-02,-3.04289184e-02,9.14772370e-02,1.74273735e-02,2.53755093e-02,3.51562344e-02,-3.74063009e-02,-6.54575208e-02,1.07425142e-02,3.94501933e-02,-8.51757510e-03,-1.23602823e-02
-1.61499431e-02,-9.61862701e-02,-3.35103588e-02,8.97075589e-02,1.35161096e-03,1.64889234e-02,2.35545285e-03,-4.56473811e-02,-5.56515699e-02,-1.40782644e-02,5.66971503e-02,1.58740746e-02,-4.15247453e-03
-3.76969485e-02,-8.31362029e-02,-1.36055790e-02,8.52552933e-02,-1.35833691e-02,-1.49241653e-02,-2.63242974e-02,-2.20665842e-02,-1.21359003e-02,-2.48928815e-02,2.85280596e-02,-2.17353008e-02,-1.76168944e-02
-4.69999765e-02,-9.40210449e-02,-2.02004407e-02,5.98759590e-02,-1.29922090e-02,-2.00502447e-02,-4.65951796e-02,-6.56943048e-03,2.80796521e-02,-3.65251394e-02,4.54307233e-02,1.37157096e-02,6.97145349e-03
-4.81489697e-02,-8.88163843e-02,-4.07917166e-03,2.02925429e-02,-2.29718664e-02,-6.75654145e-03,-6.27593752e-02,-2.53022796e-02,2.87867949e-02,-3.85688341e-02,4.72315166e-02,4.24858350e-02,1.10049918e-02
-1.15194219e-02,-5.12633310e-02,2.99212043e-02,1.09194739e-02,-3.99991506e-02,-4.04056957e-02,-7.85952297e-02,-2.27480490e-02,3.56749761e-02,-3.84267000e-02,3.16003335e-02,3.70587145e-02,1.67595883e-02
2.30882837e-02,-3.44240602e-02,1.60951497e-02,3.49478143e-03,-4.12655140e-02,-2.69199765e-02,-5.69706226e-02,4.98694916e-03,4.57295701e-02,-6.39656778e-02,9.00829561e-03,4.51121564e-02,1.70638245e-02
2.01260916e-02,-3.60666208e-03,3.28698112e-03,-3.74010131e-03,-1.09185197e-02,-2.95550527e-03,-1.43243997e-02,3.00498153e-02,3.83991167e-02,-6.48064307e-02,-2.53483319e-02,2.95822413e-02,-1.13917876e-02
1.36043286e-02,1.36022726e-02,1.04106515e-02,1.78822266e-03,-1.21899952e-02,-3.73017903e-02,-3.29020470e-03,1.79806505e-02,2.79675858e-02,-5.37535110e-02,-3.44209013e-02,3.14003139e-02,-1.02166273e-02
1.02566697e-02,2.14085715e-02,1.20269015e-02,-1.58765188e-02,-2.36790514e-02,-3.34287540e-02,-1.76217449e-03,-2.27772211e-02,5.79707619e-03,-3.45646407e-02,-1.61673748e-02,2.52855211e-02,-3.45775045e-06
4.76109437e-02,3.83759455e-02,1.16689607e-02,-2.72386492e-02,-5.16005717e-02,-2.98836212e-02,5.32200906e-03,-3.13282645e-02,3.05485175e-03,-2.06326562e-02,1.44051784e-02,3.30923372e-02,-1.36113315e-02
4.54398005e-02,7.43953782e-02,3.34966800e-02,-2.47400542e-02,-5.63281144e-02,-8.68469919e-03,2.33133480e-02,-1.09763284e-02,1.61745823e-02,-4.45177242e-03,-1.21530489e-02,-3.13277750e-02,-1.87024859e-02
6.38241169e-02,1.03764598e-01,3.02105843e-02,-3.07182766e-02,-5.50725636e-02,2.94754511e-02,3.27848209e-02,2.36423879e-02,2.21671570e-02,9.63197679e-03,-6.35437873e-03,-6.51452350e-02,6.16038912e-03
6.37311136e-02,8.23137231e-02,5.58479466e-03,-4.06959391e-02,-1.51722303e-03,7.22586602e-02,4.53695531e-02,5.23746038e-02,1.38893725e-02,3.51455295e-03,-1.38907621e-02,-6.95253796e-02,1.61733904e-02
3.36770226e-02,9.64020997e-02,1.16677846e-02,-6.47887624e-02,2.83894230e-02,6.23459304e-02,5.14105226e-02,6.56921411e-02,2.73683586e-02,9.56023939e-03,-6.24423934e-02,-8.51467656e-02,-1.01782811e-03
5.01992368e-02,7.35558307e-02,-4.21190579e-02,-5.95938456e-02,3.02025898e-02,6.57071169e-02,1.68459428e-02,7.01026524e-02,3.95648663e-02,-1.44759919e-03,-4.08616512e-02,-5.74250254e-02,5.69362290e-03
2.84287384e-03,5.41464499e-02,-8.25712415e-02,-4.81479296e-02,3.30463447e-02,4.58120426e-02,-1.04638225e-02,8.13160061e-02,7.51241291e-02,8.51934820e-03,-4.34633867e-02,-3.97646691e-02,7.18327820e-03
-2.32148679e-02,5.57504679e-02,-8.20831256e-02,5.85288626e-03,7.72660267e-02,5.37889202e-02,-2.72862572e-03,6.54733796e-02,4.92333975e-02,-4.59692704e-03,-5.30547656e-02,-3.30055219e-02,-2.88057118e-02
-5.41672570e-02,1.56327376e-02,-1.17585073e-01,4.11207595e-02,1.06229545e-01,2.97472278e-02,-8.57818434e-04,5.33818935e-02,1.90066333e-02,-2.01824340e-02,-2.93001478e-02,-1.47268810e-02,-4.04370497e-02
-4.66192941e-02,-1.07113461e-03,-8.42350753e-02,3.83952866e-02,7.73848604e-02,1.56482974e-02,-7.11718690e-03,-5.09250607e-03,-6.22811953e-04,-6.96952651e-03,5.04509148e-02,4.02848488e-02,-5.98686153e-02
-1.97143815e-02,1.59926689e-02,-4.51797451e-02,7.34978388e-02,4.45920910e-02,1.85547008e-02,-8.10752736e-03,-4.55727057e-02,-2.90481651e-02,-2.02747494e-02,7.58754171e-02,6.50426477e-02,-6.93422575e-02
1.66502897e-02,5.32156107e-02,6.74935304e-05,5.43620326e-02,-3.09407910e-04,5.01475693e-03,5.67132575e-03,-4.13614812e-02,-4.58496534e-02,-2.21068973e-02,8.58774657e-02,5.32675980e-02,-6.04249371e-02
4.46064272e-02,6.90469227e-02,5.73941112e-02,4.84322651e-02,-1.55336450e-02,-1.61894845e-02,1.69854112e-02,-2.45500337e-03,-6.52450947e-02,-3.87050121e-02,7.83656368e-02,5.60209198e-02,-4.61027164e-02
1.39589724e-02,8.35880684e-02,1.17233050e-01,-1.46572927e-02,-3.85775722e-02,-1.10847920e-02,5.72416425e-02,9.19843801e-03,-7.89429407e-02,-5.91403199e-02,4.12400238e-02,7.57528991e-02,-5.02798575e-02
2.84918350e-02,5.55237260e-02,1.19941008e-01,-2.78266423e-02,-6.56173262e-02,-3.38969634e-02,3.02170557e-02,5.97706411e-03,-6.54212739e-02,-6.61042015e-02,2.76986882e-02,9.80073326e-02,-2.61305156e-02
-1.69861599e-03,3.67346277e-02,1.24819655e-01,-5.41265204e-02,-1.06093442e-01,-6.01038247e-02,-1.35496169e-03,-6.78538239e-03,1.39074824e-03,-3.26376258e-02,-1.77695755e-02,7.34664056e-02,-9.33009069e-03
-2.05807787e-02,2.13011825e-03,9.95072352e-02,-7.43046429e-02,-7.27994558e-02,-3.79431732e-02,6.41727475e-03,-2.64442786e-02,2.14045720e-03,7.88597547e-03,-6.54904468e-02,2.49457573e-02,-4.67665771e-03
-8.34436841e-03,-2.36187312e-02,5.80066348e-02,-3.34501899e-02,-6.03240858e-04,-3.27363474e-02,1.36475241e-02,-9.42264437e-03,-9.66576567e-03,1.54446850e-03,-1.14833455e-01,-2.76914976e-03,-2.48992496e-02
-3.26820667e-02,-7.51011040e-02,2.83777490e-02,-4.52694797e-02,-4.62836500e-03,-2.46089379e-02,-1.15061166e-02,-4.11470387e-02,-1.68713353e-03,1.77877473e-02,-7.24225192e-02,-8.96446434e-03,-2.84371998e-04
7.18425144e-03,-6.72307083e-02,-2.06567830e-02,-2.01780267e-02,1.46648041e-02,-1.53848663e-02,-2.06744203e-02,-4.63909523e-02,-9.24456232e-03,1.49172251e-02,-5.29961125e-02,-3.81758772e-02,-1.22713056e-02
2.57297853e-02,-5.65274695e-02,-1.00214053e-01,-3.67502947e-02,5.34691641e-02,-2.30554619e-02,-4.25950680e-03,-7.94756684e-03,-1.12360545e-02,1.04042631e-02,-1.42864477e-02,-3.87725824e-02,-9.16780908e-03
2.19838478e-02,-1.89934474e-02,-8.72200913e-02,-1.82475526e-02,4.00015068e-02,-6.44277401e-02,-8.92292061e-03,-3.88603312e-05,-4.37292623e-02,2.62947469e-02,1.13950827e-02,-2.83559781e-02,4.33542349e-03
8.66682738e-03,-9.84087623e-03,-7.69473960e-02,-2.78636585e-02,4.57849821e-02,-3.78594809e-02,1.00993109e-02,1.13012590e-02,-6.19194668e-02,7.01925878e-03,3.83520348e-02,-1.88126154e-02,2.32066557e-03
1.12517059e-02,-1.94444835e-02,-9.39169339e-02,-1.54105662e-03,4.30672372e-02,-4.35015065e-02,9.88693019e-03,2.38570963e-02,-7.25812015e-02,-2.27682371e-02,3.89276668e-02,-6.35361932e-03,-2.68803653e-03
1.64722228e-02,-8.12921975e-04,-6.06995284e-02,-7.26168823e-04,2.49519345e-02,-4.10437409e-02,-4.33300708e-03,4.13739358e-02,-2.31910682e-02,-2.05025800e-02,3.58310815e-02,-9.58637304e-03,-2.43936536e-02
-2.37530021e-02,-4.99242045e-02,-6.66559928e-02,-1.86114320e-02,-1.09823386e-02,-2.79803752e-02,-4.57194044e-03,2.30679757e-02,1.92737981e-02,4.01102245e-02,5.70101824e-02,-1.10942588e-03,1.01113904e-02
-1.33945986e-02,-4.82430559e-02,-4.13983612e-02,-2.67759292e-02,-1.12734839e-02,1.43584561e-02,-1.11284672e-02,-1.43293115e-02,3.79169345e-02,7.69290837e-02,1.44957120e-02,3.97121848e-03,3.48600235e-04
-5.99942224e-02,-8.90824105e-02,-4.50117249e-02,-6.40433114e-02,-3.88697066e-02,4.52675917e-02,-4.62151254e-02,-5.65833976e-02,3.97876281e-02,5.18443332e-02,-1.54790822e-02,3.71598635e-03,-1.30377512e-02
-5.79554541e-02,-6.88936104e-02,-2.72310980e-02,-4.45497644e-02,-3.67858993e-02,6.30142348e-02,-3.72969621e-02,-5.48646749e-02,6.46081837e-02,4.14976722e-02,-4.95439461e-02,-1.13586591e-02,-3.51816635e-02
-4.84547232e-02,-7.24129991e-02,-3.67514083e-02,-4.26592129e-02,-2.95622141e-02,6.56550330e-02,-1.83907472e-02,-1.37406217e-02,8.34256716e-02,4.24963113e-02,-3.74735691e-02,1.67574486e-02,-1.97432654e-02
-2.14765681e-02,-4.84473837e-02,-2.53810621e-04,-1.55795789e-02,-4.92401332e-02,6.01949171e-02,1.05206032e-02,-3.27841976e-02,4.79344362e-02,4.28673660e-02,-2.35989745e-02,2.26597331e-02,4.72094128e-03
-3.81705071e-02,-2.05375941e-02,2.00144098e-02,-1.55151315e-02,-2.36601313e-02,6.30267887e-02,3.06904363e-02,5.34794989e-03,3.74616038e-02,3.51561897e-02,-2.22914008e-02,1.07939519e-02,2.29057894e-02
-2.26184819e-02,-1.47791413e-02,5.54359492e-02,1.44644693e-02,1.20976858e-02,4.10528644e-02,3.45299413e-02,3.98922847e-02,1.14843925e-02,-1.32188598e-04,-1.99005339e-02,-1.49846364e-02,3.92930049e-02
1.25219337e-02,2.98936553e-02,6.66407961e-02,5.17868117e-02,2.39727539e-02,-7.08199687e-03,5.71190924e-03,7.62853832e-02,3.61789272e-03,1.39242215e-03,6.43761048e-03,-2.93355793e-03,4.56677359e-02
2.63883947e-03,1.29215021e-02,8.32378201e-02,9.22035452e-02,2.37738313e-02,-3.91593865e-02,-2.94475851e-02,6.41367579e-02,4.08191494e-02,1.51279523e-02,2.70805125e-02,7.00007644e-03,7.39585009e-02
4.09472158e-02,1.83430538e-03,7.35218057e-02,7.27236533e-02,-1.21214845e-02,-4.14331767e-02,-5.59933714e-02,4.15877889e-02,7.41680069e-02,6.23755397e-02,8.74464057e-03,-6.15773798e-03,9.90638100e-02
-1.63756394e-02,-5.55515219e-02,5.63286398e-02,5.36631023e-02,1.35160370e-02,-8.71401454e-03,-7.38567328e-02,1.76552690e-02,5.93040515e-02,4.79297628e-02,-1.35389262e-02,-9.53086643e-03,9.10380100e-02
-1.62927732e-03,-4.05233261e-02,4.90369515e-02,2.67434448e-02,1.12260135e-02,-3.29868364e-02,-9.06796084e-02,-2.25905887e-03,4.11440629e-02,2.97468215e-02,-2.74884105e-02,9.41205145e-03,5.22223388e-02
2.24161551e-03,-4.41138639e-02,4.39191864e-02,2.94795968e-02,2.37379558e-02,-3.18949477e-02,-9.43685858e-02,-3.29142427e-03,5.91854775e-02,3.08657229e-02,-3.91186717e-02,1.96111409e-03,3.49156038e-02
7.15610385e-02,-3.73303722e-02,2.22215483e-02,4.16561138e-02,2.99534561e-02,5.71424506e-03,-5.40875044e-02,-3.00037971e-02,3.71499802e-02,2.10909237e-02,-4.48541680e-02,-3.45753864e-02,2.14550552e-02
7.47061205e-02,2.75026337e-03,1.20849667e-02,1.00197972e-02,-7.58993322e-04,2.03795006e-02,1.59741769e-04,6.48037828e-03,2.68744380e-02,-4.12989436e-04,-4.37662276e-02,-1.50970228e-02,1.51427614e-02
4.35599842e-02,3.44844889e-02,8.56044426e-02,2.68303482e-02,7.57142780e-03,2.14724407e-02,1.11716822e-02,3.41227730e-02,3.45936553e-02,-1.96116854e-02,-4.15160732e-02,-4.74069363e-02,1.82853080e-03
2.55494052e-02,6.96475836e-02,6.09204907e-02,3.84826833e-02,7.46605449e-03,-2.38177624e-02,-1.22229978e-02,3.42181521e-02,1.93619830e-02,-7.46114937e-03,1.09611124e-02,-2.20884253e-02,-8.83549000e-03
7.27837776e-03,9.02201431e-02,4.92645101e-02,6.03204627e-02,3.03525574e-02,-2.39667421e-02,-2.24200203e-02,2.20894870e-02,8.48944433e-03,-1.78211694e-02,2.07668776e-02,1.36970515e-02,-1.25703579e-02
1.71334492e-02,6.74171423e-02,4.17916399e-02,5.66039579e-02,5.28424582e-04,-1.74645101e-02,-2.62861217e-02,2.05445890e-02,1.85673035e-02,7.36595514e-03,1.75092321e-02,6.21035303e-03,-1.96210335e-02
-3.59139687e-03,1.00521839e-02,3.39761785e-03,7.55655314e-02,1.27207029e-02,2.22397559e-02,-1.21812397e-02,1.22436185e-02,5.64249711e-04,3.53373675e-02,1.45132856e-02,8.31735376e-03,-5.18254075e-03
1.65150415e-02,-7.16876196e-03,-1.44600295e-02,4.23923016e-02,-5.92444760e-04,7.90373079e-03,-2.02811981e-02,-2.79679415e-03,-3.87608372e-02,4.75053982e-02,5.22804826e-02,2.88868586e-02,-2.32901057e-02
-7.07727946e-03,-2.30840919e-02,-4.11178884e-02,2.89106420e-02,4.86653431e-02,1.83635468e-02,-1.46954740e-02,1.75888826e-02,-4.64441351e-02,2.69895513e-02,6.35848297e-02,3.84865745e-03,-4.42767215e-02
3.30486614e-02,-5.19765055e-02,-8.67313694e-02,1.69926639e-02,6.87053613e-02,5.01748583e-02,4.52408643e-05,8.33575720e-03,-3.81479003e-02,4.06385353e-02,6.90526302e-02,-3.36831708e-02,-2.84529160e-02
6.04826985e-02,-6.24571153e-02,-9.62389653e-02,-6.02130252e-03,3.16057611e-02,5.90452965e-02,3.10566974e-02,3.65247061e-03,-3.97122088e-02,3.19239921e-02,7.19269510e-02,-3.22876779e-02,-3.79296615e-03
1.22124928e-02,-3.81304739e-02,-3.51148568e-02,-3.53659665e-03,2.17479554e-02,6.47060604e-02,6.39210917e-02,-6.55291359e-03,-5.12678802e-02,-1.86145162e-02,3.05919216e-02,-5.14377008e-02,4.90853886e-03
-3.11941306e-03,-1.41363887e-02,-2.79423689e-02,-3.29073177e-02,3.78851399e-02,1.73434181e-02,4.53754279e-02,1.15142544e-02,-7.68872851e-03,-2.07696121e-02,2.80170128e-02,-3.08571193e-02,-1.42792426e-02
-2.96262340e-02,-9.29046365e-03,-2.32911898e-02,-3.70797728e-02,4.41080658e-02,1.28710368e-02,7.49728447e-02,1.47701996e-03,-1.73934438e-02,-2.42352126e-02,-2.61095447e-03,-9.60425231e-04,-7.86676243e-03
-6.54272142e-02,-1.52358487e-02,1.55115754e-02,-3.05045365e-02,2.67358816e-02,3.06384956e-02,1.20693017e-01,4.36022212e-05,-2.54924713e-02,-1.34563900e-02,-1.99310755e-02,5.14955246e-03,-3.39354154e-02
-3.72410783e-02,-3.09100945e-02,1.81345763e-02,4.52634420e-03,-6.85712792e-03,1.18643445e-02,9.64295093e-02,-1.68094895e-02,-1.57994752e-02,1.87735393e-02,-5.89288959e-02,3.68844953e-02,-2.25406927e-02
2.00157193e-02,-7.67022486e-03,1.10487166e-02,3.12163051e-02,-2.07562289e-02,1.35732726e-03,9.71538382e-02,-7.71291842e-02,-4.47504783e-02,2.81549629e-02,-6.72537039e-02,4.54261891e-02,-4.66185801e-02
5.82791203e-03,-1.97541593e-02,-4.28221469e-02,1.10243015e-02,-1.53997066e-02,-1.97232023e-03,9.27584418e-02,-6.20098823e-02,-4.81887720e-02,6.63867317e-02,-2.76305513e-02,6.02442687e-02,-5.75049986e-02
8.01815787e-03,-9.79360920e-03,-3.48552314e-02,-3.74569322e-03,3.84729002e-03,1.30562200e-02,5.69730173e-02,-3.07601594e-02,2.60388636e-03,5.11918662e-02,-2.43139059e-02,4.30123446e-02,-3.64782588e-02
-1.81999974e-02,-4.97528651e-02,-6.24101116e-02,-2.12875644e-02,-6.45331119e-03,8.23130412e-03,1.07746364e-02,-1.55907713e-02,2.42540553e-02,6.45207753e-02,2.61041128e-03,1.62522851e-02,2.64797901e-03
-5.06342813e-02,-4.46072777e-02,-3.20237587e-02,-3.24679288e-02,5.51336213e-03,-1.73629742e-03,-1.32831373e-02,-1.91548791e-02,1.04353054e-03,-3.21061673e-03,-4.12872378e-03,1.06674219e-02,3.09009736e-02
-3.89506176e-02,-1.29170900e-02,2.72556812e-03,-3.09854631e-02,3.86652084e-02,-1.67919298e-02,-5.47242546e-02,3.12056144e-02,2.04224496e-02,-1.66901796e-02,-1.59138219e-03,2.12278388e-02,2.44196909e-02
-1.13157180e-02,2.25758856e-03,2.76660911e-02,-4.24980852e-02,2.78779550e-02,-5.13582651e-02,-6.07046439e-02,3.64446106e-02,2.08960416e-02,-1.09751463e-02,-5.36095971e-03,4.20847543e-03,4.71474626e-02
-4.28674076e-02,1.99292540e-02,6.33707454e-02,-3.93487869e-02,2.27841452e-02,-3.29187191e-02,-3.87499149e-02,3.78490811e-02,2.66257432e-04,-3.85332636e-02,-1.46767536e-02,-3.69310812e-03,4.66822096e-02
-2.30238373e-02,3.09031692e-02,1.25645721e-01,-1.65716630e-02,4.53588614e-03,-3.11395388e-02,-3.56279423e-02,5.89121744e-02,7.17991126e-03,-6.54404256e-02,-4.47010289e-02,2.32632490e-02,6.08719755e-02
2.83235311e-02,7.90103111e-02,1.36505068e-01,1.18598948e-02,-9.31642906e-03,-3.72178523e-02,-1.48615375e-02,-4.18944096e-03,-2.13313561e-02,-6.86728381e-02,-5.46636143e-02,7.76288909e-03,4.01676940e-02
3.47378438e-02,8.82054746e-02,8.49109357e-02,2.82283366e-02,-1.84411605e-02,-3.74707839e-02,-2.65412170e-02,-2.47020830e-02,-3.93196903e-02,-2.69820111e-02,-1.05923739e-02,1.48481139e-02,4.83105411e-02
4.52769732e-02,1.11540546e-01,1.16525464e-01,1.71697004e-02,-4.07558987e-02,-3.82772876e-02,-3.44749017e-02,-3.01132331e-02,1.45147005e-02,-2.21045400e-02,-2.15044145e-02,-1.83637580e-02,4.11606366e-02
3.12521600e-02,8.67320360e-02,5.73884349e-02,9.20349152e-03,-3.54218038e-02,-4.70287001e-03,-9.87058933e-03,-1.60996291e-02,8.42807207e-03,-1.39226573e-02,2.62115227e-03,-2.20339014e-02,3.59332828e-02
6.75252612e-02,6.81706990e-02,4.57896225e-02,-1.21074360e-02,-1.91653863e-02,2.34827407e-02,-1.34294222e-02,-3.30440219e-02,1.83762401e-02,-3.39475831e-02,3.55275393e-03,-2.37719182e-02,2.65127985e-02
5.22273613e-02,6.71960969e-02,4.75658942e-02,9.57636855e-03,-2.25347962e-02,4.90873858e-02,1.78781811e-02,-5.24110571e-03,7.08690278e-03,-5.97875062e-02,-6.45321813e-03,-2.45464963e-02,-7.10226022e-03
7.47027377e-02,6.96817730e-02,2.67337437e-02,-7.26342139e-03,-3.48306335e-02,4.50090878e-02,6.51113423e-03,-1.18438139e-02,1.00459412e-02,-4.63900779e-02,-6.36359976e-03,-3.89403345e-02,1.46425920e-02
7.34161726e-02,6.55773285e-02,-1.89068943e-02,-9.01823559e-03,-3.99680951e-02,3.88752335e-02,1.11693697e-02,-1.43742939e-02,-4.18029702e-03,-5.42723728e-02,2.27668596e-02,-8.29137699e-03,1.98206709e-02
5.73113085e-02,4.14354346e-02,-4.38762633e-03,-7.01223191e-03,-1.59142291e-02,6.52798752e-02,5.41772422e-02,1.40972340e-03,-1.90721590e-02,-7.87399813e-02,-4.17465011e-03,-1.68831707e-02,9.61996878e-03
3.83367879e-02,4.97026057e-02,-4.32208942e-03,-6.35915668e-03,-2.41227706e-02,6.16552284e-02,5.93447653e-02,-8.47701161e-03,-2.31957002e-02,-3.60299998e-02,2.94357769e-02,-1.28722916e-02,-1.02720610e-02
1.88564247e-02,4.28449409e-02,-2.53593871e-03,1.22740848e-02,1.60490674e-02,6.16314749e-02,2.08071439e-02,-4.75336325e-02,-5.80677494e-02,-2.08144432e-02,5.24370452e-02,-1.95775555e-02,-8.90073407e-03
-1.12733406e-02,2.81907857e-02,5.71478474e-02,-3.61127513e-03,-1.94126621e-02,1.89629859e-02,-3.74723161e-03,-5.98576831e-02,-1.76908573e-02,4.13608315e-02,4.88039630e-02,-4.56818264e-02,-2.56233780e-02
-1.94693491e-02,4.65631449e-02,4.70411209e-02,1.29739978e-02,9.85934250e-03,1.26230695e-02,-1.15876696e-02,-6.60618492e-02,-1.74049341e-02,6.59901866e-02,6.90554859e-02,-3.26437143e-02,-4.56860002e-02
1.11092044e-02,-1.09454212e-03,1.57179770e-02,2.82188152e-02,4.29949099e-02,1.77284208e-02,-4.14110598e-02,-8.30767840e-02,8.89952276e-03,7.14991918e-02,5.11374613e-02,-1.72244251e-02,-4.26635858e-02
-2.35338740e-02,-3.60937869e-02,6.73052916e-03,3.09994686e-02,2.69803361e-02,-1.10627660e-03,-1.38933269e-02,-6.18036200e-02,4.36574171e-02,5.60609745e-02,1.16804179e-02,-3.25094644e-02,-6.36762146e-02
-2.60756896e-02,-3.17701602e-02,-1.35576715e-03,5.04856626e-02,4.04466379e-02,-2.03046101e-03,-4.00674697e-02,-4.83461042e-02,6.15410734e-02,2.27139359e-02,-6.92888872e-02,-6.04674310e-02,-3.49676196e-02
-2.20388956e-02,-3.06591490e-02,-5.13427702e-02,5.86549501e-02,4.29605626e-02,-4.80646263e-02,-2.16386574e-02,9.79775515e-03,6.94977884e-02,5.36313418e-03,-4.30103907e-02,-1.63755745e-02,-3.80526459e-04
-1.04716420e-02,-4.80522790e-02,-5.84545602e-02,8.49309012e-02,4.19817536e-02,-4.76518077e-02,-2.49748367e-02,3.53841279e-02,7.66082141e-02,-3.64237832e-02,-7.96198294e-02,-2.79195605e-02,1.41117249e-02
-2.82308260e-02,-6.15777284e-02,-5.95370601e-02,1.03930394e-01,9.07724781e-03,-4.86239686e-02,-8.56043614e-03,6.99102754e-02,8.77095797e-02,-4.19079808e-02,-5.82489736e-02,-1.05923687e-02,2.65033914e-02
-1.50657709e-02,-5.64205865e-02,-4.31428471e-02,1.02840619e-01,-8.15225433e-03,-6.33320476e-02,-1.54070020e-02,6.98147020e-02,7.48665181e-02,-3.73743696e-02,-2.86324564e-02,6.81725878e-03,1.73703781e-02
-4.06657048e-02,-5.27527678e-02,6.15261673e-03,7.64623133e-02,1.03640075e-02,-4.10980647e-02,-2.29707414e-02,5.96765707e-02,4.37835540e-02,-4.77932476e-02,-1.98293246e-02,1.02068674e-02,1.27759423e-03
-6.61590718e-02,-2.17276877e-02,2.12611307e-02,3.20858426e-02,-3.28276895e-02,-4.89453741e-02,-3.28185043e-02,2.72095945e-02,2.88322199e-02,-2.63693249e-02,3.89546679e-02,5.64092396e-02,1.63729501e-02
-3.90812256e-02,-1.17657012e-02,1.11438793e-02,5.53973529e-03,-6.00974233e-02,-2.74188278e-02,-6.62266429e-02,-2.69081569e-02,1.58756817e-02,-1.51472477e-03,8.92359473e-02,5.84976378e-02,2.92383078e-02
-4.23835567e-02,-3.07517309e-02,-9.05660310e-03,-4.16741745e-02,-8.16981873e-02,1.88284292e-03,-4.26318829e-02,-4.29666044e-02,3.30952974e-02,2.20114824e-02,1.04894641e-01,6.55682109e-02,2.77123437e-02
-2.59783377e-02,-9.15839880e-03,-4.21709308e-02,-7.68237285e-02,-6.17228021e-02,2.49299535e-02,-3.92846976e-02,-7.09727180e-02,2.12249589e-02,5.39955048e-02,7.29825355e-02,2.51862650e-02,2.14226767e-02
-3.25554690e-02,1.76652340e-02,-7.88073614e-02,-1.05325747e-01,-6.04414581e-02,2.59369190e-02,-2.96938971e-02,-1.00562199e-01,-2.49564067e-02,4.52830775e-02,6.07849728e-02,2.95204208e-02,3.40155453e-02
-2.35270615e-02,8.19024579e-03,-7.96626559e-02,-9.41134204e-02,-3.41287057e-02,5.32463974e-02,-5.51851256e-02,-1.26720065e-01,-3.37411089e-02,3.53970949e-02,2.76120699e-02,3.98112288e-02,3.71610559e-02
-2.98068028e-02,-7.95424805e-03,-5.60066876e-02,-6.70453026e-02,-3.84664795e-02,4.99587173e-02,-3.65445010e-02,-1.12635996e-01,-2.07955205e-02,2.15760639e-02,-1.61942572e-02,3.75619717e-02,4.65742887e-02
-1.70270709e-02,-1.01130177e-02,-3.91166577e-02,-5.52311942e-02,-6.06945539e-02,1.31522078e-02,-1.46847144e-02,-8.40689441e-02,-8.58180946e-03,-2.17601191e-05,-4.56496249e-02,4.01357108e-02,4.36698609e-02
-9.56346620e-02,-6.24341453e-02,-7.95396920e-02,-5.72716443e-02,-1.32554184e-02,-3.46409573e-03,-2.51172299e-02,-4.06684722e-02,-1.30113616e-02,-4.70620947e-02,-9.45956916e-02,2.59869346e-02,1.85194777e-02
-1.09252944e-01,-6.71190380e-02,-7.39842487e-02,-6.08060514e-02,-3.93338671e-02,-6.82053853e-02,-1.68398124e-02,-1.73783954e-02,-1.45338546e-02,-6.15670403e-02,-1.17930821e-01,4.92694471e-02,1.60843095e-02
-4.94917075e-02,-4.15486634e-02,-5.46222866e-02,-3.67598287e-02,-4.50228420e-02,-8.77988020e-02,-1.88640159e-02,-1.21971501e-02,-7.49791051e-03,-4.15016395e-02,-9.86261228e-02,4.30140019e-02,1.11458682e-02
-2.65883517e-02,-3.63570223e-02,-4.36495009e-02,-2.89591844e-02,-1.77217838e-02,-6.37417394e-02,-1.05724581e-02,1.94726501e-03,2.17106795e-02,-4.31891047e-02,-6.79725154e-02,5.25231665e-02,6.86649009e-03
-4.16200940e-02,-5.89304232e-02,-5.53978292e-02,-3.89387380e-02,1.32841955e-02,-5.71342237e-02,-3.18529188e-02,-6.19768863e-03,1.33035952e-02,-9.50419214e-03,-1.96933981e-02,2.53583888e-02,-6.14273427e-03
-1.53037715e-02,-2.81967783e-02,-4.82579906e-02,-4.37518601e-02,1.94322421e-02,-2.11239724e-02,-4.22464200e-02,-4.47807264e-02,-2.38800654e-02,-7.58372630e-04,1.60347733e-02,-3.08441146e-03,-4.34541710e-02
-3.08388470e-03,-4.89141892e-02,-2.37482109e-02,-3.16152181e-02,7.34061980e-02,3.25925950e-02,-3.86588932e-02,-4.12450568e-02,-2.00066735e-02,2.53080579e-03,6.52511683e-02,1.56084398e-02,-6.53713108e-02
6.89534003e-03,-2.37853745e-02,-8.80076368e-03,-3.82606438e-02,9.49498471e-02,4.72024293e-02,-5.63459924e-02,-4.80757934e-02,-1.69251925e-02,1.24696132e-02,8.32104349e-02,-6.19693529e-03,-7.48372641e-02
3.51576657e-03,-9.60457140e-03,-5.95851485e-04,-5.65170020e-02,8.71703039e-02,6.51904914e-02,-4.49035310e-02,-4.17777301e-02,-7.75234087e-03,-8.56740817e-04,9.03278013e-02,-2.91611403e-02,-5.40694835e-02
-5.13188859e-02,-1.87019077e-02,-1.62975122e-02,-7.02760060e-02,7.68188720e-02,1.07715696e-01,-2.97906573e-02,-7.93891721e-03,-9.73395317e-03,-1.84600998e-02,9.10824294e-02,-3.82550523e-02,-6.72475797e-02
-5.08566299e-02,-3.37010206e-02,-1.48952329e-03,-8.24349962e-02,1.51105758e-02,5.98881892e-02,-2.59290043e-02,-6.03196855e-03,-1.44747421e-02,-2.44743206e-02,6.60222191e-02,-5.09655754e-02,-8.19770265e-02
-1.91133951e-02,-3.90036217e-02,-7.40802061e-04,-7.00067016e-02,-3.15282353e-02,4.65672588e-02,3.06231399e-02,2.56018016e-02,-1.02867653e-02,-1.60484123e-02,5.68593793e-02,-4.00719825e-02,-5.29545078e-02
-4.28881266e-03,6.35853372e-03,4.81163040e-03,-7.17446946e-02,-2.69522755e-02,6.33447384e-02,6.08650807e-02,2.20879323e-02,1.84237470e-03,-8.55492723e-04,4.96166503e-02,-3.91398557e-02,-3.48296255e-02
-2.94739152e-02,-2.57351519e-03,1.57399477e-02,-9.01057248e-03,1.08531029e-02,4.75761114e-02,1.11049879e-02,1.44186053e-04,-2.66260918e-02,-2.01244103e-02,3.06964056e-02,-1.65190027e-02,1.24014925e-02
-5.30417871e-03,8.59613232e-03,3.40998724e-02,1.80522448e-02,2.16796256e-02,5.33010412e-02,-1.31997958e-03,-1.18332225e-02,-3.57419545e-02,2.91902455e-02,2.79801982e-02,-1.96856436e-02,2.52987874e-03
1.01942307e-02,-1.96391170e-02,4.79549888e-02,5.59400367e-02,3.42896377e-02,6.73136325e-02,4.45427404e-02,1.21308155e-02,-2.14125226e-02,2.81724074e-02,1.63189292e-02,5.49000624e-03,7.96786215e-03
2.60024125e-02,-3.32928815e-02,2.29711799e-02,4.00837572e-02,3.74513719e-02,3.66504243e-02,6.00599768e-02,9.90305190e-03,-2.79637229e-02,4.20908037e-02,-4.00785821e-03,-1.16536564e-02,1.67332221e-02
1.99697143e-02,-4.08244349e-02,-1.33380874e-02,3.55639638e-02,2.52621160e-02,-9.21767337e-03,5.16732107e-02,3.03106405e-02,-3.28052051e-02,6.44676718e-02,-1.59256480e-02,-1.17628546e-02,4.16723409e-02
4.99275541e-02,-4.70895524e-03,6.58846565e-03,8.08320983e-02,3.60279098e-02,6.63430494e-03,5.23272091e-02,1.26273756e-02,-4.57717469e-02,4.77723541e-02,-3.77735230e-02,-3.99547872e-03,1.15037169e-02
3.15577690e-02,-6.90160408e-03,-2.49341597e-03,1.25891021e-01,2.63434208e-02,-4.58744901e-02,2.08064658e-02,2.00768239e-02,-4.59655937e-02,4.34525945e-02,-4.74974001e-02,1.59709648e-02,2.59188652e-02
1.75969258e-02,-2.62068224e-02,-3.14663316e-02,7.72135328e-02,-1.30018804e-02,-5.57231724e-02,4.03619480e-02,7.96063869e-02,2.41231196e-03,4.03603638e-02,-4.23506148e-02,1.42675117e-02,3.60158499e-02
1.64719435e-02,-6.03175087e-03,-2.74309234e-02,5.14033252e-02,-2.91569704e-02,-5.97862551e-02,3.60085385e-02,9.51210223e-02,3.05954529e-02,5.93592915e-02,-1.90993252e-02,1.90896876e-02,2.28120679e-02
6.84514984e-03,-1.55130104e-02,-1.25204502e-02,5.05822406e-02,-2.71142188e-03,-8.84135895e-02,-2.11247500e-03,9.70276384e-02,3.19857388e-02,3.83126438e-02,-3.96650691e-03,1.79654504e-02,4.79631659e-02
1.25157996e-02,2.36161011e-03,1.26188980e-02,2.31718858e-02,-1.11954868e-02,-8.01592218e-02,-3.01876616e-02,8.91965817e-02,3.87544557e-02,5.28878662e-02,7.97241457e-03,-4.41107342e-03,1.99916307e-02
1.09890888e-02,1.85443828e-02,2.84940568e-02,3.29480391e-02,2.32032878e-02,-5.89695704e-02,-3.20422068e-02,9.88993283e-02,5.13969535e-02,3.36506519e-02,2.29683258e-02,-8.80859630e-03,3.08072910e-03
2.15500420e-02,1.38917614e-02,4.50261778e-02,-1.15788286e-03,2.77599914e-02,-5.04827644e-02,-2.34390481e-02,9.02914406e-02,6.29358058e-02,2.82589187e-02,3.27056844e-02,4.52272614e-03,6.10384759e-03
5.74737171e-02,3.90029412e-02,4.32797772e-02,-1.48121409e-02,3.20495394e-02,-3.46375393e-02,-1.16736487e-02,9.01466999e-02,3.98110001e-02,9.84971885e-03,1.39029497e-02,1.00764565e-02,7.64861686e-03
1.09431570e-01,4.55769728e-02,4.91574543e-02,-6.91090489e-03,2.36027581e-02,-2.93541240e-02,3.52708301e-03,2.24344066e-02,1.40553653e-02,-1.63482427e-03,2.98098605e-02,2.06884065e-02,-6.91508843e-03
8.92583940e-02,4.01524759e-02,5.82793758e-02,6.57894537e-02,4.65803491e-02,-1.51075213e-02,-1.72836259e-03,1.85127064e-02,-2.32648813e-02,-1.89084736e-02,2.78009094e-02,5.64337014e-02,3.00677351e-02
9.28424702e-02,5.98782439e-02,3.59389866e-02,2.89258869e-02,3.48063753e-02,-2.57135315e-03,1.87496717e-02,6.08551733e-02,1.68589699e-03,-3.33205704e-02,7.35057332e-03,2.08700862e-02,1.88129178e-02
9.86972644e-02,6.39173348e-03,2.70041812e-02,1.78255917e-02,2.51618854e-02,2.99380912e-02,2.64109818e-02,8.95058134e-02,1.86964565e-02,-1.62300642e-02,-8.76997402e-03,4.85447675e-02,1.11104867e-02
1.02964137e-01,-5.67191706e-02,8.19044708e-03,-1.92000886e-02,1.82416823e-03,3.94319451e-02,4.19567329e-02,1.17779744e-01,1.02991807e-02,-2.01838252e-02,-3.66685254e-02,2.23112528e-02,5.26345484e-03
8.01184017e-02,-7.31609776e-02,-1.72049264e-03,-3.56257003e-02,-5.41817183e-02,3.80176154e-02,2.82187237e-02,8.74057793e-02,5.92774343e-04,-1.58466334e-02,-4.84205694e-02,-2.96902847e-02,7.09226775e-04
4.12052627e-02,-9.54434546e-02,-5.13972769e-03,-2.86600957e-02,-3.15502835e-02,4.59661221e-02,1.89006003e-02,8.47731183e-02,-1.07778601e-02,-2.87672802e-02,-5.01951865e-02,-6.31585681e-02,-1.38047324e-02
2.87592512e-02,-9.27686606e-02,5.39332312e-03,-3.87715075e-02,-3.22418209e-02,1.15511382e-02,3.85118343e-03,6.92374869e-02,4.89235681e-03,-3.98077255e-03,-1.69848601e-02,-4.32675934e-02,-9.47384754e-03
2.77031858e-02,-4.54967705e-02,1.66942030e-02,-2.21262527e-02,-9.65435549e-03,2.07760422e-02,4.25249050e-03,4.60526844e-02,1.02285365e-02,-2.69501963e-02,-5.10526556e-02,-5.32243200e-02,-1.33528424e-02
4.38144313e-02,1.34862300e-03,5.00359019e-03,-3.61292880e-02,5.06247748e-03,-1.34208621e-03,4.76773746e-03,8.39065195e-03,1.01190456e-02,-1.03815484e-02,-3.46720558e-02,-4.02540836e-02,-8.64816883e-03
8.35867683e-03,2.55636816e-02,2.84732510e-02,3.08446237e-04,2.10071125e-02,-1.96576683e-03,1.74767483e-03,-2.37807425e-02,-1.29511488e-02,-1.32908779e-02,-3.16160636e-02,-2.81510249e-02,-6.32312075e-04
-1.76668187e-02,7.80090540e-02,4.07091258e-02,-3.51972922e-03,1.95151663e-02,-1.53489162e-02,8.05369903e-03,-5.46481593e-02,-1.10841886e-02,-1.65609499e-02,-2.82256150e-02,-6.37106454e-02,2.66040894e-03
-2.44864054e-02,6.82279695e-02,2.99333031e-02,-1.84853568e-02,1.27986614e-02,-1.67181456e-02,4.43687643e-02,-3.38968052e-02,-1.05538133e-03,7.81029391e-03,4.96178151e-03,-2.64557889e-02,1.86389214e-02
-3.50578774e-03,6.36006221e-02,2.55856506e-02,-2.13628912e-02,2.02480532e-02,2.08091355e-03,5.82797518e-02,-2.27885504e-02,-6.94586733e-03,-1.05439663e-02,-6.78841920e-03,-2.01087926e-02,1.27221807e-02
7.45464723e-03,6.26299744e-02,1.01538728e-02,-3.13608675e-02,-6.37657752e-03,9.94433935e-03,4.48569952e-02,-4.07098623e-02,-1.03838459e-02,-2.07506095e-03,1.15503466e-03,-1.46649576e-02,9.18321038e-03
-8.91559978e-03,5.26242911e-02,-1.12706950e-02,-4.86646694e-02,7.56266716e-03,4.80692218e-02,5.39625878e-02,-2.77731464e-02,-8.26904759e-04,-1.61344957e-02,-1.87282973e-02,-2.17150621e-02,9.50422328e-03
-7.32127766e-03,3.69998642e-02,-5.61708902e-03,-6.27937115e-02,-1.73371688e-02,1.90241307e-02,3.76991031e-02,-1.87191939e-02,9.72883996e-03,-2.88146111e-02,1.21745350e-04,5.46728700e-03,1.58824145e-02
-1.56293721e-02,3.59868392e-02,-3.79403897e-03,-5.46302915e-02,3.76265620e-03,3.25728563e-02,2.05563897e-02,-2.19369253e-02,2.21956872e-02,-5.14006647e-02,-1.24528603e-02,1.99663936e-03,1.17697110e-02
-2.37765703e-02,1.39018818e-02,-1.13280257e-02,-6.02698481e-02,4.09506068e-03,-6.93216717e-03,-1.90033770e-02,-7.27892657e-03,4.46753459e-02,-3.58700427e-02,-1.87043699e-02,1.76459098e-02,1.18019563e-02
-1.56649884e-02,-4.64618385e-04,-4.81419929e-03,-3.98330481e-02,-1.70482901e-02,-2.24797760e-02,-3.44463252e-02,-1.64968585e-02,3.99352962e-02,-2.05802174e-02,-1.89785531e-02,7.02140100e-03,-3.90604884e-03
-2.23235604e-02,-2.39637159e-02,6.37639658e-03,-1.99951212e-02,-1.48352665e-02,-2.17831328e-02,-6.14049890e-02,-2.83975791e-02,2.27446693e-02,-1.10201364e-02,-2.42190299e-02,-2.26172331e-02,9.24716917e-03
-3.35339882e-02,-4.40511355e-02,-4.34488720e-04,-1.38436529e-02,-3.39673143e-02,-3.48925156e-02,-6.22490910e-02,-2.03250194e-02,2.09294030e-02,1.64632250e-02,1.92947514e-02,-2.77117934e-02,2.17549777e-02
-2.87099815e-02,-3.98280566e-02,2.78111488e-02,3.43246264e-02,-9.87402470e-04,-4.10738103e-02,-6.65363280e-02,-2.11417772e-02,5.36185105e-05,-4.47146485e-03,4.32301379e-03,-3.70533039e-02,2.91160668e-02
-9.87726795e-03,-5.48221954e-02,2.34341887e-02,3.54623665e-02,2.06345266e-02,-1.79644013e-02,-4.89182113e-02,-3.73215241e-02,-6.66461036e-03,3.06267460e-02,3.01674114e-02,-2.47608720e-02,3.27937664e-02
-1.20282352e-02,-5.11216979e-02,1.40003495e-02,3.36714696e-02,5.39912163e-02,3.02923433e-02,-1.16499877e-02,-1.54794795e-02,9.30478188e-03,4.44261024e-02,1.62042279e-02,-2.20322595e-02,3.02127153e-02
-1.42203335e-02,-4.95496305e-02,7.84545402e-03,2.00736829e-02,3.13009563e-02,3.71673706e-02,2.86654171e-02,1.29716919e-02,2.61966497e-03,3.19864367e-02,2.60575520e-02,6.61810235e-03,2.44600408e-02
-3.19687638e-02,-4.81461907e-02,-5.84810346e-03,1.33975910e-02,5.98647310e-02,4.48090288e-02,3.99772325e-02,1.69436182e-02,9.07649689e-03,2.14087430e-02,2.32084569e-02,2.21062471e-02,1.23880662e-02
-4.69216260e-02,-5.11915778e-02,6.93395762e-03,2.52659642e-02,6.92378741e-02,9.11913171e-03,3.66015882e-02,9.41395023e-03,9.62083750e-03,8.72032083e-03,1.26549080e-02,2.35331879e-02,-5.62374550e-03
-2.31060743e-02,-3.25422708e-02,8.00522486e-03,2.18677845e-02,3.36013337e-02,-7.92001845e-03,3.04207464e-02,-2.40176346e-02,9.29111139e-03,5.65469590e-03,1.86146069e-02,4.85506269e-02,-1.46151284e-02
-3.02450638e-02,-2.63084872e-02,-1.00428435e-03,2.54760954e-02,2.98235288e-02,-4.72963163e-04,3.54274283e-02,-7.94483583e-03,9.49635695e-03,2.12264125e-02,2.81417611e-02,4.80750313e-02,-1.63703884e-02
-5.37427996e-02,3.41486335e-03,-9.79628346e-03,1.16267846e-02,-2.04308624e-02,-9.16066612e-03,1.29762422e-02,-1.41271758e-02,4.32753347e-03,4.30212646e-02,4.61326114e-02,4.12849948e-02,-2.67149819e-02
-7.34772846e-02,3.86635699e-02,-4.18170967e-02,1.68572676e-02,-4.98778441e-02,-1.58893131e-02,-4.70752444e-02,-2.54633085e-02,-1.75756369e-02,1.23000667e-02,5.87907183e-02,4.06278938e-02,-2.78682864e-02
-8.25726059e-02,5.89108259e-02,-6.69367846e-02,-2.51092509e-02,-7.99041034e-02,-5.03937893e-04,-6.34004868e-02,-4.84346564e-02,-3.39285205e-02,3.28378296e-02,9.79725579e-02,5.45032288e-02,-6.29926167e-03
-7.39356403e-02,5.08646983e-02,-7.73470542e-02,-2.24341939e-02,-7.09497584e-02,3.27408121e-02,-8.80140157e-02,-6.51490544e-02,-4.52378880e-02,2.82784292e-02,8.06914273e-02,3.54034564e-02,1.25795018e-02
-4.11136715e-02,5.75234507e-02,-1.08596454e-01,-3.71167177e-02,-7.79021745e-02,5.78218642e-02,-8.00415821e-02,-3.36977795e-02,-3.40394532e-02,3.35260959e-02,9.53065648e-02,3.77311878e-02,1.39703732e-02
-2.35009759e-02,4.44087959e-02,-1.26976834e-01,-6.66706311e-02,-6.16599797e-02,4.48259782e-02,-7.98818785e-02,4.60526699e-04,-8.82546866e-03,5.90746797e-02,8.92420887e-02,5.69460645e-02,3.51158744e-02
7.33118388e-03,2.11460893e-02,-7.54381524e-02,-3.02625738e-02,-1.04736804e-02,2.11254174e-02,-6.70981296e-02,1.42230106e-02,-2.10468765e-02,5.47526011e-02,5.88894724e-02,3.61248419e-02,3.33667124e-02
4.60103952e-02,-1.14412191e-02,-3.33638916e-02,-3.10403839e-04,1.51122931e-03,-1.32090237e-02,-6.51661751e-02,1.94869056e-02,-8.88205669e-03,5.61645331e-02,4.39018625e-02,2.92726911e-02,3.68419954e-02
3.03925809e-02,-4.84845937e-02,-3.10063485e-02,-1.54279045e-02,1.39708776e-02,-2.87617670e-02,-3.17925931e-02,1.73733848e-02,-1.52993790e-03,5.30576158e-02,3.21521641e-02,2.86981160e-02,4.35191855e-02
3.85419947e-02,-2.61563671e-02,1.57591533e-02,8.22935773e-04,3.98707311e-02,-5.41154152e-02,1.46689715e-03,1.92805922e-02,-2.76505941e-03,5.71603305e-02,6.97704773e-03,1.48451927e-02,3.80300861e-02
3.45135915e-02,3.57483517e-03,1.26174136e-02,3.26631644e-03,4.08647779e-02,-5.61264780e-02,3.35080786e-03,6.66303183e-03,-5.17659915e-03,4.82857276e-02,1.16079917e-02,6.95531320e-03,1.44715288e-02
-1.43521761e-02,3.81822287e-03,-1.10088456e-03,-4.92177246e-02,-2.10205664e-03,-6.08505995e-02,2.85554758e-02,-1.78610248e-02,-1.24937993e-02,5.20673198e-02,1.49688143e-02,1.34084324e-02,1.72491592e-02
-3.85863167e-02,-2.90791946e-03,-9.08305832e-03,-5.69615253e-02,-3.10470796e-03,-5.99013380e-02,2.62403908e-02,-4.41378422e-02,-3.64189684e-02,2.14601637e-02,-4.22381728e-03,1.57286068e-03,4.16946448e-03
-2.32098528e-02,5.51643072e-05,-3.41837548e-02,-3.66364595e-02,-4.85998661e-04,-5.51527020e-02,1.97051558e-02,-6.11014260e-02,-9.97998358e-03,2.61282036e-03,2.78816033e-03,-1.12085317e-02,-2.07091109e-02
1.63631738e-02,3.22199510e-02,-4.37237302e-02,-4.60169297e-02,-4.16326069e-03,-2.32174916e-02,3.06932696e-02,-5.37992177e-02,1.83112554e-02,-1.79527755e-02,1.38131023e-02,1.99149071e-02,-8.48327589e-03
5.25908242e-02,6.21477354e-02,-9.19392007e-03,-2.06757704e-02,-4.01981097e-03,-3.73230079e-03,3.16512381e-02,-5.25339096e-02,1.13969456e-02,-3.60849573e-02,-2.66022562e-02,1.35022448e-02,-4.77413741e-03
4.60800345e-02,2.95292988e-02,-2.94952256e-03,2.18832531e-02,-1.39653766e-02,-1.38744591e-02,4.07030526e-02,-1.44228751e-02,3.72629450e-02,4.65991152e-03,-2.28245125e-02,1.15180086e-02,8.79568509e-04
2.67396857e-02,-6.88563634e-03,-1.13489884e-02,2.83290597e-02,-3.75536211e-02,-1.29557988e-02,3.39907609e-02,-3.38350040e-02,1.69092551e-02,7.26209553e-03,-1.84110130e-02,1.60868563e-02,8.82397281e-03
4.15792708e-02,-7.28595154e-03,2.77602269e-03,3.98406677e-02,-1.12423607e-02,-1.08599179e-02,1.73809265e-02,-1.74412862e-02,3.10060061e-02,1.44516941e-02,-1.70030862e-02,7.64676780e-03,2.91137916e-02
5.21572967e-02,1.10368650e-02,3.23645619e-02,4.33186396e-02,-1.43343533e-02,2.60408206e-02,3.41340851e-02,1.25009128e-03,2.39125578e-02,2.95859786e-02,-1.98291683e-02,1.11292191e-03,3.02538342e-02
2.21518776e-02,-1.94441625e-04,6.22955564e-02,3.74160389e-02,-3.77030130e-02,3.45010667e-02,3.67326678e-03,-1.07374419e-02,-7.34210479e-03,2.39876952e-02,-3.15076477e-02,-5.21447300e-03,4.48065988e-02
-9.32327673e-03,6.81514118e-03,7.00435479e-02,7.08869961e-04,-5.13334290e-02,4.65706894e-02,-1.70507079e-03,-6.56853882e-04,-2.47173777e-02,3.28232909e-02,-4.17564450e-02,-1.62841478e-02,2.11123986e-02
-4.90870503e-02,-1.86251091e-02,3.71113003e-02,3.90207722e-03,-2.66401704e-02,2.55665374e-02,-1.21252297e-02,8.98887597e-03,-2.16877254e-02,3.57100359e-02,-5.41778023e-02,-3.33579810e-02,-3.05166359e-03
-5.20398946e-02,-1.47032863e-02,1.51357786e-02,-1.71892590e-02,-2.12370501e-02,3.20719952e-02,3.88687567e-03,1.04898644e-02,-1.16712016e-02,1.55124388e-02,-2.64449166e-02,-2.05424450e-03,-7.86488638e-03
-4.65388891e-02,-7.06187453e-03,5.15474873e-04,-2.60950240e-02,-1.97714326e-02,6.27457761e-03,-2.36989838e-02,8.27502498e-03,-1.02782807e-02,-2.11600580e-02,-3.73417350e-02,-3.86814588e-03,-1.75185602e-02
-2.18008545e-02,1.31381034e-02,-1.54348762e-04,-8.63005163e-03,1.13449641e-02,1.45704470e-03,-1.70949612e-02,1.02830160e-02,5.23462466e-03,-4.58874378e-03,-2.21135060e-02,1.31269113e-02,-8.78575092e-03
8.08960544e-03,1.09043324e-02,1.50945046e-03,9.58027066e-03,-5.28091620e-03,-2.38217479e-02,-3.04359155e-03,-4.55014336e-02,-1.36874978e-02,-8.71999523e-03,-2.92766415e-02,1.63821498e-02,-2.58292218e-02
5.34599692e-03,-2.24862939e-03,-2.39662119e-02,2.72296560e-03,1.85908116e-02,-3.15268811e-02,3.07757254e-03,-3.14718983e-02,4.99871310e-02,3.13268433e-02,-1.84295107e-02,1.50118696e-02,-1.08777277e-02
-2.25823896e-02,-2.81455855e-02,-3.19219982e-02,-4.15206840e-04,-2.54620230e-02,-3.45338959e-02,4.15249898e-02,-7.97409471e-05,6.70474989e-02,3.32365392e-02,-1.29813238e-02,3.56904710e-02,-8.38878197e-03
1.18569247e-02,-3.39390359e-02,8.39359333e-03,4.56431415e-02,-1.60623662e-02,-4.80379890e-02,8.76965027e-03,-1.20539241e-03,4.93241929e-02,2.00711454e-02,-2.45395271e-02,3.12528756e-02,1.38259864e-03
2.89153085e-02,-2.98596824e-02,5.35052129e-02,5.12400376e-02,-1.35217568e-02,-2.51723678e-02,-2.83275555e-03,-2.07268464e-02,3.82501412e-02,4.81217979e-03,-6.03911062e-03,2.84177127e-02,1.30500008e-02
1.98061953e-02,-4.22825396e-02,4.25554674e-02,1.66569205e-02,-2.37375401e-02,-3.06811065e-02,-1.23458382e-02,-3.58476941e-02,1.29129425e-02,-1.82029741e-02,5.49229403e-03,9.61070565e-03,1.73999583e-02
1.20046370e-02,-3.99268929e-02,4.17169627e-02,2.19224121e-03,-6.31992913e-03,-9.95957429e-03,1.06536156e-02,-3.45724771e-02,1.43191439e-02,1.01394747e-02,2.05308073e-02,2.39086029e-02,2.99210465e-02
-2.64528303e-02,-7.73458602e-02,5.32227866e-03,-2.07330635e-02,1.14010671e-02,-3.59366682e-02,-1.15337503e-02,-7.27250386e-03,4.82475715e-03,5.43977794e-03,3.07204176e-02,1.00617947e-02,1.87560175e-02
6.75103857e-03,-3.34977731e-02,2.14419788e-02,-1.21936797e-02,7.31220954e-02,-4.66944225e-04,-2.30780646e-02,-2.13352636e-03,-7.14714638e-03,-9.58715084e-03,3.70269684e-02,1.66000978e-02,1.68719728e-02
5.20513785e-02,-1.73310991e-02,1.14297617e-02,-1.90446501e-03,7.67447160e-02,-1.41135318e-02,-3.58237164e-02,-2.97673339e-02,-3.90896447e-02,-2.07027710e-02,2.47846155e-02,1.50643315e-02,-6.92676809e-03
6.07154820e-02,1.08372594e-02,4.04785080e-03,-1.49463237e-02,9.20810838e-02,6.68097816e-03,-4.34139398e-02,-3.33292422e-02,-1.53197685e-02,9.51173750e-03,1.13472768e-02,-4.45865176e-03,1.05698982e-02
5.38126245e-03,-4.81601900e-04,-2.50386728e-02,-3.71782612e-02,3.13183697e-02,9.45221803e-03,-3.30079940e-03,8.23524923e-03,-7.69862921e-03,1.22836481e-02,9.38413238e-03,9.16571465e-03,3.19519760e-03
-1.30814068e-02,2.62217446e-04,-4.88528858e-02,-2.57381221e-03,4.31990737e-02,-1.31739998e-02,-5.41882641e-03,3.85204190e-02,4.95217770e-03,4.06929644e-02,-2.56886981e-02,-1.44879384e-02,-1.90599931e-02
-2.96431322e-03,3.36681228e-03,-3.20813920e-02,3.86130381e-02,5.01470298e-02,-2.72091808e-02,-8.68960998e-04,4.06926227e-02,-1.81989173e-02,9.16577469e-03,-2.63891501e-02,-1.26805497e-02,-3.64225669e-02
-4.78686919e-03,-3.43482466e-03,-3.44637048e-02,3.49610300e-02,2.40150772e-02,-3.61335133e-02,-1.68159825e-02,2.58377534e-02,-2.93271864e-02,-2.53005393e-02,-1.14426380e-02,-2.89630905e-02,-5.45080394e-02
2.68972558e-02,1.18941548e-02,-1.41675187e-04,4.91885102e-02,7.54800538e-03,-2.65688067e-02,-8.91306949e-03,1.66468015e-02,1.53160559e-03,-1.76930099e-02,-8.22512215e-03,-2.80531798e-02,-3.86666212e-02
5.87282607e-03,8.53161631e-03,2.81934520e-02,4.12442563e-02,-2.04475621e-02,-1.96707203e-02,-1.43880751e-02,2.07261322e-02,-1.65700916e-02,8.86403677e-04,-9.94200923e-04,-2.55460111e-02,-2.02342165e-02
-1.03826851e-02,1.83686944e-02,3.52579914e-02,4.72741084e-02,-1.43423905e-02,-6.51686788e-03,-1.31425992e-02,2.61053930e-02,-7.57731962e-03,1.34387787e-02,-6.03878179e-04,-3.14343311e-02,-9.25272471e-03
-2.69018353e-02,5.32865354e-03,1.38070953e-02,3.25504938e-02,-2.20441524e-02,-7.76565297e-03,-1.50207543e-02,3.61240315e-02,-3.52347647e-02,-8.70696974e-04,-2.40425921e-03,-2.47890953e-02,-1.76621131e-02
-1.04950974e-02,4.26979514e-02,3.35588080e-02,2.19644841e-02,1.88724221e-03,2.36676199e-03,-2.83052737e-02,3.20684101e-02,-3.58789109e-02,-1.07833922e-02,-3.36075487e-02,-4.95388564e-02,-6.74120793e-03
-6.46117311e-02,2.57171801e-02,3.73945854e-02,-5.39417732e-03,-3.03558046e-02,3.42370144e-03,-2.43320777e-02,3.48371523e-02,-8.90269063e-03,-9.30651857e-03,-1.98746399e-02,-2.44430256e-02,2.97638331e-02
-8.81620962e-02,2.88009008e-02,5.62521903e-02,-1.31257156e-02,-2.51255051e-02,-8.19236775e-03,-4.09812270e-02,2.53035593e-02,1.53012011e-02,7.34848482e-03,-2.96416653e-02,-3.75080294e-02,4.08699972e-02
-6.61017544e-02,2.97163627e-02,4.69706185e-02,-2.31473556e-02,-2.17460892e-02,-2.73183529e-02,-1.45447892e-02,3.23975504e-02,-1.24580162e-02,-1.50960316e-02,-2.53024201e-02,-3.47048240e-02,1.21439531e-02
-9.35647857e-02,8.57321854e-03,5.57375615e-02,1.47912485e-02,2.89689262e-02,-1.69264563e-02,-1.84235238e-02,3.82138124e-02,-1.57016657e-02,-2.71339147e-02,-2.76389571e-02,-3.96024401e-02,-1.17722400e-02
-5.65644832e-02,1.37892637e-03,6.94047577e-02,3.42797437e-02,3.64836329e-02,-2.54162228e-02,-2.35426893e-02,3.65288225e-02,5.99017302e-04,-5.74688070e-02,-4.14384088e-02,-4.75223728e-02,-2.41450499e-02
-4.15561431e-02,1.17652705e-02,9.52783489e-02,3.98994608e-02,1.02590008e-02,-1.54796715e-02,-1.64910469e-02,4.64288174e-02,9.92508326e-03,-7.31596252e-02,-4.30795482e-02,-2.43305352e-02,-4.18328853e-03
-3.00696219e-02,1.72980761e-02,9.45817688e-02,4.18610399e-02,1.99087290e-02,-1.37976907e-02,-1.15885213e-02,4.36082982e-02,6.55674862e-02,-3.26792196e-02,-3.63133738e-02,-2.11421816e-02,2.26333205e-02
-2.32764489e-02,7.04500530e-03,7.71236994e-02,1.82336274e-03,-1.10665960e-02,-1.77217452e-02,1.82571571e-02,3.02645462e-02,2.25760686e-02,-5.67732211e-02,-1.16985927e-02,4.90939760e-03,1.61802182e-02
-1.22051354e-02,4.66803707e-03,6.19128390e-02,3.97117936e-03,1.32047207e-02,-1.25108253e-03,2.25477152e-02,2.39649297e-02,2.16347420e-02,-6.17139095e-02,-2.61226892e-02,-1.87125211e-02,2.53906994e-02
-2.92164855e-02,2.82956842e-03,4.96235368e-02,-6.99213306e-03,-1.61910920e-03,-1.36939914e-02,3.21205852e-02,3.10168562e-02,3.28384542e-02,-8.72897916e-02,-3.11729635e-02,-5.45294082e-04,2.85465830e-02
-2.36759654e-02,4.05540135e-03,3.26409185e-02,-1.43733162e-02,9.59975188e-04,-2.16316726e-04,1.47054507e-02,8.77828664e-03,4.77267968e-02,-7.30843059e-02,-4.17427577e-02,-1.35242152e-02,3.98566071e-02
4.69261985e-02,2.69797095e-03,7.32594454e-03,-1.80783809e-02,-2.46490704e-03,1.97438050e-02,1.73584546e-02,1.30147948e-02,4.99555075e-02,-5.57232167e-02,-3.84951936e-02,-2.10756459e-02,1.88411201e-02
3.61579946e-02,-1.36152733e-02,9.08832035e-03,-1.89391717e-02,-4.42927925e-03,2.48323847e-02,4.41836704e-03,-1.24994801e-02,1.19023635e-02,-2.83722678e-02,-2.96544477e-02,-1.82443453e-02,-6.76904782e-03
4.11537606e-02,-3.34888599e-02,-1.85263249e-03,-1.34715764e-02,1.46626515e-02,3.07331706e-02,-5.89965284e-03,-2.55464227e-02,-1.64284974e-02,-2.33642535e-02,-4.71329511e-02,-3.27702896e-02,-3.25015073e-02
2.75677769e-02,-4.48943140e-02,-3.05449731e-02,-1.22510190e-02,-1.44636800e-04,4.45863016e-02,1.06224608e-02,-7.71067221e-03,-3.02228421e-02,-3.98391535e-02,-5.86322203e-02,-2.05046325e-02,-4.70146526e-02
2.10441472e-02,-1.74984356e-02,-3.65097104e-02,-1.09273026e-02,4.50728476e-03,3.61301205e-02,-5.00473839e-04,2.37242689e-04,1.98314833e-02,-8.71793014e-03,-6.96743699e-02,-3.29240027e-02,-4.72892962e-02
4.50321702e-02,-8.67606903e-03,-4.27949105e-02,-2.24421307e-02,-3.78252679e-03,5.32422600e-02,2.09712428e-02,-1.03207762e-02,-5.36026365e-03,9.08307656e-03,-2.18972963e-02,2.17043232e-02,-4.57788531e-02
3.83675022e-02,-1.86816857e-02,-5.98441762e-02,-3.87170314e-02,-1.30961202e-02,5.00403913e-02,-9.32509029e-04,-3.26570974e-02,9.07018779e-03,5.19826970e-02,1.95802610e-02,1.86325990e-02,-2.16859315e-02
4.56444498e-02,5.81559548e-03,-2.76785113e-02,-3.16265279e-02,-2.27260667e-02,3.69878517e-02,1.16835165e-02,-2.16831546e-02,-8.29836292e-03,1.20103971e-02,2.88752223e-02,1.37368057e-02,-3.92330677e-02
-2.71349475e-03,-2.15042501e-03,-6.12467688e-02,-3.45896615e-02,8.38439597e-03,4.69552408e-02,1.64709484e-02,-8.98043141e-03,-5.00002748e-03,-8.57980760e-03,2.23812433e-02,1.16535003e-02,-3.23386863e-02
2.25135013e-02,3.98966032e-03,-6.70999188e-02,5.16073427e-03,2.96485670e-02,6.44279458e-02,1.65174072e-02,9.13390501e-03,-3.82816964e-03,-1.89847317e-02,7.50723287e-03,9.75704877e-03,-2.80523143e-02
4.02269727e-02,1.32466967e-02,-6.38190677e-02,5.93075958e-03,1.41676858e-03,6.90014095e-02,2.11055479e-02,7.32702239e-03,-2.38620467e-02,-1.68749108e-03,4.51991546e-02,3.32038632e-02,-9.04884948e-03
4.07659792e-02,5.09905917e-03,-7.61038996e-02,-1.13095919e-02,-2.20693807e-04,4.92602841e-02,1.44549559e-02,9.09315306e-04,-9.05781761e-03,2.08155251e-02,5.07039629e-02,2.84233145e-02,2.29972649e-03
2.64944960e-02,1.84474140e-02,-5.13207744e-02,-2.81219015e-02,-2.19114016e-02,2.69000248e-02,3.52332289e-02,4.11002555e-04,-4.12747093e-02,-1.70719320e-03,3.74154826e-02,4.10554268e-02,-1.62657968e-02
-1.48343346e-02,6.29600322e-03,-2.85634391e-02,-3.22362089e-02,-1.10742330e-02,-7.21384107e-03,3.33075301e-02,9.05225147e-03,-2.72542804e-02,-2.05026568e-02,6.88229324e-03,1.45627860e-02,-8.26140231e-03
-2.66733018e-03,1.84723882e-02,-3.87367608e-03,1.17001039e-03,2.38489768e-02,1.45297938e-02,4.33544463e-02,-2.91365343e-03,-4.20568319e-02,-3.72771777e-02,-4.02091340e-03,4.57546935e-02,5.75376408e-03
-1.58925885e-03,3.20462069e-02,-2.37183911e-02,-3.01039991e-02,2.88021789e-02,1.25194101e-02,1.86557971e-02,-2.73036837e-02,-2.22941543e-03,2.24142318e-02,1.87411396e-02,4.55339184e-02,3.49430723e-02
1.84512690e-02,2.24507134e-02,-7.09170578e-03,-2.61839232e-02,1.86543838e-02,1.15599693e-02,9.55818559e-03,-3.76997761e-02,1.35815061e-02,3.35685615e-02,2.75272855e-02,2.30966195e-02,1.98782665e-02
2.49632074e-04,1.88484344e-02,2.36138467e-03,-3.16224705e-02,2.49195325e-03,5.76369782e-03,-7.66168069e-03,-3.00613845e-02,1.60833357e-02,2.94059875e-02,2.82121574e-02,3.74726243e-03,8.41535237e-03
-3.82095600e-02,3.67432330e-03,3.06227289e-02,6.60173435e-03,3.85505767e-03,-4.91173983e-03,-3.84755043e-02,-4.07306210e-02,-5.36502167e-03,8.15016342e-03,-5.18054614e-03,-2.44157312e-04,-4.96599357e-03
-1.76691516e-02,6.53316627e-03,4.32556497e-02,3.67414677e-02,2.41710019e-02,1.17740259e-02,-1.49738476e-02,-2.61715356e-02,-1.40476710e-02,-1.43842369e-02,7.58368955e-03,7.35903283e-03,2.49171843e-05
2.62054753e-03,-6.57653980e-03,1.29211628e-02,2.14679066e-02,1.90911716e-02,1.73687974e-02,9.50241586e-04,-1.18053946e-02,2.88283172e-02,8.44880213e-03,1.47131528e-02,-4.62191726e-03,2.19357791e-02
1.76246785e-02,1.03671524e-02,3.45933602e-02,7.43562430e-03,-1.46657846e-02,-3.82007167e-03,1.94778957e-02,1.77128396e-02,3.99078882e-02,1.77925633e-02,7.58304719e-03,-2.74221312e-02,-9.42367680e-03
-2.58475568e-02,-2.67652062e-02,3.56896375e-02,-1.88836885e-02,-2.56703875e-02,-3.33879345e-02,2.98657025e-03,1.76473709e-02,4.59253356e-02,4.02631021e-02,1.41781588e-02,-3.40017082e-02,1.87061666e-02
-3.79813116e-02,-7.81388205e-03,9.41291200e-02,2.57627525e-02,-3.00716263e-02,-6.63835171e-02,-1.13226479e-02,1.35314346e-02,1.76520601e-03,-1.40721102e-02,-1.37420312e-02,-1.94776371e-02,2.11335190e-02
-4.79184099e-02,2.83750434e-02,1.04695207e-01,3.26339794e-02,-4.79379023e-03,-6.79257886e-02,-3.01934808e-02,2.02354971e-02,2.97385243e-02,2.54774034e-03,-9.25834980e-03,-1.25866963e-02,2.25945342e-02
-4.47598143e-02,1.00805748e-02,7.52301110e-02,3.75587175e-02,2.24662611e-02,-5.42938496e-02,-1.58929340e-02,2.66521116e-02,5.14185478e-02,8.96856799e-03,-1.26810508e-02,-7.99401259e-03,1.33006762e-02
-4.06189326e-02,4.64382638e-02,7.55322586e-02,4.34698068e-02,1.57442419e-03,-5.80998892e-02,-2.56998272e-02,3.03469622e-02,6.58286886e-02,4.88641596e-02,1.20509546e-02,-3.73215180e-02,-2.16281978e-02
-6.99623505e-02,2.66943604e-02,5.74780433e-02,4.97924437e-02,1.81677807e-03,-5.23045739e-02,-6.85774104e-02,-3.53113951e-03,3.95247587e-02,6.30773085e-02,2.70610046e-02,-2.07428545e-02,-1.95655863e-02
-5.10331141e-02,4.58526460e-02,5.18014272e-02,4.52241233e-02,1.29773048e-02,-5.57326672e-02,-6.90827900e-02,-1.14743468e-02,-1.20787060e-02,2.25711379e-02,2.96594309e-02,-1.71687451e-02,-5.15538675e-02
-3.14551587e-02,1.52141491e-02,-5.84930195e-03,1.03115455e-02,1.30513573e-02,-2.23875057e-02,-2.41560086e-02,2.08936172e-02,7.77136623e-03,8.72533584e-03,1.68536175e-02,-1.86766358e-02,-4.44204609e-02
2.47408403e-02,1.08474137e-02,-3.30775727e-02,-6.37794732e-03,2.53152638e-02,1.63140647e-02,2.19320529e-02,4.44464973e-02,3.64392731e-03,-1.55140619e-02,1.05517805e-02,-3.75974967e-02,-5.92600620e-02
4.97727300e-02,-1.25376737e-02,-6.66014725e-02,-5.96333881e-02,4.54448284e-02,4.30585516e-02,3.97928840e-02,1.42812128e-02,7.45540485e-03,7.11507567e-03,2.69772514e-02,-3.44478928e-02,-2.59791754e-02
5.11071428e-02,-1.83762538e-02,-6.47390432e-02,-6.30479724e-02,1.07358627e-02,2.70695466e-02,3.20721881e-02,-2.16295640e-03,-1.99284715e-02,-4.51046425e-03,1.90152773e-02,-2.77734041e-02,-1.98672087e-02
6.27109868e-02,4.98898823e-03,-4.91874425e-02,-6.71710082e-02,-2.56133044e-02,2.58817272e-02,1.42784618e-02,-2.27190371e-02,-3.66407617e-02,-1.07717835e-02,1.38204992e-02,-2.81977638e-02,-2.43580806e-02
5.99002008e-02,-1.97750583e-02,-5.13274965e-02,-5.84315425e-02,-1.68749420e-02,2.70165595e-02,2.09656579e-02,-1.12858525e-02,-3.96680086e-02,-2.53589997e-02,1.43541506e-02,-1.80101801e-03,-1.24311208e-02
5.32602564e-02,3.11871902e-02,-9.66693205e-03,-1.66336009e-02,-1.13599525e-02,1.60200134e-02,1.75539768e-02,1.00858691e-02,-2.39235459e-02,-1.57555925e-03,2.16961743e-02,-1.22215980e-02,-3.27583159e-02
2.54836831e-02,1.29329215e-02,-3.47013157e-02,-4.30879907e-03,3.59731904e-03,2.85655162e-02,1.48572991e-02,3.68825151e-03,-4.05092424e-03,3.62514590e-02,4.01217476e-02,1.24049772e-02,1.21789966e-02
2.63962152e-02,2.55319832e-02,-6.50779822e-03,-1.17738866e-03,4.01823361e-04,-8.84066822e-03,-9.97279449e-03,-2.31187809e-02,-1.23062090e-02,2.90747888e-02,4.55557399e-02,5.69356118e-03,1.05165055e-02
2.15200291e-04,8.56374626e-03,-2.30507074e-02,-1.30979594e-02,-2.06725836e-02,-2.07114673e-02,-1.79022064e-02,-2.15638017e-02,3.08897645e-03,2.71297831e-02,2.71840676e-02,1.03543130e-02,1.10363827e-02
1.94940213e-02,2.76897339e-03,-2.93914360e-02,4.02007931e-03,-2.66862523e-02,-3.96925515e-02,-6.13615263e-03,2.00051673e-03,-1.22991587e-02,3.67881988e-03,3.09006198e-02,2.09343262e-02,-1.68868603e-03
6.67982511e-02,3.54179096e-02,-2.27430274e-02,-2.22124757e-02,1.58714671e-02,-1.14016529e-02,3.96713664e-03,-1.90245531e-02,-1.71198959e-02,6.23955501e-03,3.65583378e-02,1.68628206e-02,5.26166874e-03
6.63535448e-02,2.76751811e-02,-4.71265900e-02,-3.91277054e-02,2.96576850e-02,-2.72489423e-03,-4.03000364e-03,-2.14618019e-02,1.77504557e-03,1.96707743e-02,4.06748495e-02,2.49613323e-02,-6.47936949e-03
8.25521882e-02,3.96965491e-02,-6.10919483e-02,-5.48545340e-02,9.31819752e-03,2.15382656e-02,5.44614345e-03,-5.31400960e-02,-5.35377586e-03,2.36673962e-02,3.65082474e-02,1.05248550e-02,-1.94352826e-02
7.08188307e-02,1.39894990e-03,-6.68955987e-02,-4.78099958e-02,-1.39120238e-03,8.14592169e-03,-5.69407399e-03,-6.38161784e-02,-1.06439155e-02,6.54684070e-03,3.91615683e-02,2.45992778e-02,1.88698799e-03
7.11003305e-02,2.32096276e-02,-2.87612020e-02,-1.74207788e-02,-5.66498136e-03,-6.26445146e-03,-2.02796576e-02,-4.73483923e-02,-3.30707918e-02,-4.10795402e-02,2.89239726e-02,3.52241072e-02,-9.79465148e-03
5.32159879e-02,1.39614096e-02,-4.53822390e-02,-4.79015043e-03,1.89165875e-02,1.26281117e-02,-9.97694910e-03,-7.05181241e-03,-1.50863372e-02,-3.58955560e-02,2.45773538e-02,4.84316753e-02,9.72080016e-03
5.45149734e-02,-4.73914304e-03,-2.40240038e-02,7.01863930e-03,3.00229679e-02,2.93021420e-03,-1.29942152e-02,1.90361663e-02,-4.82604297e-03,-4.82915050e-02,1.27721413e-02,3.22891938e-02,2.46440091e-02
1.15450306e-02,-1.94139396e-02,-2.18565617e-02,-3.06313065e-03,1.27643183e-02,7.00958115e-03,-1.27707312e-02,2.18791030e-02,5.01538312e-03,-3.58558509e-02,8.36139883e-03,1.83323942e-02,4.07273938e-02
-3.86331310e-02,-6.29775457e-02,-2.06839629e-02,2.23178007e-02,-1.00170383e-02,-4.96586024e-02,-9.96596656e-03,3.88825109e-02,8.82556891e-03,-1.87627815e-02,1.34192883e-02,2.38579631e-02,5.12644877e-02
-2.89666927e-02,-1.76917561e-02,2.88335167e-02,3.05035153e-02,-1.50062127e-02,-6.34415522e-02,-1.35783770e-02,1.78111677e-02,-1.33944915e-02,-2.41388816e-02,3.47076146e-03,4.24219152e-03,4.99569324e-02
-2.39498440e-02,2.54049582e-03,3.06410276e-02,2.00886496e-02,-4.11587512e-03,-5.08624759e-02,-3.09777538e-02,3.42320986e-02,3.95120540e-03,-1.36373823e-02,-1.44247655e-03,-2.66813088e-04,3.95588377e-02
-2.37162099e-03,3.46604658e-02,2.82148747e-02,1.27652142e-02,6.16694430e-03,-1.81742351e-02,-2.02622976e-02,3.78164588e-02,2.71330024e-02,6.87900606e-03,-9.63629644e-03,-4.12801997e-03,4.98522028e-03
-2.22170330e-02,1.22131748e-02,2.02502170e-02,8.20187199e-03,8.13443344e-04,2.25103692e-03,6.82542493e-04,6.92367372e-03,3.62723225e-02,3.72856696e-02,-5.67297344e-03,8.14605420e-03,1.57759835e-02
-5.77353387e-02,-2.47313334e-02,6.81789012e-03,2.13178181e-02,-4.05914992e-02,-4.77942443e-02,-1.31151991e-03,8.09806548e-03,2.54111217e-02,6.24915187e-02,1.37218831e-02,7.87235933e-03,3.33408189e-02
-4.19041795e-02,-1.51404758e-02,1.81159319e-02,5.99184352e-02,-5.24674866e-02,-6.97626541e-02,8.77874932e-03,-1.15234724e-02,-3.26446332e-03,2.55336709e-02,9.58141934e-03,6.00941257e-03,2.46914292e-02
-3.89423926e-02,-3.94231261e-02,3.35622792e-02,9.74068991e-02,-4.62759725e-02,-4.66742565e-02,3.19624266e-02,-6.58739524e-03,-5.04810010e-02,-2.36355816e-02,-1.25581306e-03,-7.15687494e-03,-3.67894615e-03
-4.16902665e-02,-7.23446441e-02,-4.16899851e-03,7.71439298e-02,-5.25356992e-02,-1.55210667e-03,6.06262583e-02,2.99242269e-02,-3.97028201e-02,-1.17599711e-03,3.47456434e-02,-7.96095530e-03,-3.15851848e-02
-3.15542324e-02,-1.15623488e-01,-1.74272677e-02,9.22555321e-02,-5.38400050e-02,1.24390154e-02,2.46623387e-02,1.48552421e-02,-3.45205190e-02,-7.08322915e-03,3.25091501e-02,-3.22221799e-02,-3.51209098e-02
7.78212677e-03,-9.66102817e-02,-1.88642096e-02,7.02623554e-02,-4.97385186e-02,2.43712233e-02,7.46782728e-03,-3.68561648e-02,-6.89244242e-02,-3.07451836e-02,4.28685502e-02,-3.50595659e-02,-3.10310249e-02
7.77384373e-02,-5.42850932e-02,-2.73825282e-02,4.45768654e-02,-2.61506158e-02,2.85589107e-02,-1.81424202e-02,-3.48833318e-02,-6.14252759e-02,-4.92781151e-02,-1.25535734e-03,-6.71948685e-02,-4.11681137e-02
8.99416826e-02,9.96305032e-03,-2.69628483e-03,3.01569421e-02,1.18142360e-02,5.11940928e-02,-2.37743587e-02,-9.00036987e-03,-2.55652106e-02,-6.50180611e-02,-6.47233772e-02,-6.53230346e-02,-4.48925957e-02
1.10591679e-01,4.60448447e-02,2.23417337e-02,-2.53827573e-02,3.31877405e-02,1.09628658e-01,1.49210151e-02,-1.27897887e-02,1.16989143e-02,-5.60278370e-02,-8.92130314e-02,-3.37579538e-02,-5.44940963e-02
9.73378440e-02,4.74181141e-02,8.64122210e-03,-4.90866549e-02,5.21633906e-02,8.51126395e-02,-2.10981695e-05,-3.71748362e-03,4.29384647e-02,3.63761547e-03,-1.00479273e-01,-5.32673954e-02,-3.89934647e-02
8.98194078e-02,9.68595993e-02,9.42559168e-03,-7.26580836e-02,3.83869110e-02,6.01176479e-02,2.27871324e-02,7.94450530e-03,4.53811482e-02,1.75353698e-02,-8.05099821e-02,-3.34282626e-02,-2.41821290e-02
5.11297834e-02,7.64948193e-02,3.07518668e-03,-5.47819615e-02,2.88592140e-02,3.46010791e-02,4.05246467e-02,3.10218456e-03,2.10364455e-02,2.93441151e-02,-7.47444373e-02,-5.93231658e-02,-5.39210143e-03
2.06765215e-02,3.50640824e-02,-2.31254416e-02,-6.80263225e-02,3.32674482e-02,3.43552996e-02,6.23127026e-02,1.86167508e-02,1.68821002e-02,5.52877798e-02,-3.95194527e-02,-1.60944338e-02,-4.86712633e-03
2.53868928e-02,9.73336369e-03,-1.61909119e-02,-3.97748514e-02,4.45177784e-02,3.13306370e-02,2.55651764e-02,1.27066618e-02,2.45814193e-02,4.78846522e-02,-3.32843372e-02,-2.80441337e-02,6.37113024e-03
1.43611163e-02,-4.04552100e-02,-6.38312136e-02,-5.80369363e-02,5.01241579e-02,4.56534136e-02,3.65206703e-03,-6.92255910e-03,1.34215904e-02,4.15634615e-02,2.04356172e-02,1.24043184e-02,4.21791836e-02
5.01487117e-02,-3.97615710e-02,-6.37609849e-02,-3.85563677e-02,7.65903314e-02,5.97379206e-02,-1.41467333e-02,-2.06532299e-02,-2.02478702e-02,2.71937422e-02,3.75965939e-03,-3.56472506e-02,8.76743144e-03
2.81110730e-02,-2.87399950e-02,-4.76588751e-02,-9.01566542e-03,5.92695739e-02,3.60246709e-02,-2.61901403e-02,-2.47298702e-02,-4.75878626e-02,7.42458632e-03,-1.42895878e-02,-5.52047487e-02,-2.51252888e-03
2.72380375e-03,-3.55292104e-02,-1.46718992e-02,-4.87809468e-03,1.27248663e-02,4.46370582e-02,1.07104145e-02,-4.21838015e-02,-6.32630079e-02,-1.01691896e-02,5.98034537e-03,-3.05623556e-02,-1.35542720e-02
-3.78601631e-03,-5.14666811e-02,1.29775682e-02,3.57187175e-02,1.51403305e-02,3.31544922e-02,-4.42568585e-03,-4.56998102e-02,-4.44225466e-02,-4.09614290e-02,-2.62426708e-02,-5.01222914e-02,-2.12566780e-02
-2.88301019e-02,-5.02733643e-02,-9.53093837e-03,-2.02936053e-03,-1.49147061e-03,3.04607832e-02,-9.87676662e-03,-4.97114361e-02,-4.45817889e-02,-5.07053500e-02,4.06936090e-03,6.94663844e-03,-1.25855151e-02
-4.11196739e-02,-5.25199764e-02,-2.24586794e-02,2.59871378e-03,-4.68228921e-03,2.69008510e-02,-9.24950668e-04,-2.64165200e-02,-2.23640645e-02,-2.86511940e-02,9.11484094e-03,-2.65765351e-02,-6.55884475e-03
-5.60729947e-02,-6.64691328e-02,-4.48142877e-02,-2.43331735e-02,-7.73337781e-03,6.58380901e-03,-1.97942554e-03,-2.34205307e-02,-2.19476383e-02,-1.37850083e-02,2.39672643e-02,-2.44079162e-02,-1.70136069e-02
-2.21664207e-02,-1.31517999e-02,-9.09510096e-03,-2.42175244e-02,-2.35432917e-03,-2.97642452e-02,-1.75397858e-02,-4.16177157e-02,-1.72468356e-02,-1.41685064e-03,1.95622948e-02,-1.72637959e-02,-8.48849340e-03
2.70165356e-03,-3.14786161e-02,-1.56699566e-02,-3.54664174e-02,-9.02770308e-03,-4.52570221e-02,-1.41229096e-02,-4.57137957e-03,2.70770834e-02,1.20012836e-02,2.82051171e-02,3.72749926e-02,4.49805487e-02
2.31619580e-02,-2.41648346e-02,-1.74175294e-02,-2.44850689e-02,1.41828374e-03,-3.43057367e-02,9.72084026e-03,2.89299973e-02,1.70877395e-02,-5.31318325e-03,2.31212636e-02,3.76590968e-02,4.67809115e-02
5.37750731e-02,-5.60283341e-03,-1.10578195e-02,-1.63149976e-02,-1.17956473e-02,-4.33206797e-02,1.98179632e-03,2.95679665e-02,-1.69748361e-03,-2.15276121e-02,-8.59025620e-03,1.19615369e-02,9.72539037e-03
3.32722215e-02,-8.02454151e-03,-1.06845039e-03,-3.27587969e-02,-6.01011155e-02,-4.40020961e-02,3.28052078e-02,2.62624632e-02,-2.41435988e-02,3.13177388e-03,1.35056203e-02,8.83055023e-03,-2.12765028e-02
3.04869068e-02,-2.11057544e-02,1.49010896e-02,1.69295869e-02,-6.62692636e-02,-7.06903392e-02,1.86770877e-02,3.59167212e-02,-1.04096142e-02,-9.56398603e-03,6.82234170e-03,-2.07088696e-02,-3.61993309e-02
5.03529733e-02,-7.33308053e-02,-2.63517500e-03,9.69590519e-03,-6.25781901e-02,-5.39772299e-02,9.76114889e-03,3.63071186e-02,-4.43370995e-03,-4.82415041e-03,1.53455282e-02,3.81525654e-02,1.65773285e-02
5.79797925e-02,-7.64872341e-02,1.14919507e-02,2.24461743e-02,-3.23912402e-02,-1.75552239e-02,6.64664635e-03,4.36811770e-02,2.82978091e-03,-2.49507679e-02,-1.40664850e-02,3.62854927e-02,3.93066306e-02
2.54817403e-02,-7.90965875e-02,-1.49936428e-02,-1.06518433e-02,-1.47129908e-02,-1.92889983e-02,-3.25200858e-02,2.03542843e-02,-4.31049607e-03,-2.57696291e-02,-2.18436486e-02,1.38448590e-03,2.56011298e-02
-1.08636006e-02,-4.63696038e-02,1.19526522e-02,-1.75472173e-02,8.63140891e-03,-1.29194050e-02,-4.23426083e-02,-2.51766230e-02,6.73949364e-03,5.19791466e-03,5.02949515e-03,6.24847024e-03,1.54272207e-02
9.42825014e-03,-1.78286648e-02,5.43850651e-02,1.51140031e-02,2.26422635e-02,-1.25032409e-02,-4.98141610e-02,-3.28531073e-02,2.17298982e-02,2.16133361e-02,1.56118779e-02,-2.35074412e-03,3.48998007e-02
2.83635411e-03,-2.41392123e-02,3.64656666e-02,2.37036788e-02,1.04260184e-02,-3.16352152e-03,-4.01981830e-02,-7.61834825e-03,1.15925277e-02,-1.58379224e-04,3.43536458e-02,1.58263717e-02,4.61785144e-02
-9.30244712e-03,-1.25095873e-02,3.91071564e-02,5.18520077e-02,2.23169680e-02,9.94689509e-03,-5.00537663e-02,-2.42232681e-02,1.08809224e-02,-1.96172104e-02,-7.08098250e-03,-8.27210931e-03,2.25599713e-02
-5.13575389e-02,-7.87047216e-03,3.77876941e-02,2.22695104e-02,1.55147248e-02,-4.62607597e-03,-4.04963318e-02,-3.03343364e-02,-5.45995718e-03,2.30629987e-03,-2.11271665e-04,1.93382223e-02,-2.58413249e-03
-8.82094820e-02,-2.76771086e-02,1.46535601e-02,2.41148454e-02,8.25723695e-03,-1.76073150e-02,-4.90429675e-03,-3.24180901e-02,8.69234667e-03,4.08258457e-03,1.03705636e-03,-1.01319611e-02,-5.75116304e-02
-4.07128263e-02,-3.54895324e-02,-6.03690954e-04,1.83631074e-02,2.69039278e-02,1.91946878e-02,4.68372399e-02,7.85805217e-03,1.04065404e-02,7.02274739e-03,-6.18446609e-03,2.40515136e-04,-4.24756912e-02
4.13414090e-03,-3.31227508e-02,1.46430038e-02,2.90417191e-02,3.75572814e-02,1.81386478e-02,9.11306227e-02,1.71668798e-02,-9.51776233e-03,-3.28951855e-02,-3.32008020e-02,-8.38399642e-03,-4.66804277e-02
6.32341858e-02,-2.41037502e-02,-1.72836634e-02,-5.44599398e-03,4.85945329e-02,2.68568707e-02,8.03723631e-02,1.53150787e-02,5.68442570e-04,-5.25517067e-02,-6.55000395e-02,-3.28444577e-02,-5.98066347e-02
3.90645097e-02,-3.63221318e-02,-2.71132919e-02,-1.91072297e-02,3.68459487e-02,5.43879552e-02,8.52328367e-02,5.15658023e-03,-2.34198376e-03,-3.18508226e-02,-2.97469287e-02,-2.74419191e-03,-5.79927991e-02
4.91758004e-02,-1.19990029e-02,-2.15229423e-02,-4.88832107e-03,2.18807929e-02,5.25549689e-02,6.84010800e-02,1.88480525e-02,-6.11804811e-03,2.26819338e-02,-9.81435891e-03,-2.66963010e-02,-5.80039829e-02
7.45188192e-02,1.67373999e-02,-2.88891753e-02,-1.27692396e-03,-1.29066571e-02,6.56821561e-02,5.60852630e-02,2.98216303e-02,-8.00838612e-03,3.53689002e-02,-5.39446786e-03,-1.96139293e-02,-3.88344600e-02
7.96631251e-02,2.18565671e-02,-3.16755098e-02,4.08232247e-02,-3.40095729e-02,5.39934453e-02,5.33075091e-02,4.17748853e-02,-3.07198582e-03,4.72114413e-02,-4.36836965e-02,-5.39033239e-02,-3.04996918e-02
7.96152969e-02,2.79749879e-02,-2.63730103e-02,3.03926423e-02,-3.35094060e-02,1.27674512e-02,7.87029262e-03,1.04079877e-02,-1.71610135e-02,5.49584681e-02,-3.98881458e-02,-3.08819300e-03,-1.17754976e-02
4.93376601e-02,1.12122522e-03,-4.38341861e-02,5.71445686e-03,-5.84287590e-02,-1.72813884e-02,3.47565937e-02,8.56763782e-03,3.82861132e-03,7.31745353e-02,-2.93421799e-02,4.50108444e-02,-2.01451039e-02
5.30293489e-02,3.47916180e-02,-3.21707050e-02,-7.13241774e-03,-4.95672790e-02,-7.68104993e-03,4.89988229e-02,1.64527634e-02,7.21398116e-03,5.50338202e-02,-3.85486164e-02,3.76775390e-02,-6.61879875e-03
7.04162568e-02,4.13540852e-02,-2.11744173e-02,3.48490129e-03,-6.58367063e-02,-2.93014490e-02,5.86590563e-02,1.05494978e-03,-6.33774270e-03,3.92493909e-02,-3.03722293e-02,1.63497903e-02,5.26792921e-03
5.38592960e-02,8.22451039e-02,-4.25503674e-02,4.90337345e-03,-4.50097525e-02,-2.67881464e-02,5.87210515e-02,-1.23730089e-02,1.35364228e-02,-9.51379998e-03,-6.18747896e-02,7.69861038e-03,2.50177765e-02
-1.12334999e-01,4.81897034e-02,-8.16238754e-02,-6.69324080e-02,-6.40374949e-02,-6.73924192e-02,3.04682098e-02,3.03526789e-02,-1.83365130e-02,-1.61951730e-02,-2.26083067e-02,-2.89318406e-02,-2.64065634e-02
-2.58795360e-01,3.08876798e-02,-8.58250086e-02,-1.22192284e-01,-6.82953840e-02,-1.12830446e-01,1.85986217e-02,1.06219956e-01,-3.12339472e-02,2.66579791e-02,8.23467243e-03,-6.62503182e-02,-6.14726459e-02
-3.21198220e-01,2.21338288e-02,-8.39297468e-02,-1.66965112e-01,-5.86791281e-02,-1.39542468e-01,1.62850655e-03,1.11354413e-01,-3.12822602e-02,9.03839655e-02,4.87875410e-02,-7.80011370e-02,-9.30185855e-02
-3.47977438e-01,-2.09031160e-02,-9.66314693e-02,-1.70132548e-01,-5.56339622e-02,-1.53203291e-01,-4.55101162e-03,1.29298206e-01,-3.08955581e-02,1.23095842e-01,2.46331362e-02,-1.12256578e-01,-1.21318526e-01
-2.84601866e-01,-2.93224368e-02,-8.08808580e-02,-1.60762337e-01,-2.03628674e-02,-1.38412481e-01,-2.69092005e-02,9.84113729e-02,-3.55102023e-02,1.33798174e-01,3.98106358e-02,-1.02875368e-01,-1.35539766e-01
-2.15752210e-01,-3.87086788e-02,-6.01784270e-02,-1.23130667e-01,2.98952502e-02,-1.31737318e-01,-2.83083242e-02,8.46049791e-02,-3.72651344e-02,1.29963820e-01,5.56308564e-02,-4.97883219e-02,-1.38469290e-01
-1.34622419e-01,-4.71934978e-02,-8.02057822e-03,-6.23969987e-02,8.16025794e-02,-8.96400094e-02,-1.98288593e-02,6.01039872e-02,-1.10785226e-02,1.12698718e-01,7.53691736e-02,-4.19217141e-02,-1.27484885e-01
3.29546569e-03,-5.28646363e-02,1.12512116e-02,1.08937286e-02,8.53385094e-02,-4.73980755e-02,-2.04877568e-02,3.11625223e-02,2.48043262e-02,1.11280488e-01,9.33119117e-02,-3.19561457e-02,-8.84528708e-02
1.12484686e-01,1.81823406e-02,1.65423428e-02,1.07497743e-01,1.01980338e-01,-5.47128792e-03,-1.77573271e-02,-3.10254947e-02,2.76017692e-02,4.27237721e-02,6.22624715e-02,-1.38765691e-02,-3.81103672e-02
8.19787102e-02,3.44610884e-02,4.78679248e-04,1.08958149e-01,7.63440099e-02,-1.50422516e-03,-3.47818766e-02,-4.09659026e-02,2.31233019e-02,1.38479008e-02,6.38883891e-02,-4.86038630e-02,-5.50187967e-02
1.77843365e-02,3.43554959e-02,1.82325088e-03,1.02695148e-01,4.65746134e-02,-3.05984174e-02,-1.78917657e-02,7.29025856e-03,3.68740171e-02,-8.90535047e-03,3.46621868e-02,-5.93373411e-02,-5.85399187e-02
9.05952728e-03,1.48413018e-02,-1.15671090e-02,5.03643792e-02,3.42598541e-02,-5.16621318e-02,-1.26884767e-02,1.81284459e-02,3.05136918e-02,1.18232433e-02,3.87383029e-02,-3.49032322e-02,-5.19254043e-02
-1.07307608e-02,-1.88957174e-03,-4.45300925e-02,1.44388200e-02,3.34090609e-03,-3.78202085e-02,4.76782727e-03,2.73319567e-02,3.05968111e-02,2.36641513e-02,4.00033205e-04,-3.92621237e-02,-5.96862414e-02
8.13428693e-03,-2.43841072e-03,-5.70759172e-02,-6.22735096e-03,-2.83941506e-02,-5.07306537e-02,-6.14497632e-03,1.85580680e-02,2.73504361e-02,3.87655619e-02,1.47321358e-02,-4.32492660e-02,-3.92878890e-02
4.94702838e-02,2.15725855e-02,-4.90291716e-02,1.73090512e-03,-2.46669061e-02,-2.82724842e-02,-1.26670654e-02,3.46039940e-02,2.29281835e-02,2.28428649e-02,-1.08410353e-04,-2.63109364e-02,-5.93984277e-03
3.78828763e-02,6.26435642e-03,-2.64156393e-02,1.01565064e-02,-2.28713378e-02,5.52753922e-03,-7.74765179e-03,6.48830772e-02,6.37954822e-02,3.36650828e-02,1.91578245e-03,-1.81748598e-02,1.88103208e-02
3.63079850e-02,-1.13258907e-02,-3.89599445e-02,-3.34993578e-04,-4.09766610e-02,2.13452927e-03,-2.87191150e-02,5.91429115e-02,5.97571877e-02,3.90179576e-02,6.19695746e-03,4.93970005e-03,5.14285872e-02
5.97526581e-02,8.84121438e-03,-4.12587636e-02,2.82806061e-03,-4.22658646e-02,6.95902365e-03,-3.15571989e-02,5.21646151e-02,3.10079076e-02,2.68658403e-02,-3.35117888e-03,-1.68597888e-02,5.81026629e-02
5.31167634e-02,1.90739061e-02,-1.25127867e-02,-5.59262841e-04,-5.27679502e-02,1.02851573e-02,-5.45861104e-02,3.25771130e-02,3.91530812e-03,9.30228087e-03,-1.76306311e-02,-3.26172769e-02,3.69328455e-02
5.96229651e-02,1.66713609e-02,9.06741479e-03,1.07597550e-02,-5.62677809e-02,4.42068671e-03,-7.35735364e-02,3.50867434e-02,-9.69994476e-03,5.92282624e-03,-3.79775050e-02,-4.75091999e-02,1.88740127e-02
5.84289789e-02,2.67060125e-03,2.94046593e-02,-2.51716218e-02,-5.67785851e-02,1.37654523e-02,-8.17307203e-02,3.12548621e-02,-1.75918772e-02,8.68194545e-03,-5.04574695e-02,-1.57644793e-02,1.92195878e-02
2.63704582e-02,1.59578214e-02,2.67571321e-02,-4.31911558e-02,-3.44444246e-02,3.29653485e-02,-5.36480629e-02,1.64785032e-02,-1.39559152e-02,2.45169636e-02,-4.88663466e-02,-4.41999770e-03,-4.19875365e-03
-8.74537316e-03,2.89746535e-02,1.48697676e-02,-4.73734831e-02,-1.16123804e-02,2.71490055e-02,-4.79327108e-02,-2.59226916e-02,-3.57270341e-02,2.93221569e-02,-2.13931410e-02,-2.30407775e-02,-8.35305446e-03
-1.68455200e-02,3.39837517e-02,1.83255908e-02,-2.74168850e-02,9.47582860e-03,5.47660097e-02,-2.39578916e-02,-1.91689021e-02,-2.10009995e-02,1.95398886e-02,-8.60458107e-03,-1.42726053e-02,-2.51313314e-03
-2.95381190e-02,6.60980146e-02,4.68182860e-02,-1.52859571e-02,2.14304503e-02,5.70409311e-02,-1.43313391e-02,1.75021272e-02,2.99524629e-02,2.22243096e-02,-1.71978438e-03,-8.12340203e-03,-1.01153891e-02
-3.05969947e-02,3.84443569e-02,2.26827571e-03,-3.76126217e-02,1.16969580e-02,4.51492973e-02,-2.44660536e-02,-3.35789988e-03,2.73770928e-02,2.17749522e-02,8.86465064e-03,3.71095479e-02,2.61994458e-02
-1.45652321e-02,3.17612909e-02,-1.32863667e-02,-1.31282695e-02,2.22984308e-02,6.07479313e-02,-2.11312232e-02,-6.58448739e-03,4.13466263e-02,1.73571530e-02,1.59124777e-03,3.75032620e-02,5.01398529e-02
-1.64366857e-02,2.77850971e-02,-3.37521359e-02,-2.88198609e-02,-4.64923989e-03,3.66394177e-02,-4.21105724e-02,-4.18694253e-02,9.16349918e-03,-3.22273798e-02,-4.99236686e-02,2.00073343e-02,3.98132653e-02
-3.16249158e-03,2.23430188e-02,3.34020518e-02,-2.21736371e-02,-8.07870413e-02,1.36357933e-02,-4.64028195e-02,-1.05970389e-01,-3.87387284e-02,-4.15351432e-02,-6.26027983e-02,5.69635429e-02,1.11759809e-01
-1.31389008e-02,-2.73304680e-02,9.84388253e-02,-2.34773385e-02,-9.33259507e-02,2.51617593e-02,-3.92866527e-03,-1.56063007e-01,-4.98080288e-02,-2.36712897e-02,-2.00003859e-02,1.06551364e-01,1.82701037e-01
-3.63539907e-02,-6.99829738e-02,1.14904417e-01,-5.97156125e-02,-1.16411888e-01,-2.52653819e-03,1.87267809e-02,-2.12639239e-01,-5.23821559e-02,-1.94031522e-02,3.16662856e-02,1.51621611e-01,2.23341826e-01
-6.55527955e-02,-8.06838683e-02,1.16830049e-01,-6.76355663e-02,-1.18412106e-01,-5.64906258e-03,6.23103857e-02,-2.29144627e-01,-6.33656597e-02,-1.56129053e-02,6.05444968e-02,1.40019589e-01,2.17193277e-01
-9.30032671e-02,-9.37057789e-02,1.14875844e-01,-6.84789190e-02,-1.20399352e-01,-1.67481740e-03,9.93414408e-02,-2.22670063e-01,-4.71929337e-02,2.25867937e-03,9.76269216e-02,1.36782921e-01,1.91560220e-01
-8.30369477e-02,-5.38161815e-02,1.00619241e-01,-7.71937002e-02,-1.34898374e-01,-4.09004619e-02,8.79387907e-02,-1.98151640e-01,-4.35136264e-02,9.91489066e-03,1.24352623e-01,1.26649619e-01,1.46119032e-01
-5.30703108e-02,-3.16655269e-02,4.32406399e-02,-8.57375647e-02,-1.31150479e-01,-4.59291450e-02,8.07677638e-02,-1.67970648e-01,-3.25073231e-02,2.20551311e-02,1.37587905e-01,1.39390876e-01,1.26495963e-01
-1.40886879e-02,5.17277380e-03,2.69404461e-03,-4.50876999e-02,-9.23504846e-02,-4.04843580e-02,5.14110781e-02,-1.03806395e-01,-1.29152103e-02,1.98212136e-02,1.23622944e-01,1.14292295e-01,8.23020744e-02
2.45604948e-03,3.54693682e-02,-7.83087207e-02,-3.01989894e-02,-7.17611402e-02,-5.80420565e-02,7.98492645e-03,-3.52570898e-02,3.98400842e-03,-8.30536261e-03,7.31368421e-02,6.61246904e-02,2.65851089e-02
3.59705665e-03,6.50361603e-02,-7.47099392e-02,-1.17514196e-02,-1.08760432e-01,-7.51520494e-02,-2.58161249e-02,-7.57720229e-03,8.58671865e-03,-1.07989307e-02,8.64972270e-03,5.45069122e-02,2.17424727e-02
-4.10692038e-03,5.19800042e-02,-5.90223045e-02,9.86557673e-03,-7.60028765e-02,-7.18911356e-02,-3.11369260e-02,9.41682885e-03,-1.78186837e-03,-3.15015211e-03,9.03751038e-03,4.74963851e-02,2.38931883e-02
-8.07464327e-03,3.73191904e-02,-4.49655934e-02,4.49324222e-03,-5.04576080e-02,-6.62388197e-02,-2.78610886e-02,1.27687422e-02,3.19509378e-03,-6.98491253e-03,1.67042575e-02,4.45340147e-02,3.57972103e-02
-5.36230021e-02,-8.38613539e-04,-4.67146547e-02,-8.17085278e-03,-4.25485746e-02,-6.74781797e-02,-2.39570221e-02,3.95307212e-02,1.13737178e-02,-1.51643792e-02,1.26909278e-02,2.57249364e-02,2.91323953e-02
-5.52457929e-02,6.42813160e-03,-1.20892103e-02,-1.00274383e-02,-2.60612270e-02,-6.30188779e-02,-1.61159313e-02,4.56556865e-02,1.26474233e-02,-3.79183106e-02,1.27484586e-02,9.79081843e-03,3.62879326e-03
-6.04813717e-02,-7.38508596e-03,5.06801622e-04,-2.61679073e-02,-2.84328029e-02,-7.16600861e-02,-1.70483065e-02,3.85664570e-02,-3.39413338e-03,-6.01336386e-02,1.48371475e-02,3.73032089e-03,-1.42298990e-02
-4.22928653e-02,5.93558549e-03,6.22476958e-03,-3.00324539e-02,-2.39267544e-02,-5.74036939e-02,-7.22015795e-03,3.86851953e-02,2.21965464e-03,-6.46260152e-02,1.02516681e-02,-3.19770633e-03,-1.53854433e-02
-5.87202190e-03,2.68306768e-02,3.31402321e-02,-1.49917864e-02,-7.95473161e-03,-3.69554950e-02,-1.18630174e-02,2.74158263e-02,-9.86971402e-04,-6.48790798e-02,-6.45776100e-03,-2.69466912e-02,-2.12282693e-02
8.64860426e-03,2.34226431e-02,3.49708494e-02,4.28948033e-03,7.08038720e-04,-4.02223971e-02,-2.54893951e-02,2.86198428e-02,6.86538897e-03,-5.29836594e-02,-1.29858434e-03,-3.30655275e-02,-2.58832277e-02
3.15913019e-02,2.68100279e-02,4.23776613e-02,2.98169441e-02,1.21426576e-02,-3.57425583e-02,-3.11170785e-02,4.05035384e-02,1.75613763e-02,-3.18454564e-02,-1.72392708e-03,-4.36121986e-02,-1.43480260e-02
4.89753509e-02,2.59452893e-02,4.86239635e-02,4.16657030e-02,4.12562913e-02,-2.80944666e-02,-4.45525431e-02,5.29840858e-02,1.77715049e-02,-2.01194741e-02,9.67660846e-03,-5.17278466e-02,-5.07950441e-03
5.09427558e-02,1.03278169e-02,5.77282825e-02,3.84054839e-02,7.79915346e-02,-2.42638161e-02,-3.41079679e-02,5.09394704e-02,2.30333624e-02,2.00863018e-03,1.86385694e-02,-5.74318689e-02,1.53189922e-02
3.20701065e-02,-2.87664393e-02,3.09303667e-02,3.62612217e-04,7.19556355e-02,-3.78928854e-02,-3.42578933e-02,4.00117572e-02,1.52739498e-02,5.33137855e-03,3.15625660e-02,-4.21033919e-02,2.69450260e-02
3.78072894e-02,-8.69657192e-03,4.66787560e-02,1.42605303e-04,8.76326055e-02,-4.22253812e-02,-1.69387458e-02,2.38862278e-02,1.16706511e-02,7.74032007e-03,3.50134729e-02,-2.63130640e-02,2.52503528e-02
2.19234028e-02,-2.03372999e-02,3.16815924e-02,-1.09604346e-02,9.38276534e-02,-5.47799637e-02,-1.51447309e-02,8.14549424e-03,9.63711235e-04,-9.85929285e-04,3.37236960e-02,-9.45275331e-03,1.61324854e-02
2.78392626e-02,-2.20640187e-02,8.08055893e-03,-2.75954690e-02,8.43844902e-02,-2.62271486e-02,1.07215831e-02,1.54730250e-02,-7.21574230e-03,-1.02671960e-02,1.73186942e-02,3.23186555e-03,6.57687647e-03
1.75445495e-02,-7.86777694e-03,-6.03220790e-04,-1.61262175e-02,7.56741122e-02,-8.63834217e-03,4.45983468e-03,-2.29615223e-03,1.43617647e-02,-6.79645895e-03,-1.36222868e-02,1.38875357e-02,-7.60809872e-03
-7.37055443e-03,-5.50682514e-03,-2.21991314e-02,-1.39857527e-02,3.70440752e-02,-1.60848492e-02,-1.32646346e-02,-2.14488507e-02,1.73358053e-02,-8.63696988e-03,-4.85225575e-02,1.80570095e-03,-2.09454852e-02
-5.17261145e-02,1.37368157e-02,-6.83019828e-03,3.36948015e-02,-1.76551322e-02,2.54976524e-03,-4.50584376e-03,-5.20936209e-03,2.16862118e-02,1.05853437e-02,-1.01500372e-01,-2.20666415e-02,-1.65913935e-02
-4.58981729e-02,6.01498041e-02,1.21439584e-02,8.57442303e-02,-6.06154747e-02,5.50341565e-02,-1.37073014e-02,-2.85865554e-02,-1.20771855e-02,1.90189028e-02,-1.15316182e-01,-2.60016320e-02,8.47334105e-04
-3.94328818e-02,6.46418257e-02,3.52260129e-02,1.01482589e-01,-7.49343597e-02,1.48362242e-01,1.07329175e-02,-4.36416004e-02,-4.99567597e-02,2.88948113e-02,-8.69952396e-02,-1.47282636e-02,1.67244940e-02
-9.25851710e-03,3.72629724e-02,2.74475426e-02,1.13169738e-01,-1.06028778e-01,1.60690995e-01,2.61254975e-02,-5.17825759e-02,-1.00609652e-01,2.36784714e-02,-5.18878902e-02,1.32008771e-02,2.06812390e-02
-1.04287218e-02,2.69586270e-02,3.29741928e-02,1.10685902e-01,-1.17192274e-01,1.61081689e-01,4.43173884e-02,-4.98671464e-02,-1.33448135e-01,1.07733126e-02,-2.12555942e-02,3.86622234e-02,3.08393838e-02
-9.30070432e-03,-6.24494697e-03,3.49518003e-03,9.95488456e-02,-7.28703352e-02,1.58262032e-01,6.90509992e-02,-1.46718300e-02,-1.29360659e-01,1.38794568e-02,1.29502797e-02,5.73494846e-02,2.06059562e-02
3.10451062e-02,-3.13443460e-02,-1.93856753e-02,8.56959751e-02,-4.57902855e-02,1.47587409e-01,6.48539797e-02,1.43901733e-02,-1.26715545e-01,-6.48902390e-03,3.65730607e-02,7.44638923e-02,1.55048030e-02
4.24671244e-02,-3.76967290e-02,1.49943634e-02,9.26655459e-02,-4.19008056e-03,8.98794997e-02,2.24286121e-02,2.22724349e-02,-1.07891488e-01,-2.31826329e-02,2.13822247e-02,9.68482340e-02,4.68836969e-03
3.61425400e-02,-8.07364858e-02,-2.77458215e-02,5.51356624e-02,2.05332501e-02,2.27629846e-02,-9.29260794e-03,6.15834287e-03,-8.06007283e-02,-5.96013165e-02,2.64222593e-02,9.25677152e-02,5.63704774e-03
1.15285876e-03,-9.77653002e-02,-4.06320751e-02,1.19691518e-02,1.60255087e-02,-5.55074490e-02,-2.55816273e-02,2.26956829e-02,-2.94300494e-02,-7.14657636e-02,3.78483540e-03,6.05601565e-02,1.29674808e-02
-5.20190563e-03,-7.61076515e-02,-5.02138555e-02,5.05780803e-03,4.55658169e-03,-9.13660913e-02,-4.28159447e-02,-1.46320257e-02,-1.80517715e-02,-9.45036808e-02,-1.76950234e-02,3.12006351e-02,2.08533701e-02
1.52642693e-04,-5.95840055e-02,-5.08520592e-02,-1.74843118e-02,1.27625362e-02,-4.19345008e-02,-1.20710327e-02,-3.02341104e-02,-1.12048731e-02,-8.28897090e-02,8.75071722e-04,2.36965454e-02,2.40645500e-02
6.02476323e-02,-1.67963065e-02,-4.43414949e-02,-4.73275311e-03,3.83815864e-03,-4.77988909e-02,-5.04007226e-03,-5.89207863e-02,-4.10586932e-02,-6.17927869e-02,2.92174394e-02,2.70968087e-02,2.51697907e-02
6.23556268e-02,1.05446591e-02,-6.12873527e-02,-1.63532152e-02,-9.87653894e-03,-5.87857196e-02,5.02449954e-04,-6.45268867e-02,-5.48313013e-02,-7.73581774e-02,2.44999959e-02,1.37222675e-02,2.75876819e-02
8.34567772e-02,4.32366909e-02,-7.65433270e-02,-2.35920255e-02,1.50401839e-02,-4.59659215e-02,5.03206231e-02,-3.61683460e-02,-4.98018222e-02,-6.00303371e-02,3.27005368e-02,3.99067277e-03,-6.34910070e-04
7.47538781e-02,5.12472073e-02,-1.08459146e-01,-4.32665957e-02,-1.32300201e-03,-6.50957213e-02,4.91132140e-02,-3.40945378e-02,-5.32617892e-02,-3.63151822e-02,5.33784581e-02,1.36949675e-02,-7.26971956e-03
7.77397013e-02,6.03163986e-02,-3.58114332e-02,1.49835517e-02,6.48209444e-03,-5.09518091e-02,5.14042558e-02,-7.46081114e-03,-5.28990776e-02,2.10576425e-03,1.34983131e-03,3.49805723e-02,-2.01938088e-02
5.68213628e-02,3.76740130e-02,-4.10951767e-02,2.61840226e-02,-1.94934597e-02,-5.16813967e-02,4.26404288e-02,-1.13848880e-02,-4.63711641e-02,1.40824479e-03,-2.75093100e-02,4.63496408e-02,-1.87620699e-02
3.94659566e-02,1.92413107e-02,-3.29760985e-02,-7.05941649e-04,-4.57388508e-02,-7.24899396e-02,3.67434794e-02,-2.43340325e-02,-5.12402460e-02,4.40228374e-03,-3.33493389e-02,4.27334975e-02,-3.19845253e-02
-2.21564146e-02,-2.45459457e-02,-4.41061342e-02,-2.45337441e-02,-7.31093877e-02,-6.53401877e-02,2.05874792e-02,-2.48070893e-02,-4.59212197e-02,-2.33595243e-02,-3.27866202e-02,2.65578427e-02,-9.90395074e-03
-4.69024430e-02,-4.32777093e-02,-3.50428293e-02,-3.21226063e-02,-7.71871263e-02,-5.04474225e-02,2.03892350e-02,-8.46932674e-03,-3.92762832e-02,-6.59110001e-03,-2.58189297e-02,1.67867831e-02,-6.35673455e-04
-2.27388790e-02,-9.65873171e-03,2.71179292e-04,-8.04518552e-03,-7.05813741e-02,-1.39076520e-02,2.12767589e-02,-1.27482446e-03,-4.72565889e-02,8.95097416e-03,1.25562614e-02,2.67697765e-03,1.14612717e-02
-5.73584537e-02,4.91476354e-02,4.52486145e-02,3.87835433e-02,-3.45728102e-02,2.70694960e-03,2.18800716e-02,3.50427472e-02,-2.61876437e-02,-6.66961561e-03,1.38937771e-02,-1.08717551e-02,1.36854723e-02
-5.05626461e-02,1.20291598e-01,9.77660162e-02,4.94883798e-02,5.44744758e-03,1.20424789e-02,-8.71289626e-03,6.96705279e-02,-5.14659721e-03,-3.73312670e-02,1.61601349e-02,-4.30668959e-02,8.88861903e-03
-8.08421848e-02,1.55021713e-01,1.20489322e-01,2.82714682e-02,1.31145922e-02,-7.77116904e-03,-4.16696258e-02,7.41031797e-02,-2.08618699e-02,-3.90810599e-02,5.80317600e-02,-6.39184683e-02,-1.04475116e-02
-7.84341800e-02,1.38088859e-01,1.59137230e-01,4.54491243e-02,4.58226052e-02,5.43131761e-02,-2.43129556e-02,9.70359859e-02,-3.02798273e-02,-3.83721524e-02,3.99433364e-02,-6.03942520e-02,-1.93184077e-02
-9.68071051e-02,9.64995669e-02,1.37986260e-01,1.01305407e-02,2.78686584e-02,7.58252971e-02,-1.86134718e-02,1.13479128e-01,-6.53998474e-03,-6.17526910e-02,1.89410814e-02,-5.45508883e-02,-4.15919939e-02
-7.43451311e-02,5.71958312e-02,1.39823713e-01,-6.72561259e-04,2.76659480e-02,8.22217210e-02,-3.43996013e-03,8.51737252e-02,-1.27034975e-02,-7.59349801e-02,1.24288170e-02,-3.06723310e-02,-5.73321970e-02
-7.71511389e-02,-9.81500737e-03,1.21525760e-01,-2.89286331e-02,8.43776517e-03,7.45090126e-02,-1.96831559e-02,5.51264968e-02,-1.12595482e-02,-9.23366580e-02,4.58455379e-03,-2.40367510e-02,-4.26554189e-02
-3.38863549e-02,-6.17638207e-02,8.30393792e-02,-7.53815928e-02,-3.77184109e-02,1.54560879e-02,-6.03814008e-02,1.55067725e-02,-2.55113375e-02,-7.05480265e-02,1.57413857e-02,-1.30965644e-02,-3.11088019e-02
2.43308621e-02,-9.78113797e-02,2.11752324e-02,-9.60211328e-02,-6.78421463e-02,-1.71116138e-02,-4.47227180e-02,-2.60404553e-02,-5.75554824e-02,-7.23953440e-02,4.29045752e-02,-2.61610612e-02,-2.36221864e-02
2.64408512e-02,-7.65469925e-02,2.10503615e-02,-4.41372262e-02,-3.94790727e-02,-2.29574708e-02,-1.32834166e-02,-3.31523294e-02,-3.95104564e-02,-6.02962616e-02,6.43911207e-02,-2.18370725e-02,-1.03385508e-02
1.28601294e-02,-5.25055629e-02,1.54390778e-02,-2.01223841e-02,-2.33892961e-02,-3.04485217e-02,-1.26041946e-02,1.53890660e-02,2.09170111e-02,-3.80862645e-02,3.42714511e-02,-3.91694056e-02,5.18857996e-03
1.85471563e-02,-2.00574824e-02,1.12553813e-02,-2.68366315e-02,-4.54357234e-02,-6.23627162e-02,-2.79299538e-02,1.52917101e-02,2.93654320e-03,-4.06540975e-02,4.09199506e-02,-3.29468776e-02,4.55950094e-03
2.73637194e-02,-2.80800820e-03,2.65338078e-02,-9.52614788e-03,-3.58865119e-02,-3.82574989e-02,-2.75258027e-02,1.62703270e-02,-1.95588992e-02,-2.59880549e-02,1.07295830e-02,-2.90283756e-02,2.64025273e-02
2.68174564e-02,3.57100114e-02,3.98802852e-02,-1.66789324e-02,-4.72086016e-02,-3.18850278e-02,-3.18277332e-02,3.87640029e-02,-1.69862247e-03,-2.74715074e-03,-1.32027429e-02,-3.59462173e-02,2.32890681e-03
2.51304392e-02,1.90269397e-02,2.29333626e-02,-1.30939098e-02,-2.35880248e-02,3.10253905e-03,-8.34336593e-03,4.02125903e-02,-1.78110645e-02,6.57221113e-03,-2.27929993e-02,-1.09873279e-02,6.68613357e-04
7.05079928e-03,9.14305589e-03,8.80248415e-03,6.04693152e-03,1.56471113e-02,3.40478720e-02,1.47122107e-02,2.96805824e-02,-4.24473280e-02,1.75640159e-02,-4.70079152e-02,1.02955461e-02,-9.06024161e-03
-2.79835818e-03,1.37697801e-02,8.03781967e-03,1.24511901e-02,2.04053903e-02,1.17248023e-02,-2.06812539e-02,1.48431919e-02,-1.04222422e-02,6.11624598e-02,-4.75770128e-02,1.68526493e-02,-1.29927803e-02
9.64173966e-03,1.30939955e-02,-1.95006971e-02,-1.61273359e-02,-4.84263130e-03,-1.58494186e-02,-1.98867426e-02,-2.42876905e-02,-4.29971220e-02,4.52633237e-02,-3.09001291e-02,4.00446837e-02,-3.01488534e-02
4.07865165e-03,3.47957132e-02,1.47184500e-02,8.68676857e-03,2.50274968e-02,-1.63716198e-02,-2.14569704e-02,-5.96667531e-02,-3.76875055e-02,3.62097309e-02,-1.63587822e-02,4.29090629e-02,-3.03814892e-02
-1.96997341e-02,4.48308035e-02,1.09864534e-02,2.05852096e-02,3.49822476e-02,-7.79723674e-03,-6.70797296e-03,-4.28922365e-02,2.51985400e-02,5.52195737e-02,-3.34800372e-02,2.86465295e-02,-1.04951507e-02
-4.54989191e-03,1.77609456e-02,-2.94017038e-02,2.04559212e-03,4.45172285e-02,1.19488991e-02,4.25742783e-02,-2.83958366e-02,2.41934669e-02,1.53831699e-02,-2.76339505e-02,2.50600527e-02,2.25432945e-03
-2.63625186e-02,-6.19020708e-04,-3.44121624e-02,1.24264251e-02,5.40831765e-02,2.90903760e-02,5.35504454e-02,-4.33604597e-02,2.00840674e-02,-1.26734327e-03,-3.56137773e-02,1.60933754e-03,8.63237264e-03
-7.37286950e-04,2.83985890e-02,-3.38803097e-02,-7.78903574e-03,2.63155813e-02,1.13557770e-02,1.72629788e-02,-4.56926961e-02,5.53309431e-02,1.16241992e-02,-1.49867205e-02,-1.17773360e-02,1.65870401e-02
2.39985878e-02,-1.00865205e-03,-7.11088248e-02,-2.90814562e-02,4.30007333e-03,-2.50520833e-03,3.90055510e-03,-6.82619280e-02,4.82726731e-02,1.06974182e-03,-3.08484398e-03,-1.87443128e-02,2.36141665e-02
9.60832668e-03,-2.49233555e-02,-1.07150098e-01,-2.72764800e-02,2.38197318e-02,4.26559697e-03,-4.69623949e-03,-7.92999563e-02,6.36157562e-03,-1.22804323e-02,3.88565242e-03,-1.81860182e-02,2.18017264e-02
8.60643668e-03,-4.22947326e-02,-1.22701055e-01,4.53083688e-03,8.10197678e-02,1.18115088e-02,-5.29487598e-02,-7.07784586e-02,6.54931401e-02,1.57062825e-02,-8.24091467e-03,-2.43637134e-02,4.74553465e-02
1.43999140e-02,-6.10149265e-02,-1.46525286e-01,-2.42492701e-02,7.87489895e-02,2.98544593e-02,-3.66678974e-02,-2.88060962e-02,6.76716481e-02,6.74622458e-03,-1.49013047e-02,-1.77731456e-02,4.91856598e-02
3.30425233e-02,-6.37500566e-02,-1.12020463e-01,4.45445460e-04,7.98618528e-02,4.79569910e-02,-1.98736994e-02,2.53824226e-02,8.29974952e-02,4.66663788e-03,-3.39762983e-02,-2.13288296e-02,4.38854827e-02
7.11926395e-02,-2.93793028e-02,-1.00638749e-01,-1.47715196e-02,5.30098636e-02,2.32054811e-02,-2.48903487e-02,6.29518824e-02,1.02762376e-01,9.60862313e-03,-4.91931527e-02,5.24949748e-03,7.56001466e-02
8.34899320e-02,-1.14837935e-02,-7.49408537e-02,1.11989820e-02,7.52676562e-02,5.95767806e-02,2.83083541e-02,1.23514976e-01,1.00865481e-01,2.79758377e-02,-4.06259996e-02,3.86680697e-02,8.47920348e-02
4.59198165e-02,1.55742412e-02,-2.24325420e-03,9.36490666e-02,8.21913115e-02,9.46002685e-02,6.92194713e-02,1.34515418e-01,1.19636295e-01,5.15405531e-03,-8.96668792e-02,1.63353863e-02,2.77023767e-02
3.51267397e-02,4.30406735e-02,1.96971707e-02,1.01547143e-01,6.90814653e-02,8.76715977e-02,4.13473447e-02,1.15543967e-01,1.32316137e-01,-4.41534405e-03,-1.02802974e-01,4.26685266e-02,-6.22157475e-03
2.74723929e-02,6.46941876e-02,4.16010931e-02,1.52251866e-01,7.83481269e-02,8.69080074e-02,4.50189582e-02,7.56481926e-02,1.18687016e-01,-3.07705852e-02,-1.01471476e-01,3.85950975e-02,-4.95282321e-02
3.33585249e-03,1.06094014e-01,1.01296672e-01,2.05936220e-01,7.13940175e-02,4.38613902e-02,-3.40692866e-03,1.35863912e-02,8.21754684e-02,-4.27565294e-02,-7.38792646e-02,2.24136378e-02,-1.16424450e-01
1.69890898e-02,9.80940086e-02,9.79665992e-02,1.95783234e-01,7.83994798e-02,3.11575486e-02,-5.77171889e-02,-6.16887711e-02,6.64757638e-02,-4.48871976e-02,-6.09275112e-02,2.45557596e-02,-1.23255973e-01
-2.44925857e-02,5.13481058e-02,7.57437427e-02,1.67285781e-01,8.85070398e-02,3.07399195e-02,-3.89892491e-02,-8.42569741e-02,1.26294176e-02,-6.54447109e-02,-5.45080242e-02,6.98772497e-03,-1.27292350e-01
-3.82983815e-02,2.54346483e-02,7.02887816e-02,1.43576865e-01,7.19946201e-02,3.54085670e-02,-1.77411780e-02,-7.64934869e-02,-8.09441981e-03,-6.05236590e-02,-4.30363457e-02,-1.03821312e-02,-9.46172665e-02
4.97015717e-03,1.82252019e-02,3.17842894e-02,6.54935826e-02,5.26432101e-02,1.66813494e-03,-7.05165920e-03,-5.57959218e-02,-3.80129348e-02,-6.67450051e-02,-6.31508803e-03,3.90222342e-03,-5.39848508e-02
2.53019165e-02,1.30235345e-02,1.07559329e-02,2.23305424e-02,5.21680227e-02,3.95371448e-03,1.55437148e-02,-4.11602521e-02,-8.16957555e-02,-2.77376314e-02,4.72188887e-02,4.11748663e-02,-1.15382925e-02
2.02389844e-02,1.32472750e-03,2.64758373e-02,4.46038062e-02,4.20161837e-02,2.26962909e-02,7.12577210e-02,-1.92314489e-02,-4.42668077e-02,-2.87855830e-03,2.71389746e-02,1.98326713e-02,-2.20599075e-02
3.00878907e-02,-6.38556106e-03,1.61302225e-02,7.75648481e-03,1.95381055e-02,1.08777697e-02,7.14546361e-02,-1.98710499e-02,-2.32854961e-02,1.47662804e-02,3.65066486e-03,4.63065192e-02,2.02950379e-02
3.90006787e-02,-6.67661654e-03,-1.20855380e-02,1.49512405e-02,3.28325354e-02,4.96436413e-02,9.95819232e-02,-2.61396607e-03,1.00362818e-02,4.92627027e-02,4.76720676e-03,5.07936730e-02,4.76030738e-02
5.24768969e-02,2.21140078e-02,1.55816730e-02,3.94512543e-02,2.29322189e-02,3.78939890e-02,6.78307047e-02,-1.75531523e-02,4.04121474e-02,7.05231073e-02,7.20926604e-03,1.52283686e-02,1.84411118e-02
6.36147244e-02,2.41615496e-02,1.81159247e-02,2.32853727e-02,-1.88446989e-02,2.44600257e-02,5.06472630e-02,-1.61792065e-02,5.56920314e-02,8.23769919e-02,7.44230463e-03,-9.17241784e-03,-1.16310567e-02
6.39476181e-02,7.95821571e-03,1.12559609e-02,2.40297430e-02,-9.44749981e-03,3.05496657e-02,4.20776606e-02,-2.98537457e-02,3.08310570e-02,5.02317800e-02,-2.80113638e-02,-1.99885659e-02,-2.66673581e-02
5.32558544e-02,1.38030367e-02,1.00855362e-02,5.34554607e-03,-1.52301360e-02,6.74793517e-03,2.30869598e-02,-9.77484596e-03,4.91128363e-02,2.82774372e-02,-4.04420839e-02,-4.28968744e-02,-1.79091413e-02
4.54592027e-02,1.02993515e-02,-1.97876543e-02,-3.75641689e-02,2.34330272e-04,2.56403277e-02,1.42442206e-02,2.40727226e-02,7.70883252e-02,-5.87268970e-03,-2.74607961e-02,-4.18049878e-02,-1.48710907e-02
6.93179586e-02,1.65732685e-02,-7.39715033e-03,-3.82072473e-02,8.61276818e-03,2.77752643e-03,-1.27390334e-02,9.25451133e-03,4.37616084e-02,-3.94128807e-02,-2.05900310e-02,-2.98755892e-02,-3.52335637e-02
7.17685282e-02,1.10864168e-02,1.26100054e-02,-2.31770983e-02,7.51380506e-03,-8.23500674e-03,-1.55301945e-02,1.16862652e-02,4.03805538e-02,-6.35779473e-02,-2.37782848e-02,-3.30399720e-02,-4.90275031e-02
4.05101977e-02,-8.53345996e-04,4.13250859e-02,-4.19252058e-03,1.64472145e-02,-5.24515462e-03,1.92544689e-02,1.54596319e-02,2.60554720e-02,-7.34756166e-02,-4.34729160e-02,-3.40655699e-02,-2.25775861e-02
-2.58085134e-03,-2.89567398e-02,4.23796480e-02,-7.19703904e-03,2.59337413e-02,3.74049278e-04,4.32298457e-02,1.66905763e-02,3.53192779e-02,-3.35891987e-02,-2.62981874e-02,-4.24714205e-03,1.81027143e-02
-2.38518459e-02,-4.07460415e-02,4.05048013e-02,-1.74867631e-02,1.94598260e-02,1.27392576e-02,4.42723219e-02,5.28812470e-03,3.88251563e-02,-1.86025405e-02,-1.70263646e-02,-2.07734504e-02,2.86330362e-02
-4.31282889e-02,-4.55324277e-02,5.70598192e-02,-1.27841920e-03,-9.10257838e-03,2.28888222e-03,2.97419257e-02,3.82964395e-03,4.41271955e-02,1.56513480e-02,3.18810918e-02,-2.43764449e-02,2.07945245e-02
-2.90333553e-02,-1.79512386e-02,5.88411887e-02,-7.52872920e-03,-1.88857218e-02,1.52630799e-02,-1.29804825e-02,-2.72023011e-02,2.09386633e-02,1.14488619e-02,5.11735200e-03,-2.79457618e-02,3.68416449e-02
2.69090232e-03,1.33166644e-02,5.07614493e-02,-2.18022156e-02,-1.31364521e-02,2.52406968e-03,-5.97605204e-02,-4.13086828e-02,3.10078674e-02,1.14831159e-02,2.33567584e-03,-2.87401779e-02,3.54197515e-02
-1.13401749e-02,-4.84809769e-03,8.50846896e-03,-4.54534871e-02,1.39310662e-02,2.77081755e-02,-3.89108688e-02,-1.52236563e-02,6.17626016e-02,1.60980283e-02,1.56382072e-02,-1.70246744e-02,3.49900331e-02
-1.32320477e-02,-1.94723662e-02,3.60682312e-03,-5.65456273e-02,3.92220125e-02,1.13075731e-02,-1.02008401e-02,1.96340464e-03,3.27816993e-02,1.52774683e-02,6.26990406e-03,-9.43188066e-03,1.45370796e-02
-2.56111126e-02,2.07250413e-02,1.62913791e-02,-4.59513082e-02,1.19905253e-02,-9.07556362e-03,-5.72150678e-02,-1.16654066e-02,-4.23243638e-03,-5.95888163e-03,-8.35429930e-03,-9.00882562e-03,-1.42054885e-02
-6.01009085e-02,3.06420039e-02,-1.17527585e-02,-4.53635878e-02,-4.80055868e-02,6.40605812e-03,-5.88259399e-03,3.02117911e-02,-1.48760380e-02,6.38568825e-03,9.02222862e-03,-1.09709891e-02,-2.43712223e-02
-8.43412279e-02,1.69725602e-02,-1.47606085e-02,-3.93374980e-02,-5.07623510e-02,-3.10115842e-03,1.92120591e-02,5.21027612e-02,-3.46980466e-02,5.38420147e-03,-1.63959751e-02,-3.02245350e-02,-5.43785655e-02
-8.02381029e-02,2.44047430e-02,-7.18219407e-02,-6.25343046e-02,-8.87424696e-02,-3.31431098e-02,3.13598037e-02,7.72543435e-02,-7.25284906e-02,-2.09361179e-02,-9.36188142e-03,-1.80695885e-02,-7.24067271e-02
-5.53558549e-02,1.66165928e-02,-8.99438202e-02,-6.79195462e-02,-1.02458886e-01,-3.27027907e-02,3.96617996e-02,7.75841159e-02,-7.82839194e-02,-2.94720959e-02,1.81058076e-02,-3.63359009e-03,-8.08010207e-02
-3.76776518e-02,2.07556614e-02,-1.10828325e-01,-5.50901475e-02,-9.89649659e-02,-3.36268106e-02,2.92991281e-02,8.83838068e-02,-7.40058410e-02,-4.86634338e-02,1.11574018e-02,-3.49249635e-02,-6.77016868e-02
-5.66563730e-02,-7.19330208e-03,-1.30301918e-01,-8.27582105e-02,-1.03871709e-01,-3.34767753e-02,1.94184940e-02,8.44560924e-02,-2.83278532e-02,-2.48224699e-02,8.34543288e-03,-4.59368613e-03,-4.07195357e-02
-9.51614162e-03,-1.31400354e-02,-1.19925105e-01,-4.62220729e-02,-8.59133854e-02,-4.30029518e-02,1.84062034e-02,5.61753268e-02,-1.10832349e-03,-4.39053446e-03,1.29241424e-02,1.96651455e-02,-2.19539305e-02
-6.33855159e-03,-3.21301779e-02,-6.64517190e-02,-2.94949523e-02,-2.24749666e-02,-2.58241923e-02,5.36556651e-02,4.34839547e-02,-1.07656576e-02,-1.76026129e-03,-1.67701975e-02,3.12843662e-02,1.20950711e-02
-6.64572067e-03,1.71421351e-03,4.00842343e-03,-1.18900417e-03,-4.19192738e-03,-3.95220941e-02,1.06531387e-02,4.34554487e-03,-1.23482659e-02,7.06652039e-03,-4.87676039e-02,3.82065049e-02,2.73259785e-02
-6.14572086e-02,-1.73446666e-02,2.58391386e-02,-4.73183401e-03,-3.73979622e-02,-2.94256006e-02,2.53520230e-02,1.63634087e-02,9.95687479e-03,3.13558530e-02,-5.17886762e-03,5.82103409e-02,4.39521634e-02
-7.46797220e-02,-3.85081550e-02,5.18942098e-02,-4.57019971e-03,-1.32687757e-02,-1.14755308e-02,1.81107136e-02,1.27475812e-03,1.28903259e-02,1.90302652e-02,-4.99981204e-02,3.38641765e-03,2.86397652e-02
-3.49870374e-02,-6.84985868e-03,5.74609014e-02,-9.23416281e-03,-2.12296966e-02,-3.17495200e-02,6.69340583e-03,-1.34291733e-02,-1.73459422e-02,-9.77239978e-03,-2.89837291e-02,8.84347754e-03,1.57250277e-02
-1.31648859e-02,2.02716691e-02,6.05084961e-02,-1.98129474e-02,-1.87359207e-02,-3.29144259e-02,7.20828835e-03,-1.47838133e-02,-1.53744133e-02,-5.59140268e-03,-3.47278624e-02,6.57508273e-03,2.19436678e-02
-2.14186720e-02,2.04412825e-02,6.37256927e-02,6.14660023e-03,2.11696962e-02,-2.60865123e-03,1.95831350e-02,2.51934893e-02,-7.26018252e-03,-3.87455604e-02,-2.78932516e-02,-3.00872024e-02,-3.27377517e-03
-4.80967754e-02,-2.32484304e-04,1.58090439e-02,-2.36982277e-02,7.96554402e-03,-2.70473492e-02,1.22563332e-03,3.39366321e-02,2.03764628e-02,-1.50144291e-02,1.71744204e-03,-2.55745767e-02,4.52326367e-04
-9.35124869e-03,1.75605804e-02,4.83141723e-03,4.25726844e-04,8.73981136e-03,-1.99465657e-02,-1.30402999e-02,7.49063383e-03,2.34736650e-03,-1.26719426e-03,4.31878153e-02,-1.37846780e-02,-2.21167935e-02
2.30468692e-03,2.65526266e-02,-1.41788665e-02,-8.77137833e-03,7.78668333e-03,1.96367323e-02,-3.21853248e-02,-2.47549647e-02,8.84157987e-03,2.58806139e-02,5.83046931e-02,-4.13368285e-02,-3.68431864e-02
9.24689635e-03,1.50624488e-02,-3.32760170e-02,-1.46985667e-02,-1.15147251e-02,2.99080745e-02,-2.23318308e-02,-4.76284099e-02,1.95523584e-02,2.96464692e-02,7.70674655e-02,-3.42492319e-02,-5.09784249e-02
2.87874016e-02,1.22100545e-02,-4.60858221e-02,-2.90029160e-03,-1.93240363e-02,6.29450870e-02,-1.62301056e-03,-5.72243760e-02,7.49747380e-03,3.04052304e-02,7.05849175e-02,-5.26200270e-02,-5.88713811e-02
1.19019340e-02,-9.54385325e-03,-6.56510707e-02,-2.48877611e-02,-8.89094445e-03,9.95075928e-02,2.40832353e-02,-6.30303864e-02,3.34512397e-03,4.34959327e-02,6.30583245e-02,-3.52450451e-02,-4.88751374e-02
8.39479915e-02,2.74652260e-02,-6.39765832e-02,-2.17601378e-02,-1.64366301e-02,8.59574762e-02,3.37993594e-02,-8.67925400e-02,-2.95435435e-02,6.58930912e-03,3.75858081e-02,-1.67751520e-02,-2.95981997e-02
5.84240158e-02,4.52874476e-02,-4.13494211e-02,-1.93966368e-02,-1.20547802e-02,7.16620786e-02,5.78305112e-02,-7.06038697e-02,-3.01463531e-02,1.61145904e-02,2.45484341e-02,2.41416028e-02,2.88616544e-02
2.92657230e-02,2.93824187e-02,-3.39729058e-02,-1.60709747e-02,2.83875620e-02,1.05679302e-01,9.83868072e-02,-1.26445313e-02,3.26468799e-03,-2.65210429e-03,-1.81572655e-02,1.95814938e-02,2.96531989e-02
2.73277973e-02,2.58660965e-02,-3.32819657e-02,-2.81760482e-03,2.06950821e-02,3.49046166e-02,4.99276359e-02,-2.10441756e-02,-5.28025052e-03,-2.07459286e-02,-3.10771942e-02,2.47942175e-02,4.21420916e-02
1.76484906e-02,2.23025361e-02,-5.89822221e-04,8.46875037e-03,3.60166133e-02,1.02957004e-02,5.00619162e-02,7.09935981e-03,-2.55062919e-02,-2.97968592e-02,-2.79687962e-02,3.53045706e-02,4.40709235e-02
2.17776130e-02,2.59809499e-02,4.08265248e-03,-1.42405908e-02,5.25395234e-02,-2.93603833e-02,3.84782311e-03,-7.46260278e-03,-2.50048797e-02,-7.58643477e-03,-2.24300453e-02,3.19623000e-02,5.11349463e-02
-3.41594500e-02,-3.09467161e-02,1.23166932e-02,-2.60479502e-02,5.22488629e-02,-6.89847274e-02,-1.44009170e-02,-8.22009185e-03,-5.87285075e-03,-3.76548259e-02,-4.98193482e-03,2.87188850e-02,2.35162419e-02
7.28618946e-03,-4.92887445e-05,3.48846305e-02,1.63644316e-02,6.45841211e-02,-6.23210414e-02,-6.67463145e-02,-3.12264969e-02,-4.12058969e-03,-3.67314190e-02,-3.96123790e-02,-2.05466653e-02,6.66870253e-03
-2.07706054e-02,-1.77326530e-02,1.46257163e-02,4.85605090e-03,6.21997029e-02,-2.34924508e-02,-5.80785117e-02,-8.81090137e-03,-5.08692695e-03,-3.05400933e-03,1.06363594e-03,-1.69091337e-02,-2.01462926e-02
1.30602589e-02,5.65864286e-03,-1.40101397e-03,3.70920501e-02,4.45773634e-02,-3.95417786e-03,-6.56670315e-02,1.19033883e-02,-1.55195308e-02,-1.02700515e-02,-3.23123851e-03,-4.83464316e-02,-4.11690120e-02
-2.23168802e-02,2.21241378e-02,2.06779768e-02,4.47650759e-02,1.11118753e-02,5.93503049e-03,-6.30659948e-02,2.65434241e-02,-2.45034346e-02,-6.60195587e-03,1.00414295e-03,-4.44354352e-02,-2.07075918e-02
-1.96869407e-02,1.76968776e-02,-2.89192309e-02,1.30790837e-02,-3.34522381e-03,4.08749339e-02,-6.74620189e-02,5.50371104e-02,1.27046781e-02,3.84772674e-02,1.46408673e-02,-3.61858709e-02,3.48920584e-03
-3.24362866e-02,3.65662139e-03,-4.05926474e-02,-1.33101668e-03,-3.42946148e-02,5.76896891e-02,-4.86616527e-02,6.25832077e-02,1.48433317e-03,3.20455253e-02,1.32918097e-03,-4.66999872e-02,-3.02962443e-02
-3.42880541e-02,-3.41155072e-02,-5.68289385e-02,-9.24745313e-03,-6.07915254e-02,3.10113606e-02,-1.88226731e-02,8.15780808e-02,1.86975551e-02,4.87777408e-02,1.18356330e-02,-3.39635387e-02,-2.20815466e-02
9.13603695e-03,-1.35432228e-02,-2.90820915e-02,-1.99375226e-02,-5.50981706e-02,8.26662044e-03,6.47706684e-03,4.39815013e-02,-2.66215888e-02,4.31993453e-02,9.76454399e-03,-1.41307585e-02,-2.65009490e-02
2.96484113e-03,-4.86421345e-02,1.64744455e-02,-4.83023406e-03,-4.46855079e-02,-4.34698912e-02,3.80353018e-02,3.55404780e-02,-1.01945236e-02,-8.70590056e-03,-1.68418752e-02,-4.30889687e-03,-3.16523469e-02
5.97817459e-02,-2.98109384e-02,6.50526835e-02,1.50446131e-02,-1.63836029e-02,-6.64829554e-02,3.08879239e-02,2.00761786e-02,-2.87428860e-02,-2.04517046e-02,-4.41282938e-02,1.88304608e-02,-3.68708587e-02
9.24835236e-02,-1.44862129e-02,3.99449207e-02,-9.54130583e-03,-3.66416057e-04,-9.19710200e-02,2.01117734e-02,4.03692369e-03,-3.49222402e-02,-4.06643446e-02,-2.07985717e-02,2.94710955e-02,-4.93632391e-02
7.14580317e-02,-2.32145351e-03,4.96371501e-02,2.32501212e-02,1.78233816e-02,-6.63717863e-02,1.70583400e-02,9.24835688e-03,-1.93001752e-02,-5.37243118e-02,-2.37970874e-02,3.54427890e-03,-5.79845223e-02
3.09943966e-02,-4.79937577e-03,4.18860498e-02,2.49123398e-02,2.20420550e-02,-4.83900516e-02,1.61784997e-02,-8.01718470e-03,-1.57283194e-02,-5.58854825e-02,-3.31698934e-02,-6.24011765e-03,-3.76645960e-02
-4.58239115e-02,-4.61100945e-02,-3.56435091e-03,5.33166275e-03,1.60782228e-02,-2.41806725e-02,1.35443288e-02,1.36185713e-02,1.81233725e-02,-3.38217454e-02,-6.36694213e-03,2.93263943e-02,8.10155331e-03
-5.27874101e-02,-2.41899887e-02,-8.40706370e-03,-1.24981984e-02,1.78485240e-03,1.20381864e-02,-5.85996786e-03,-2.54282433e-03,1.33424016e-02,-4.11680023e-02,-3.95217002e-02,9.15553370e-04,-1.34489215e-02
-5.55846052e-02,-1.96974924e-02,-3.48853152e-02,-1.39296589e-03,2.73658351e-02,-7.65021495e-04,-2.93021020e-02,-3.53629365e-02,2.01023392e-02,-3.15892366e-02,-1.02060225e-02,4.08012751e-02,1.92206257e-02
-3.59053661e-02,2.04082199e-02,-2.48310399e-02,-3.17981090e-03,2.62915277e-02,-1.67173559e-02,-7.67154060e-02,-7.35929258e-02,-3.60006969e-02,-4.93270771e-02,-1.96938002e-02,3.49315139e-02,1.91011552e-02
-4.15077642e-02,1.57780379e-02,-2.34667434e-02,3.13276852e-02,3.30846145e-02,-2.31706304e-02,-7.64028013e-02,-7.59495352e-02,2.87400340e-03,-3.96834983e-02,-2.99551398e-02,3.10702715e-02,4.49393580e-02
-1.08032656e-02,-1.78112160e-03,-7.31280234e-03,5.03543321e-02,4.82023794e-02,5.32104093e-03,-1.69189571e-02,-4.32065085e-02,-1.05295583e-02,-1.04313414e-02,-2.28340046e-02,3.91242373e-02,2.56879362e-02
2.04674224e-02,1.12169777e-02,-1.56926263e-02,9.00489334e-02,9.08528363e-02,7.58899863e-03,-4.40012941e-03,-2.42144092e-02,-1.42205868e-02,-3.11309103e-02,-1.30121375e-02,2.76704810e-02,1.22877897e-02
8.00491239e-03,2.34983837e-02,7.50383026e-03,9.86413058e-02,7.63380209e-02,3.52784333e-02,1.08736020e-02,-2.42117518e-02,-9.64130690e-03,-2.38772937e-02,6.01405563e-03,1.74179361e-02,-5.31093242e-03
3.86309819e-02,1.50553410e-02,8.19766363e-03,7.23785667e-02,5.28851406e-02,4.18104080e-02,1.92034645e-02,8.26574006e-03,1.08984274e-02,1.02047589e-02,2.74711333e-02,3.00775335e-02,1.05834791e-02
-4.65119333e-02,-5.33559840e-02,-4.99795635e-02,-9.07671096e-03,1.29975957e-02,6.70030029e-02,6.63471025e-02,7.36491090e-02,5.77985197e-02,4.20040239e-02,4.22780275e-02,4.11723377e-02,1.85392187e-02
-4.81982917e-02,-6.14859955e-02,-2.46083792e-02,-2.34924071e-02,-2.58127928e-02,7.81388840e-02,5.70842694e-02,8.19701094e-02,5.20542184e-02,3.18659645e-02,1.42104579e-02,9.06801646e-03,1.49393930e-02
-3.58006876e-02,-2.92126514e-02,-9.38282357e-03,-2.49777561e-02,-4.51503295e-03,7.46876471e-02,3.25748316e-02,6.16186244e-02,5.71044993e-02,3.21562219e-02,2.52419293e-02,-1.04732352e-02,1.76519547e-02
-6.59176656e-02,-3.94364410e-02,-3.27659248e-03,-4.80668706e-02,1.10938896e-02,3.01832132e-02,-2.82075633e-02,3.35634735e-02,-1.06629921e-02,1.23109763e-02,-3.59379865e-02,-5.02627759e-02,9.51896060e-03
-3.29341320e-02,-2.21577902e-02,-2.27753230e-02,-5.34749374e-02,2.65398943e-02,1.92984477e-02,-5.53471151e-02,3.34800710e-02,1.39741013e-02,4.62248469e-02,-6.26887672e-02,-6.64665630e-02,4.59295256e-02
-2.31282929e-02,-3.01193777e-02,-6.31784444e-03,-5.85897195e-02,1.78999999e-02,-1.29688357e-02,-6.08355271e-02,3.66905726e-02,3.07689960e-02,7.45489153e-02,-6.89256966e-02,-6.19427852e-02,2.74949062e-02
-5.13226297e-03,-1.01610090e-02,1.78395300e-02,-2.24490413e-03,6.58486145e-02,-8.20176596e-03,-4.23137652e-02,6.67167639e-02,2.40127183e-02,4.61639441e-02,-7.75056659e-02,-6.08629244e-02,2.34053354e-02
-5.26418039e-02,-2.50398689e-02,2.71591809e-02,3.82669779e-02,8.22817274e-02,-5.39329771e-03,-3.02850992e-02,2.35614755e-02,-8.12920691e-03,3.82748761e-02,-5.95484551e-02,-3.60963729e-02,4.70719288e-03
-1.07958431e-02,-4.19257240e-02,1.68108775e-02,6.02105122e-02,7.54609863e-02,-5.11943036e-02,-6.25804196e-03,4.89323716e-02,-6.98252246e-03,4.55021831e-02,-2.85464231e-02,1.33106580e-02,1.83187726e-02
-2.58534186e-02,-1.13152502e-01,-5.52408869e-02,-2.09712120e-02,4.27705285e-02,-6.48739423e-02,2.09504151e-02,6.50154788e-02,9.98717216e-03,4.61843148e-02,7.87700262e-03,3.81911799e-02,-1.72334834e-03
-1.36018013e-02,-1.18472797e-01,-5.29655932e-02,-3.56001237e-03,2.87794062e-02,-6.75257653e-02,4.32301439e-02,6.77950796e-02,-1.06374975e-02,1.75698235e-02,8.95439576e-03,3.39379234e-02,-1.20751340e-02
-1.34739365e-02,-6.72145329e-02,-2.89066237e-02,3.12205028e-02,3.39678679e-02,-5.90594729e-02,4.74560133e-02,9.02219373e-02,1.22302302e-02,-7.70868411e-03,4.32897489e-02,7.75901267e-03,-9.59023644e-03
-3.07415171e-02,-7.42784528e-02,-3.95527485e-02,5.32154475e-02,6.72203347e-02,-2.67290214e-02,5.14338060e-02,7.70223696e-02,-3.01809926e-02,-2.44417924e-02,2.47328488e-02,-1.15922815e-02,-1.34642114e-03
2.59761307e-02,-3.50241511e-02,-3.93910988e-02,3.83317584e-02,6.72140925e-02,1.32281334e-04,3.94830061e-02,8.88283544e-02,-2.05778263e-02,-1.41607643e-02,1.11499563e-02,-3.78303171e-02,1.37300904e-02
6.05067632e-02,-7.63944491e-03,-1.04662492e-02,4.25378074e-02,5.05446221e-02,-2.13053610e-02,-1.11618219e-02,5.39318612e-02,-2.67448050e-02,-2.19116609e-02,-7.30465784e-03,-4.84821859e-02,1.47227570e-03
1.05830074e-01,3.69081129e-02,2.58798998e-02,3.49261561e-02,2.82222381e-02,-1.12926988e-02,-4.68041511e-02,4.45732957e-02,-4.22729187e-02,-4.52381213e-02,2.27139983e-02,-3.14438135e-02,1.01602997e-02
5.06226903e-02,4.22426599e-02,3.78877980e-02,2.35968075e-02,2.38836168e-03,1.38884677e-02,-5.58829610e-02,2.43889155e-02,-1.65558615e-02,-1.70134001e-02,3.14267016e-02,-1.88070183e-02,-4.97837396e-03
3.78291610e-02,3.07792895e-02,3.23097009e-02,2.93043687e-02,-2.07387178e-03,7.02412786e-03,-3.39864536e-02,1.16396970e-02,4.25517945e-03,1.05413343e-02,2.34385439e-02,-2.42157925e-03,9.05753999e-03
1.81487433e-02,-1.02824743e-02,-1.37875726e-02,-2.30825880e-02,-1.45563267e-02,-1.03999917e-02,-3.05155981e-02,-1.78435240e-02,1.97113379e-02,-2.75195252e-03,3.16858554e-02,2.22291367e-02,-1.21393888e-02
8.25761053e-03,-6.09934541e-02,-2.68895983e-02,-6.30163097e-02,-5.48212284e-02,-4.81996914e-02,-3.39344621e-02,-7.64753308e-02,1.48901533e-02,3.67700600e-03,1.31778514e-02,-1.51403680e-02,-5.09855378e-02
-1.20187407e-02,-4.16173283e-02,7.47101196e-03,-5.89505427e-02,-6.40859684e-02,-4.33857411e-02,-1.37215617e-02,-6.31412205e-02,6.31312946e-02,6.53604323e-03,2.81885229e-02,-2.88768969e-02,-7.49342861e-02
-4.50170175e-03,-4.96739277e-02,2.53103351e-02,-3.72858247e-02,-3.06365755e-02,-1.03283817e-02,1.86628832e-02,-6.83580091e-02,5.71769485e-02,-1.53278705e-03,3.78860025e-02,3.85807085e-03,-5.02852667e-02
1.06086839e-03,-3.75882889e-02,4.17488228e-02,-5.11574100e-02,-8.49728791e-03,-4.32751016e-03,3.98179642e-02,-4.76738732e-02,6.82786383e-02,-1.17066336e-02,2.90667414e-02,6.82894797e-03,-4.01147942e-02
3.93969300e-02,4.23705415e-03,6.12672169e-02,4.19483752e-04,2.46797825e-02,-1.55843962e-02,1.88361972e-02,-5.74349044e-02,3.12173807e-02,-2.14523151e-02,-4.69012456e-03,-1.13592987e-02,-2.80263004e-02
3.35529768e-02,2.16664461e-02,8.33743808e-02,1.99804891e-02,3.46385261e-02,-1.06069951e-02,9.63850470e-03,-5.61686984e-02,-1.76052664e-02,-5.04713064e-02,9.24613146e-03,1.01589427e-02,-2.31906037e-02
2.65243858e-02,3.18722777e-02,6.74944634e-02,-5.30084692e-03,2.35932112e-02,8.41669988e-03,-1.04493929e-02,-2.78624294e-02,-3.39421628e-03,-3.25886941e-02,2.05588998e-02,3.61414749e-02,-2.13625512e-02
-9.28137041e-03,4.11565087e-02,6.47856921e-02,1.52934169e-02,-6.59525323e-03,2.16580534e-02,9.68920246e-03,-2.50083023e-03,5.99357904e-03,-1.18264996e-02,3.16178350e-03,2.18815556e-02,-2.10707829e-02
-6.78672094e-04,7.04607929e-02,4.17650115e-02,-5.11840117e-03,-2.67483518e-02,8.55589273e-03,-4.61180252e-02,-1.79005991e-02,-1.96448016e-02,-1.27279367e-02,-1.28122067e-02,2.80580394e-02,-2.69830663e-02
-1.82153504e-02,1.28691631e-02,1.08127871e-03,-1.97222850e-02,-2.74305459e-02,-4.39117044e-04,-6.24353377e-02,-3.78923978e-02,-4.13059198e-02,2.26844428e-02,-2.81795918e-02,2.65214131e-02,-1.86933467e-02
-5.43939174e-03,4.78809340e-02,-4.78289239e-03,-3.62034091e-02,-1.97767987e-02,1.33600201e-03,-6.90389471e-02,1.78752976e-02,2.87293145e-02,6.98452583e-02,-1.31936555e-02,1.82615246e-03,-4.40640646e-02
4.19673159e-02,4.47073406e-02,-4.24367765e-05,-3.03739043e-02,1.01573887e-02,3.44544707e-02,-6.79895516e-02,-1.33302970e-02,2.60368748e-02,7.86343649e-02,-6.55765922e-03,3.61131482e-02,-1.24899021e-02
5.16193071e-02,3.34268580e-02,1.98528796e-03,-1.16068464e-02,4.13379237e-02,5.20891913e-02,-4.09804540e-02,-7.19424152e-03,3.56044224e-02,8.27064869e-02,-5.13889989e-03,3.03731343e-02,4.54456096e-03
6.89163964e-02,6.10278782e-02,1.65001725e-02,6.93655533e-03,2.41752036e-02,4.78720895e-02,-4.78474213e-02,-1.12902521e-02,4.21835890e-02,9.35930511e-02,1.72275312e-03,1.76651644e-02,1.56145366e-02
1.51986442e-02,1.84499024e-02,7.67531832e-03,2.14845692e-02,3.80668156e-02,6.52201829e-02,-1.49935339e-03,2.04216469e-03,5.65981897e-02,1.03566763e-01,2.51902103e-02,3.70423331e-02,2.58919445e-02
3.99466529e-02,2.63952555e-02,-1.16225803e-02,-9.17446894e-03,3.37814979e-02,5.81250289e-02,4.44864491e-03,1.64523090e-02,5.57684564e-02,6.29835848e-02,2.51026882e-02,6.04051607e-02,5.85112428e-02
2.28255391e-02,4.97851621e-02,8.53427067e-03,5.33713020e-02,3.28888697e-03,2.38728751e-02,2.40693634e-02,1.97084393e-02,3.76142536e-02,2.89543219e-02,2.73389754e-02,2.39645662e-02,5.64822432e-02
4.30807255e-02,7.82831645e-02,1.79180228e-02,4.96998887e-02,-4.92586655e-02,1.92113385e-03,1.80444015e-03,1.49382943e-02,1.00339403e-02,-1.05140552e-04,1.74788144e-02,-1.56991464e-02,4.15295474e-02
1.67978568e-02,2.17999481e-02,-2.12999929e-02,5.32095360e-02,-4.05355226e-02,1.73582862e-02,5.75305787e-03,1.25344759e-02,-1.95342231e-02,-2.56246064e-02,2.42157153e-02,1.45719157e-02,5.05166548e-02
-1.16961667e-02,5.92723974e-02,-2.89264960e-02,3.71228146e-02,-2.75424828e-02,1.45497240e-03,-8.15665060e-03,6.08425657e-02,3.86594213e-02,-2.15980992e-02,1.77511679e-02,-2.06800499e-03,1.69073736e-02
1.15664268e-02,6.40661463e-02,-1.66433781e-02,6.29740043e-02,9.11103399e-03,1.01838292e-02,-2.16392976e-02,4.73865019e-03,1.21836952e-02,-1.81660272e-02,4.52379548e-03,8.30566135e-03,2.39451898e-02
2.59906386e-02,8.65510766e-02,2.75725991e-02,9.04086571e-02,3.64851408e-02,2.82645177e-02,-1.43005924e-02,-2.11871107e-02,-2.89591849e-04,-5.83878635e-03,-5.25214933e-03,-3.06165513e-02,-2.54966370e-03
3.27465349e-02,9.98298942e-02,5.24333301e-02,6.54951474e-02,1.93887182e-02,6.34445163e-02,3.72062003e-03,-3.66133787e-02,-1.44518904e-02,-2.00523287e-02,-1.12484389e-02,-6.55036876e-02,-1.80223424e-02
-3.09009458e-02,3.36296872e-02,3.74349433e-02,5.24272030e-02,7.57462563e-02,5.77794106e-02,2.08692548e-02,-3.98572938e-02,9.81333593e-03,4.84695471e-03,-2.04207930e-03,-6.61270536e-02,-1.66537359e-02
-4.94968402e-02,1.26773307e-02,3.49726580e-02,-2.27059689e-02,5.99995545e-02,5.08591658e-02,6.04053968e-02,-2.43515979e-02,-8.72251165e-04,4.43894486e-03,-1.93515268e-02,-4.57577251e-02,1.48546954e-02
-1.21172111e-02,1.04430130e-02,7.16081867e-02,-3.14401148e-02,2.00520523e-02,-5.81757388e-03,7.55945585e-02,-2.65758159e-02,-2.38096801e-02,1.37261524e-03,-3.27279298e-02,-6.80546860e-02,1.84054247e-02
3.91897897e-02,5.71476230e-03,6.34794645e-02,-2.46870280e-02,5.78100176e-03,-2.66596033e-03,9.55703198e-02,-2.50442568e-02,-5.06695765e-02,-1.49042688e-02,-3.91072351e-02,-9.22995390e-02,1.40761452e-02
3.98033757e-02,-3.50994956e-02,2.04768209e-02,-2.12717115e-02,6.04297226e-03,6.62488449e-03,9.96222794e-02,-1.42722222e-02,-5.36770006e-02,-1.64638105e-02,-2.19772884e-03,-8.69006395e-02,-3.37393618e-03
9.21283821e-03,-3.18357748e-02,-7.92087796e-03,-4.96330761e-02,-4.44940098e-03,-3.45677849e-02,5.87116194e-02,2.85738673e-02,-6.81424429e-03,7.46570478e-04,1.73321683e-02,-5.60733937e-02,-1.83281016e-02
9.18717840e-03,-3.79792592e-02,-5.13881126e-02,-4.92456548e-02,-2.52248002e-03,-4.84304129e-02,2.04814488e-02,3.83945292e-02,-1.63717264e-02,6.34475147e-03,4.44821030e-02,-3.12250043e-02,-1.88223011e-02
1.38564359e-02,-2.26720153e-03,-2.56203193e-02,-5.66495278e-03,-2.22539854e-02,-8.14893061e-02,-3.53192594e-02,3.34110591e-02,-1.99328516e-03,3.02756163e-02,8.80672568e-02,-1.70633486e-02,-5.22066516e-02
5.87307135e-02,1.76865814e-02,-3.00614128e-02,-1.47028176e-02,-6.84627401e-02,-4.83185377e-02,-5.26770389e-02,2.95716050e-02,-1.14177905e-02,5.18174275e-04,7.40979072e-02,-1.64504940e-02,-3.96180362e-02
4.27906495e-02,-3.56097055e-03,-3.84680046e-02,-9.97428182e-04,-2.98416455e-02,-6.01181856e-02,-5.89458157e-02,3.18049177e-02,1.74499103e-02,-1.18838006e-02,6.37387499e-02,-8.49065156e-03,-3.94909595e-02
1.55008741e-02,-2.41536176e-02,-8.20995111e-02,-3.42462207e-02,-2.90805211e-02,-5.81243854e-02,-5.22900728e-02,3.71259753e-02,2.44215682e-02,-4.75300124e-03,3.74591436e-02,1.80716601e-02,-1.53650270e-02
3.84372026e-02,-1.86233698e-02,-6.34177453e-02,-5.92272421e-02,-4.88226121e-02,-1.02158812e-01,-3.76365860e-02,3.34134131e-02,4.22214870e-02,-8.51860012e-03,3.89257882e-02,5.22149268e-02,-1.06995953e-02
3.92128304e-02,-2.23907187e-02,-5.66175071e-02,-6.69862856e-02,-5.38549119e-02,-6.36162815e-02,1.26864515e-02,3.92552338e-02,3.40159325e-02,-3.48008369e-02,-1.66395166e-02,4.83895786e-02,-8.42732593e-03
-5.86615392e-03,-1.87725735e-02,-1.86797717e-02,-3.66541235e-02,-7.08778224e-02,-3.13611152e-02,3.93887907e-02,-3.03293056e-03,-1.49433492e-05,1.33452091e-02,-5.03415716e-02,-3.36107826e-03,2.84423572e-02
-5.63063472e-02,-3.25026048e-02,-1.18889779e-02,-9.20121510e-02,-1.18966401e-01,-2.50622653e-02,1.84068126e-02,-2.72883799e-02,-2.53485659e-02,5.67843519e-02,-5.71266428e-02,1.97930446e-03,8.24395704e-02
-8.12005408e-02,-3.02660250e-02,-1.20870811e-02,-1.04324022e-01,-1.46502470e-01,-1.57135178e-02,7.92854220e-03,-5.01834763e-02,-6.57133301e-02,7.02006767e-02,-4.80297049e-02,-8.29417548e-03,1.23372959e-01
-1.11660511e-01,-5.05230047e-02,-7.46326210e-03,-6.38746322e-02,-1.52407194e-01,-3.33968049e-02,-1.98395913e-02,-2.87199363e-02,-8.89801559e-02,7.55664713e-02,-3.05983738e-02,-1.20038299e-02,1.43082583e-01
-1.00593559e-01,-4.23859478e-02,2.46904844e-02,-4.18393221e-02,-1.61953179e-01,3.91169002e-03,-1.97569825e-02,-1.89545824e-02,-1.18802282e-01,4.62348737e-02,-3.27103045e-02,-9.00723514e-04,1.66030199e-01
-7.84728136e-02,-7.25271419e-02,3.94962130e-02,-6.66092577e-03,-1.53183213e-01,-1.28224081e-02,-7.26274644e-03,-4.65157867e-03,-8.80548359e-02,3.88470046e-02,-3.82517562e-02,-1.58095511e-02,1.54047533e-01
-1.08939723e-02,-8.10575176e-02,5.04793686e-04,-2.09626648e-03,-1.21903483e-01,-6.45506258e-03,-2.29750547e-02,-2.31476995e-02,-7.19264257e-02,3.11077358e-02,-3.80454930e-02,-2.40144853e-02,1.22738519e-01
5.49582753e-02,-7.85416761e-02,4.22231795e-03,1.46422734e-02,-5.23835576e-02,-3.70863793e-02,-5.71351173e-02,-2.09391827e-02,-2.11050678e-02,7.76310867e-05,-4.90447038e-03,8.43525035e-03,7.43586395e-02
9.79340997e-02,-7.11358011e-02,-2.10290554e-03,2.01258021e-02,-1.74178631e-03,-3.40804251e-02,-4.67964493e-02,3.05585533e-02,2.21815751e-02,-3.74638470e-02,-3.62032540e-03,4.65413838e-03,2.13061504e-02
5.96533270e-02,-6.69883943e-02,3.78886803e-03,4.79275866e-02,3.74374273e-02,-3.54570394e-02,-4.15983857e-02,6.59398535e-03,1.74029313e-02,-4.29000713e-02,4.71557255e-03,-6.57480542e-03,1.55660044e-02
4.78312396e-02,-3.00130712e-02,5.34446558e-03,2.10991048e-02,5.65132247e-02,-2.23762850e-02,-5.46745776e-02,-1.96841396e-02,2.19996034e-02,-2.97665261e-02,-5.13374670e-05,1.85445124e-02,1.29345346e-02
5.49939494e-02,1.80553134e-02,7.26622035e-03,2.41993179e-02,5.34041975e-02,-2.48024374e-02,-4.58206230e-02,-5.53703194e-02,2.70033009e-02,-8.31972282e-03,-8.59257923e-04,3.44603223e-02,-1.28220911e-02
2.49197867e-02,-1.65523592e-02,-4.67738650e-02,-1.35284357e-02,3.28887655e-02,-3.23202796e-02,-3.87251042e-02,-4.08975229e-02,1.76575183e-02,7.18553790e-03,5.34954572e-03,5.20980270e-02,-1.66494186e-02
-1.04364606e-02,8.99412663e-03,-3.95663509e-02,-3.72751170e-02,4.26357631e-02,-8.06594295e-03,-1.66723492e-02,-3.43074286e-02,3.68465710e-03,-9.62076454e-03,1.85134751e-02,8.61445357e-02,-1.90389266e-02
-3.70107552e-02,-2.47311316e-02,-6.13527819e-02,-3.12304607e-02,4.95719645e-02,-4.97964891e-02,1.44491619e-02,-2.33482110e-02,1.04796842e-02,8.23638431e-03,1.08433303e-02,1.02622226e-01,-1.25828714e-02
1.63590221e-02,1.16676419e-02,-4.86240206e-02,-2.73803426e-02,4.22614648e-02,-4.26136933e-02,4.61948985e-02,-4.09820295e-02,-1.45013381e-02,2.53811744e-02,1.19661568e-02,7.89752961e-02,-4.17917662e-02
4.30192791e-02,2.13019030e-02,-3.40281507e-02,-1.33946402e-02,5.47891726e-02,-4.39949353e-02,4.55801181e-02,-4.47496705e-02,-4.53975130e-03,3.42684244e-02,-9.85409504e-03,5.01789605e-02,-6.54446154e-02
5.96512508e-02,5.55493780e-03,-3.50977698e-02,-1.55187207e-02,2.24903921e-02,-2.84384412e-02,3.87951622e-02,-2.48791610e-02,-1.88580515e-02,4.03212352e-02,4.18374825e-03,2.01316355e-02,-5.28342732e-02
2.77143117e-02,-4.52789405e-02,-5.54917901e-02,-1.42398358e-02,-1.68249043e-03,-1.93313107e-02,-5.99997266e-05,-3.68765082e-02,-5.35733237e-02,2.06525343e-02,2.65288969e-02,-8.96229092e-03,-2.66519952e-02
-6.53164588e-03,-2.72311743e-02,-4.74392177e-02,-2.47020655e-02,-2.28630116e-02,-2.61685440e-02,-3.07298143e-02,-6.24940705e-02,-6.15851077e-02,-5.65797813e-03,2.43980521e-02,-1.73990452e-02,-2.09026572e-02
5.91869284e-03,3.28230408e-02,1.93906634e-03,1.16438386e-02,-8.01879243e-03,-8.40359182e-04,-3.67768052e-02,-6.60243360e-02,-4.10955506e-02,-1.11163780e-02,2.10493207e-02,-3.92466170e-02,-2.71146866e-02
-5.20665266e-03,1.40022440e-02,9.12875847e-03,1.61112283e-02,-2.06837490e-02,1.37875488e-02,-3.80820595e-02,-4.76315293e-02,-5.16835670e-02,4.16218124e-03,3.69696339e-02,-3.84945583e-02,-3.34058264e-02
-4.19441056e-02,3.63659172e-02,-1.25806382e-02,2.48440591e-03,-7.53015295e-03,-1.12306218e-02,-4.68538553e-02,-2.51534625e-02,-2.51034390e-02,-1.21914565e-02,6.94684035e-02,-1.57392901e-02,-3.84950550e-02
-5.78165271e-02,1.61063073e-02,-4.49401246e-02,-1.94501438e-02,9.26618203e-03,-4.22301357e-02,-4.75107151e-02,-1.17560853e-02,1.07713955e-02,-1.76361159e-02,5.23196437e-02,1.95907801e-02,-3.14340477e-02
-2.45517499e-02,4.56993727e-02,-2.87654121e-02,-1.61505364e-02,2.58143334e-02,-2.23934645e-02,-6.56721182e-03,2.51949650e-02,1.11781612e-02,-1.22399882e-02,6.41662213e-02,9.94891275e-03,-3.54177875e-02
-1.39506080e-02,6.81535480e-02,3.25251372e-03,1.04169554e-02,6.60073030e-02,-2.03077806e-02,2.42882672e-02,4.49458667e-02,2.97902637e-02,6.22185959e-04,3.83572463e-02,-3.95588126e-02,-3.95416444e-02
-1.76216032e-02,6.83797600e-02,1.65155358e-02,2.41895766e-02,4.11380903e-02,1.47888251e-02,4.60733083e-02,5.34984865e-02,3.96556467e-02,-3.50627020e-04,4.76456439e-02,-1.56541597e-02,-1.41061148e-02
-2.69071050e-02,1.21748545e-02,1.07608169e-02,4.41846262e-02,-1.09989233e-03,3.46154564e-02,3.67757503e-03,4.65171028e-02,2.83701205e-02,1.22551089e-02,4.56899079e-02,-2.68228420e-02,1.00732149e-02
-6.59882941e-02,-2.70482459e-02,-1.04142917e-02,5.48843231e-03,-8.58149751e-02,3.58252791e-02,9.11295496e-03,3.37428597e-02,3.11191494e-02,-1.03414552e-02,1.13319608e-02,-4.11040763e-02,7.88145407e-03
-1.09423224e-01,-6.07577126e-02,3.95742772e-02,1.59916111e-02,-7.58068357e-02,7.47860638e-02,7.07832268e-03,4.06557219e-02,5.07470035e-02,-5.85553034e-03,-3.31300721e-02,-8.96711560e-02,-5.81903594e-03
-7.70033872e-02,-6.17285987e-02,1.20509651e-01,4.34472651e-02,-6.41897796e-02,9.78799446e-02,-2.29000533e-02,2.33473617e-02,8.43263047e-04,-1.20576636e-02,-3.78557018e-02,-5.98181220e-02,2.74543311e-02
-5.21043683e-02,-6.46191273e-02,1.10620354e-01,3.13088718e-02,-8.09107433e-02,6.05011658e-02,-5.05483646e-02,-3.17826867e-03,-1.83643707e-02,-1.00001481e-02,-3.10842257e-02,-3.35592200e-02,5.20438954e-02
-1.53823441e-02,-6.68021340e-02,6.82429266e-02,-1.83874871e-02,-9.97027333e-02,2.36854648e-02,-8.73309357e-02,-1.62154958e-02,1.37282763e-02,-1.05877371e-03,-6.17311392e-02,-2.05324009e-02,4.29365762e-02
3.96834897e-02,-3.99984747e-02,3.18915934e-02,-4.67986086e-02,-6.79668725e-02,1.06569685e-02,-6.49928426e-02,-9.95921479e-03,1.72157613e-02,-9.38191694e-03,-6.35797836e-02,-3.00522888e-03,3.40945900e-02
6.46305327e-02,-1.09762115e-02,2.77280099e-02,-3.46335005e-02,4.38936360e-03,1.45189473e-02,-2.66037574e-02,1.31300856e-02,3.07479845e-02,-1.57136318e-02,-8.72568549e-02,-3.20492931e-02,4.31325467e-02
4.82867486e-02,-8.57276174e-03,2.73869696e-02,-4.43871052e-02,2.62781126e-02,1.62836580e-02,-2.78344446e-02,2.41013876e-02,3.10880794e-02,-2.63434044e-02,-6.50000457e-02,-3.84791104e-03,6.86725539e-02
4.91848007e-02,-1.28717055e-03,2.35727063e-02,-3.07141157e-02,8.19866630e-03,-1.75567454e-02,-6.83093068e-02,7.49517559e-03,1.39633319e-02,-3.92773654e-02,-3.79669539e-02,1.83049328e-02,7.70668485e-02
2.37436546e-02,1.97444916e-02,-8.79008517e-03,-5.28752023e-02,-2.90519547e-02,-4.78292646e-02,-4.32192296e-02,-1.17792933e-02,4.92593901e-03,-3.43906467e-02,-2.00907126e-02,4.22856852e-02,6.57123727e-02
-2.82966015e-02,-1.49084664e-02,-2.63259212e-03,-5.80565254e-02,-5.23547064e-03,-3.65757654e-02,-1.98666079e-03,2.36804527e-02,5.50475124e-03,4.37843714e-03,-2.76974464e-02,1.96773725e-02,-9.76121401e-04
-6.54554992e-02,1.32276578e-02,5.67261196e-02,-2.55183085e-02,2.34371491e-02,-3.36899232e-02,2.17811970e-02,3.33907665e-02,-2.75978893e-02,-1.18536505e-02,1.26500414e-02,3.88791122e-02,-1.94318037e-02
-7.69641017e-02,-3.08253687e-03,5.39701379e-02,-1.15257337e-02,2.94320834e-02,-2.26281747e-02,3.57028261e-02,8.91181241e-03,-6.49455067e-02,-1.01989062e-02,3.40107078e-02,3.52474016e-02,-2.29798155e-02
-5.42686456e-02,1.76260962e-02,3.97355371e-02,-2.94458774e-02,-2.32621447e-03,-2.27799524e-02,2.62407019e-02,1.25666669e-03,-4.15330839e-02,3.30972345e-02,4.96874211e-02,1.30611579e-03,-4.72862833e-02
-2.89250363e-03,4.52977600e-02,7.87192567e-03,-3.74973516e-02,-2.37021679e-03,-2.72299488e-02,2.30196551e-02,-1.52777255e-02,-5.20761182e-02,3.15762986e-02,4.90679409e-02,2.95094281e-03,-5.56285205e-02
2.54961214e-02,7.39875439e-02,-6.86154265e-03,1.35304866e-03,4.47044455e-02,4.47778119e-03,3.71802684e-02,-4.05932278e-02,-5.16087803e-02,2.13544417e-02,4.37691010e-02,-1.29139240e-02,-5.37012656e-02
-1.46179818e-02,5.79239385e-02,-2.39609180e-02,-1.32659168e-02,3.82215160e-02,3.50511314e-02,1.94302166e-02,-5.07568057e-02,-3.65799089e-02,3.51215504e-02,3.31312623e-02,-3.74874901e-02,-4.33839974e-02
-4.14153582e-03,3.11345028e-02,-4.96628341e-02,1.25038627e-02,3.68602357e-02,4.93620124e-02,1.76705574e-02,-4.33914284e-02,-1.53756664e-02,2.18487482e-03,2.84452910e-02,-4.14822874e-02,-4.66181020e-02
-2.49046287e-02,4.24113032e-02,-6.05500813e-02,2.28471321e-02,3.52941232e-02,5.27180044e-02,1.16872837e-02,-8.42289301e-02,-1.64858238e-02,4.09612967e-03,2.43278901e-02,-1.57457170e-02,-2.34669142e-02
-7.29463906e-03,4.06070653e-02,-2.38891075e-02,2.82568705e-02,2.68439732e-02,4.57672764e-02,-9.96658975e-03,-9.62196482e-02,4.80333685e-03,3.70427970e-02,8.60988744e-03,-2.45581643e-03,-9.29608632e-03
-1.96746527e-02,3.30756244e-02,-4.23088090e-03,8.49656105e-03,-7.70894081e-04,1.01824235e-02,3.87866254e-03,-7.58564353e-02,1.64567026e-02,2.57752053e-02,-2.10118844e-02,1.89901427e-03,-4.49116782e-03
-3.43995016e-02,-1.87496754e-02,-1.29950012e-02,1.21982940e-02,1.79523850e-02,2.20612718e-02,1.51486082e-02,-6.29026337e-02,3.92907643e-02,5.13168535e-03,-2.23907805e-02,8.59238847e-03,-8.35865505e-03
-3.98421631e-02,-3.41198764e-02,-6.30357175e-03,3.09209976e-02,2.86165551e-02,3.81100390e-02,1.68779739e-02,-4.67565984e-02,7.22152525e-02,3.15781285e-02,1.41950878e-03,4.55503846e-03,-8.21077411e-03
-2.54556499e-02,-9.49666964e-02,-1.01647706e-01,1.63344438e-02,7.96282045e-03,1.54516779e-02,2.10248941e-02,-2.47847271e-03,7.32727708e-02,1.35560976e-02,-3.14445649e-03,-2.48857688e-04,-7.38823937e-03
6.26194909e-03,-9.27253200e-02,-1.33541935e-01,3.97948730e-02,4.15910288e-02,3.01027915e-03,9.87310825e-03,1.04531625e-02,4.99571150e-02,-9.88100900e-03,-4.34507033e-03,1.33719160e-03,2.34998359e-02
6.29428691e-03,-6.26976562e-02,-1.16082074e-01,2.67629463e-02,-3.54383749e-03,-7.18603402e-03,-3.00464950e-02,1.89786734e-03,2.74209396e-02,-1.67848573e-02,-8.13539657e-03,-1.16766221e-02,1.65719576e-02
3.17026581e-02,-8.29297961e-02,-1.45279601e-01,6.43115093e-02,6.04103377e-03,1.11987008e-02,-1.62480842e-02,4.23796402e-02,2.97729338e-02,-5.11255353e-02,1.25622779e-03,1.46452205e-02,-2.81953265e-02
6.58546187e-02,-2.69198392e-02,-1.28645801e-01,8.79533406e-02,-5.11870657e-03,1.20801735e-02,-2.14064361e-02,3.18853718e-02,1.63546589e-02,-6.55350036e-02,1.86957317e-03,4.04936177e-02,-3.94316834e-02
7.04738248e-02,1.07074461e-02,-5.55158532e-02,1.22203773e-01,-1.53139526e-02,-1.79464865e-02,-5.17611324e-02,1.27729348e-02,1.23074181e-02,-6.08334843e-02,5.47461706e-03,3.62436673e-02,-4.38600085e-02
7.12974619e-02,2.92131827e-02,-3.33354867e-02,8.55292859e-02,-2.97465059e-02,-2.92782106e-02,-2.63061577e-02,2.70740749e-02,7.17942440e-03,-6.46498446e-02,-1.05229872e-02,4.33596497e-02,-3.75401773e-02
4.49247571e-02,2.79682001e-02,2.76781591e-02,6.75840126e-02,-3.14236838e-02,-4.54631315e-02,-4.04912060e-02,1.65782224e-02,4.17830659e-02,-5.57940506e-02,2.29275380e-03,2.41524315e-02,-5.84561084e-02
3.83805798e-02,5.93683993e-02,1.00181539e-01,7.77173738e-02,-7.59422656e-03,-1.48201218e-02,-5.18595305e-02,-3.46291016e-02,3.33945064e-02,-4.17941669e-02,3.91672907e-02,4.42895571e-02,-5.44342021e-02
1.09008513e-03,-6.80917596e-03,2.60249553e-02,3.01217200e-02,-1.68053944e-02,-2.47503167e-02,-8.19597897e-03,-2.88564617e-02,3.17530389e-02,-3.79665156e-02,3.26136056e-02,3.11759068e-02,-7.77212125e-02
-7.49510528e-04,-1.50701040e-02,2.96239653e-02,4.26349163e-02,2.44862472e-02,-5.27664466e-03,2.74588822e-02,-3.79762634e-02,4.56482315e-02,-2.08120405e-02,2.57485979e-02,1.36309254e-02,-6.31420510e-02
-3.39427677e-02,-2.37470041e-02,4.26954367e-02,-2.29424887e-03,1.86482577e-02,-1.37763191e-02,1.29587050e-03,-6.74376872e-02,1.74270821e-02,-2.44106884e-02,1.24548313e-02,9.89136951e-04,-2.24688203e-02
-6.33421878e-02,-3.76310802e-02,3.43875906e-02,-3.56291755e-02,4.60858498e-02,6.09902580e-04,3.15422977e-02,1.69421551e-03,-5.61469370e-03,-3.29698984e-02,-2.61061558e-02,-1.69928004e-03,6.35637054e-03
-8.09885323e-02,-2.04709310e-02,2.66500501e-02,-4.93585313e-02,8.59211830e-02,7.47252406e-03,5.95864713e-02,4.16246743e-02,-2.50611613e-02,-3.04112055e-02,-7.00416851e-02,-3.82627365e-02,2.34897836e-02
-8.95020662e-02,6.12731861e-03,3.05381876e-02,-6.77931778e-02,7.43640130e-02,-1.56022790e-02,5.79465583e-02,5.97461083e-02,-7.13073377e-02,-1.77817115e-02,-8.27952941e-02,-4.26689130e-02,3.79426164e-02
-9.15171561e-02,-9.81260605e-03,1.39598388e-02,-8.17569689e-02,7.62798860e-02,-2.20494928e-02,5.68392851e-02,1.01144041e-01,-7.59653691e-02,1.04421315e-02,-7.96669041e-02,-4.89853938e-02,4.38656871e-02
-1.12289695e-01,-8.88092132e-03,2.00150885e-02,-7.22119855e-02,7.86647918e-02,-5.93424059e-03,5.86158791e-02,1.16254433e-01,-4.83671630e-02,2.73011128e-02,-6.63231630e-02,-7.13486166e-02,3.31124339e-02
-8.93870380e-02,-1.41225850e-02,1.28313478e-02,-7.33985387e-02,5.47448711e-02,-2.88353697e-03,3.40773324e-02,5.58945340e-02,-2.34847787e-02,4.94142528e-02,-2.91596469e-02,-4.55917532e-02,6.05963974e-02
-3.14601252e-02,-1.16584901e-02,-3.54995615e-02,-7.92185091e-02,2.82501413e-02,-1.54352542e-02,2.68760000e-02,2.90605652e-02,-4.65583655e-03,7.06375647e-02,-6.85015483e-03,-4.07108263e-02,3.15739649e-02
4.81354627e-02,-3.17286605e-03,-2.29812256e-02,-7.83369120e-03,4.85082990e-02,-1.43765637e-02,2.19281462e-02,-1.62665895e-02,4.97575640e-02,7.50141972e-02,4.67750218e-02,-6.36844917e-03,-2.17890897e-02
9.07266172e-02,1.95357275e-03,-2.48711704e-02,2.47188696e-02,2.65327378e-02,-3.86522198e-02,-3.07214431e-02,-7.70730692e-02,5.33238928e-02,6.27730614e-02,7.79997838e-02,4.17243660e-02,-1.77428562e-02
1.00734471e-01,3.02848440e-03,-3.15417913e-02,1.83331484e-02,2.02462271e-02,-3.84987252e-02,-6.28318809e-03,-4.97790856e-02,7.49182665e-02,5.36012318e-02,7.17313832e-02,4.09931369e-02,-9.85254679e-03
5.22981831e-02,-1.86760523e-02,-2.33686498e-02,3.06273086e-02,4.68280485e-02,-5.51216018e-02,-2.02675307e-03,-2.71342141e-02,6.79111934e-02,2.37650178e-02,4.56367930e-02,1.88290325e-02,-1.08059744e-02
3.90994171e-02,2.75850539e-02,-1.80317996e-02,2.25428341e-02,-1.35140391e-03,-8.56638533e-02,-1.10550565e-02,5.94097986e-04,4.80945421e-02,8.72286386e-04,2.68102779e-02,1.38301629e-02,-3.57348677e-02
2.26527929e-02,3.33197010e-02,2.25457636e-02,3.41144712e-02,-3.28443742e-02,-1.15910987e-01,-4.16054261e-02,4.23308078e-02,5.23052145e-02,2.23534580e-02,2.99602756e-02,-2.57509874e-02,-4.90018737e-02
3.01813171e-03,2.27542393e-02,2.17950090e-02,4.96539543e-02,-6.66291799e-02,-3.93408855e-02,-2.03321854e-02,7.39699305e-02,3.10061085e-02,-7.31306202e-03,-9.15574533e-03,-2.97263884e-02,-3.79098443e-02
-3.58536797e-02,-3.22669829e-02,1.38507943e-02,2.64113323e-02,-8.27577248e-02,2.37903639e-02,1.49932921e-04,6.68233048e-02,2.52458759e-02,-6.82967048e-03,-2.10150439e-02,-2.78119396e-02,2.02725988e-02
-4.60730102e-02,-3.66216367e-03,2.28699683e-02,-2.57249173e-05,-9.60854991e-02,5.75756795e-02,4.34765543e-03,6.79686979e-02,1.34416384e-02,2.95751999e-03,-6.66345549e-02,-4.69203498e-02,8.36716832e-03
-4.48136888e-02,3.79380173e-03,4.12091140e-02,-1.69034903e-02,-9.10272833e-02,6.90741364e-02,4.13375303e-03,5.53675519e-02,-1.43199278e-02,7.86704301e-03,-4.83216122e-02,-8.54017133e-03,3.87818613e-02
2.29379195e-03,3.62976398e-02,6.54471763e-02,-3.40199938e-02,-9.53334352e-02,7.55575158e-02,-7.81377918e-03,6.18192912e-02,-5.30369905e-02,6.20395369e-05,-4.20134334e-02,2.80667119e-02,6.06529697e-02
2.86413032e-02,3.91057947e-02,6.07823204e-02,-5.65133258e-02,-8.40976389e-02,9.62647204e-02,2.88156933e-02,6.27091168e-02,-8.20706819e-02,3.07135064e-03,-1.79542105e-02,3.46414590e-02,8.17735302e-02
2.01446718e-02,1.27089707e-02,5.78904379e-02,-6.20943986e-02,-7.47220985e-02,4.80376654e-02,-2.91574828e-03,3.61572214e-02,-1.03063979e-01,5.76205652e-03,-1.43169160e-02,4.01557777e-02,7.95580193e-02
2.23860987e-02,3.32566026e-02,7.39071870e-02,-2.67857212e-02,-6.76807073e-02,-1.65946870e-03,-3.34503391e-02,2.49248241e-02,-1.04419350e-01,-1.98443218e-02,-2.91551950e-03,4.71155453e-02,5.70055193e-02
6.05341742e-02,6.33899874e-02,1.03604572e-01,2.70907167e-03,-5.79628332e-02,-4.97194567e-02,-4.40075090e-02,3.22831497e-02,-4.15568806e-02,-1.20617583e-02,1.17700503e-02,-4.27814276e-03,3.77667587e-02
7.78560579e-02,2.72706011e-02,5.78394654e-02,1.87518845e-02,-6.64405556e-02,-3.52585771e-02,-5.85379876e-02,-3.07960326e-03,-1.90038455e-02,-3.68156661e-02,-8.49284112e-04,-4.91653982e-03,6.37803018e-02
7.42993890e-02,-3.22369327e-02,5.86003515e-03,1.41869987e-02,-2.06177511e-02,3.71954270e-03,-4.86062193e-02,-2.70499836e-02,8.96172161e-03,-5.21630006e-02,1.22716429e-02,-1.93239619e-02,7.98410610e-02
4.15033700e-02,-3.62073153e-02,2.86926844e-02,2.74908759e-02,4.50839765e-03,1.15084150e-02,-6.58448917e-02,-2.81167856e-02,3.85371649e-02,-5.59727871e-02,-1.35962373e-02,-4.30041326e-02,4.31611901e-02
-2.21156014e-02,-6.35485273e-02,2.17184458e-02,2.65198173e-02,4.93407834e-03,7.69609155e-03,-7.27631048e-02,-4.74210560e-02,3.46078384e-02,-3.40805660e-02,-3.41767956e-03,-1.98876437e-02,7.45327778e-02
-6.56347295e-03,-5.13706305e-02,2.33059401e-02,2.20488095e-02,1.23476004e-02,4.23978493e-02,-5.64878978e-02,-2.39819131e-02,2.41972740e-02,-3.86735290e-02,-5.89269788e-03,-5.67447998e-03,7.67756537e-02
2.90139654e-03,-6.97454844e-02,3.52028761e-03,-1.07441936e-03,-6.56081407e-03,4.88616335e-02,-2.91012221e-02,-8.91326568e-03,1.45522889e-02,-3.96871638e-02,-3.15073359e-04,1.08152010e-02,6.58703560e-02
1.11423503e-02,-5.74275486e-02,-2.62038343e-02,-2.54765694e-02,-2.23800438e-03,2.63223296e-02,-4.54273335e-02,-2.61178647e-02,9.35675095e-03,-1.49894427e-02,-1.48815190e-02,2.75056803e-02,2.54808580e-02
8.78001215e-03,-4.62895162e-02,-1.79230159e-02,-4.96048809e-03,2.62648213e-02,2.97918949e-02,-2.82918430e-02,-4.45771862e-02,-2.16157946e-02,-1.29860645e-02,1.33122246e-02,5.89389497e-02,1.50116610e-02
2.20606480e-02,-5.06470046e-03,1.30809257e-02,2.66629659e-02,3.88608897e-02,-4.02698361e-03,-2.21438040e-02,-3.19345046e-02,-1.56198626e-02,9.97610934e-03,4.03937102e-03,6.14637806e-02,-1.50873174e-02
3.11273293e-02,1.22283010e-02,-7.96084242e-03,1.11451649e-02,2.68765625e-02,-3.26526541e-02,-3.20479954e-02,-4.51453689e-02,-1.37257894e-02,-4.63938561e-03,-2.82399976e-02,4.55400375e-02,-1.62161955e-02
1.16115016e-02,1.85574899e-02,-5.51680385e-02,-2.77585339e-02,4.38653048e-02,-3.29075506e-02,-1.75256983e-02,-4.98353057e-02,1.63425416e-03,3.37601162e-03,-3.17930384e-02,3.16297775e-02,-2.79820802e-02
1.64018102e-03,3.56774086e-02,-2.68133970e-02,-1.01277366e-02,5.28140649e-02,-4.85447171e-02,-3.62887705e-02,-5.52535548e-02,1.14646539e-02,2.02440418e-02,-1.57276856e-02,1.76647511e-02,-5.80905258e-02
1.07885083e-03,3.72692213e-02,-4.95117238e-02,-1.78583957e-02,4.09082908e-02,-3.24031863e-02,-2.02053126e-02,-6.81839519e-02,2.24928727e-02,3.08428735e-02,-1.89095348e-02,1.61184657e-02,-4.35140157e-02
1.88964471e-02,4.56524780e-02,-4.35118897e-02,-2.23690975e-02,3.16880672e-02,8.33474635e-03,-1.42231580e-03,-6.43718737e-02,6.00588350e-03,3.57243160e-02,-2.44588032e-02,-1.59877708e-02,-3.08926070e-02
-1.73643610e-02,3.55941550e-03,-5.79140789e-02,-4.05069849e-02,1.66773057e-02,2.19227230e-02,3.73987740e-02,-3.04982043e-02,1.54586864e-03,3.46998088e-02,-1.49535563e-02,-2.45398150e-02,-1.50968390e-02
-6.25399448e-03,2.83793577e-02,-5.34149383e-02,-4.24694633e-02,1.26533427e-02,2.48382243e-02,4.99815755e-02,-1.60452438e-02,-4.82276342e-03,2.29499089e-02,-2.87136639e-02,-4.06826346e-02,-1.88903131e-02
-1.77011755e-02,4.72116575e-02,-2.19268899e-02,-2.64134028e-02,2.85582985e-02,4.41832370e-02,7.79181440e-02,-1.57888837e-02,-2.49281360e-03,2.41552019e-02,-1.85058845e-02,-3.77193796e-02,1.09196325e-02
-6.45471564e-02,6.99020347e-02,1.60837083e-02,8.52327530e-03,4.99946231e-02,8.66537904e-02,1.09160896e-01,-2.56814535e-02,-3.42518409e-02,1.86639400e-02,-3.16973900e-02,-1.94561110e-03,3.34612100e-03
-6.07097373e-02,7.82918401e-02,1.26785214e-02,2.24752863e-02,-9.00056148e-03,5.90052295e-02,1.18957631e-01,-1.69721197e-02,-3.81949376e-02,-2.95542936e-02,-2.97636372e-02,8.00313986e-03,-1.11322839e-02
-7.81041262e-02,9.47022496e-02,-3.30520897e-04,2.09590750e-02,-3.97738056e-02,5.75418580e-02,1.34926008e-01,3.68887177e-03,-4.54395890e-02,-2.62328877e-02,-5.68107568e-03,1.70361259e-03,-3.11334321e-02
-6.40920147e-02,7.91599436e-02,2.85718729e-03,4.05372030e-02,-4.82528310e-02,4.30575372e-02,1.02202080e-01,7.61205960e-03,-7.67407588e-02,-3.85343196e-02,2.03228156e-02,-2.00064796e-03,-4.84713577e-02
-4.38139997e-02,7.09895890e-02,-1.40187526e-02,5.76203447e-02,-3.77559075e-02,7.03247720e-02,1.11890275e-01,1.39748824e-02,-5.91509614e-02,-4.21070917e-02,5.14901128e-02,1.81815040e-02,-4.72044130e-02
1.78212572e-02,6.88439344e-02,-3.40940312e-02,3.78990765e-02,-5.48511423e-02,5.09511997e-02,8.10392967e-02,-1.75177455e-02,-4.27271995e-02,-2.91105622e-02,1.59792371e-02,-1.34577601e-02,-4.03209564e-02
-2.00792563e-02,-3.87262029e-03,-1.15453869e-01,-5.16443870e-02,-6.22334271e-02,4.07505840e-02,5.78527937e-02,-3.75188873e-02,-2.01709986e-02,1.10182311e-02,3.18000426e-02,1.28299822e-03,-2.69556439e-04
3.47425145e-02,-1.80416958e-02,-1.37371015e-01,-6.17639022e-02,-5.24449242e-02,1.58726693e-03,1.86949971e-02,-4.17387852e-02,-5.23108429e-03,1.60615109e-02,7.81901768e-03,-2.98510487e-03,5.55470410e-03
-2.78146589e-03,-2.75464845e-02,-8.84352036e-02,-5.95473667e-02,-1.60444286e-02,-3.50954610e-02,-2.87088361e-02,-3.10799290e-02,2.99769071e-02,3.04017592e-02,1.44354783e-02,2.52699469e-02,4.38316070e-02
-2.58793808e-02,-3.04485790e-02,-2.16870080e-02,-3.46479819e-02,3.83355848e-02,-2.82300555e-02,-5.73088489e-02,-3.94258288e-02,2.73224888e-02,2.54122579e-02,-2.48998483e-03,2.52132546e-02,3.61858944e-02
-6.20276063e-02,-5.32846708e-02,-6.84110131e-03,-2.41816144e-02,1.90926238e-02,-6.81857275e-02,-7.21670137e-02,-3.96286582e-02,3.42010771e-02,-9.75312122e-03,-1.51986553e-03,3.81887738e-02,8.07231323e-03
-4.93260042e-02,-4.62651741e-02,3.27654583e-02,6.61356369e-04,3.35506153e-02,-6.95022426e-02,-4.45167425e-02,8.48114373e-03,4.98165476e-02,-7.66381792e-03,7.85490454e-03,2.30832282e-02,-2.72800065e-02
-3.37577155e-02,-9.59635897e-02,4.49091193e-02,-2.28432594e-02,2.37289157e-02,-8.63674113e-02,-6.88736371e-02,1.41378374e-02,9.95160357e-03,-3.60411503e-02,-2.79799235e-03,1.56728945e-02,-3.44448883e-02
-3.49180649e-02,-8.84351178e-02,9.44573594e-02,3.17591725e-02,6.09530265e-02,-5.45923802e-02,-4.65359059e-02,7.08381469e-02,2.80501275e-02,-3.55524012e-02,3.80266135e-02,2.33868127e-02,-4.49914248e-02
-2.03982248e-02,-4.61814053e-02,9.49834528e-02,5.45834708e-02,5.13525809e-02,-4.32692699e-02,-2.56663036e-02,5.67361766e-02,2.90325641e-02,-2.77496362e-02,3.68545330e-02,1.45168344e-02,-3.31336414e-02
-5.65896250e-03,-1.26440220e-02,3.31907262e-02,1.30424107e-02,9.37681840e-03,-3.39475056e-03,-3.74322738e-03,2.33180891e-02,4.28051664e-02,-1.14936142e-02,2.09471532e-02,-5.02724020e-03,-1.82985977e-02
3.56540065e-02,1.75082001e-02,-2.69255366e-02,1.46589035e-02,-1.05357450e-02,1.53071301e-02,1.19770999e-02,1.71444688e-02,7.13137622e-02,1.05087945e-02,3.23705114e-03,1.55819776e-02,-1.54020693e-02
1.87990407e-02,2.50577915e-02,-5.37761164e-02,2.53204666e-02,-3.03783826e-02,4.25088148e-02,1.13764856e-02,-2.75322316e-02,5.51347814e-02,1.32813945e-02,1.05553218e-02,4.79619550e-02,2.00725435e-02
1.47927015e-02,5.31417486e-02,-2.74774841e-02,5.99712275e-02,-2.62591192e-02,6.18120368e-02,-6.25508146e-03,-5.54081050e-02,2.57594469e-02,-4.04606905e-03,2.79690904e-02,2.77724358e-02,7.63118295e-03
1.17057376e-02,7.17413748e-02,-3.60064829e-02,4.80421519e-02,-5.08425423e-02,3.53033276e-02,-3.93139002e-02,-8.13417721e-02,-1.22360256e-02,-5.97673424e-03,3.64777529e-02,7.38107910e-03,-1.28475501e-02
4.61375294e-02,1.25639929e-01,6.47476959e-03,5.96541862e-02,-2.00555649e-02,5.71378201e-02,-2.48085091e-03,-2.75040541e-02,-9.55664217e-03,-1.43203795e-02,3.37209378e-02,-1.40429741e-02,-2.29572193e-02
2.73396909e-02,7.73354437e-02,8.01362969e-03,4.50443791e-02,-2.00010999e-03,2.55892613e-02,-4.13417101e-02,-4.63398121e-02,-4.51331074e-02,-4.33146564e-02,2.29170580e-03,-3.36178784e-02,-1.23534232e-02
4.15991625e-02,8.51897490e-02,3.82324995e-02,4.59966907e-02,8.74844228e-03,7.46909384e-03,-3.40794171e-02,-2.19092648e-02,-4.74909793e-02,-3.00503965e-02,-2.72913836e-03,-2.99558759e-02,-3.78321117e-02
1.67201425e-02,4.73691979e-02,2.50276407e-02,3.32552734e-02,2.73209508e-02,1.74493276e-02,-1.33925059e-02,-2.42192262e-02,-2.94840151e-02,-4.14594047e-03,1.71005594e-02,-2.93212440e-02,-4.00002055e-02
3.57130349e-02,4.97940372e-02,1.63402265e-02,1.17830349e-02,1.59038687e-02,2.38860832e-02,1.46776555e-02,-3.52151998e-02,-3.67726247e-02,-3.46537419e-02,-1.23522805e-02,-4.26351170e-02,-3.81854473e-02
-2.44897404e-03,2.83559126e-02,-4.22440206e-03,-2.15179955e-02,3.61034002e-02,-1.54650070e-03,1.35484175e-02,-5.71143442e-03,7.74230079e-03,3.06551686e-03,-2.21445150e-03,9.88160359e-03,-2.47650667e-02
3.40973130e-03,2.35591220e-02,1.84143420e-03,-3.58478252e-02,1.86300549e-02,-8.67341017e-03,1.78224607e-02,-4.04333714e-03,4.52341974e-03,7.32569642e-03,-4.26906076e-02,4.16231380e-02,1.29879516e-02
-7.55678015e-02,8.27281167e-04,2.39502680e-02,1.12926421e-02,2.21752895e-02,9.52264626e-03,2.48261474e-02,1.47868461e-02,3.54120031e-02,-5.51777668e-03,-3.49406476e-02,1.52045917e-02,-2.71877426e-03
-6.97873567e-02,-2.66721388e-02,2.73816047e-03,-2.97563791e-02,1.47099723e-03,3.26158612e-03,-3.18616183e-02,2.71497136e-02,1.72654104e-02,1.53004794e-02,1.10004121e-02,2.93770927e-02,-8.03596043e-04
-5.28281305e-02,-1.26727344e-02,2.31224028e-02,-3.88027923e-02,4.12008379e-02,5.52605774e-02,-2.02792631e-02,5.70489509e-02,2.08689730e-02,1.11871903e-02,2.06633570e-02,4.57962784e-02,-1.51471367e-02
-8.90890874e-02,-6.10090948e-02,2.19655164e-02,-1.13673007e-02,5.61209648e-02,6.56487091e-02,-6.24857818e-02,5.17704196e-02,3.12782423e-02,1.40011938e-02,5.47220284e-02,6.48743677e-02,2.26515658e-02
-8.89375376e-02,-8.11366583e-02,-5.24221318e-03,-4.63864498e-02,1.74418958e-02,6.57962235e-02,-5.15750233e-02,4.67045339e-02,1.75468778e-02,1.52970638e-02,6.81145013e-02,5.76724849e-02,-4.70482580e-03
-2.76842452e-02,-9.49631862e-02,-2.59503602e-02,-6.36321049e-02,1.73894180e-02,5.80264015e-02,-3.76540770e-02,4.42003157e-02,2.28727302e-02,1.23320305e-02,6.57612078e-02,3.18863218e-02,-1.54868658e-02
2.75300069e-02,-1.06897606e-01,-4.31233436e-02,-8.84946731e-02,-9.44056273e-03,6.20528820e-02,-1.59755467e-03,3.24062331e-02,-8.02519478e-03,-1.45900880e-02,5.18714615e-02,-1.49941415e-02,-2.86187651e-02
2.70210570e-02,-1.15965173e-01,-6.13162359e-02,-8.91373541e-02,7.63429017e-03,2.58836565e-02,-3.83756406e-03,2.00163507e-02,-9.63033573e-03,-1.22089882e-04,5.21180602e-02,-5.22345446e-03,-2.70443919e-02
8.05380661e-02,-5.42508747e-02,-2.42902219e-02,-7.90568264e-02,-1.12564188e-02,-3.56161991e-04,8.63746132e-03,1.94050540e-02,-2.25253732e-02,-2.14782142e-02,-1.70854824e-02,-2.29108611e-02,-1.47626433e-02
7.49145918e-02,-4.52610500e-03,-2.50048174e-03,-1.55504036e-02,-1.36225796e-02,-2.41841803e-02,3.58029275e-02,2.44252937e-02,2.48933439e-02,-3.19689075e-02,-4.94828026e-02,-5.24455603e-02,-2.09395353e-02
9.67322303e-02,2.99462513e-02,-3.92101023e-03,-2.07643387e-02,-2.34198690e-02,-2.52198585e-02,8.00003708e-03,1.92862959e-02,1.01200282e-02,-2.44073828e-02,-4.37661682e-02,-4.76218712e-02,-6.13297553e-03
9.00637959e-02,4.88203759e-02,2.10204892e-02,-1.44276182e-02,1.65567187e-02,-1.38082920e-02,1.18624700e-02,-8.84407284e-04,-1.70798466e-03,-1.81858070e-02,-6.13936981e-02,-5.24966268e-02,-2.42016827e-02
3.53814421e-02,2.51347661e-02,1.81277662e-02,3.25480721e-04,3.25041577e-02,-9.41747286e-03,1.46407163e-02,6.39770946e-04,2.52256118e-02,2.28017060e-02,-1.65167746e-02,-2.90397813e-03,-5.81546485e-04
-1.24691824e-02,-1.01273167e-02,-1.35046734e-02,-3.43314375e-02,1.05102087e-02,1.31159672e-02,3.66204931e-02,6.65958046e-04,5.19150581e-02,4.42548382e-02,6.05048120e-03,-8.28494117e-03,-1.91199671e-04
2.05730663e-02,1.56030844e-03,-4.00320953e-03,-2.85502746e-02,1.46823802e-02,-2.73514061e-02,5.09968540e-02,-6.20172273e-03,5.13786038e-02,1.97004251e-02,-4.18273036e-04,4.18050645e-03,3.43424298e-03
5.61130779e-02,2.25695767e-02,2.72830089e-02,-2.67714711e-02,1.55055785e-02,-4.12669208e-02,2.75222369e-02,-4.34621561e-02,1.57796579e-02,1.55624539e-03,5.98964673e-04,2.13631136e-02,1.13932892e-02
5.15443146e-02,2.39827614e-02,2.55918138e-02,-4.60727906e-03,2.35890460e-02,-3.79794267e-02,4.49936961e-03,-4.63638059e-02,2.05169299e-02,-1.71513782e-02,-2.09715753e-02,3.26378266e-02,6.17796682e-03
4.22820180e-02,2.58712385e-02,3.53810478e-02,2.80853529e-02,-8.36190064e-03,-2.88155402e-02,2.01520930e-02,-2.05995898e-02,1.27194017e-02,-2.55701300e-02,-2.04491606e-02,1.58900578e-02,1.67203401e-03
2.64307223e-02,1.98124244e-02,2.32803631e-02,5.27560017e-02,-2.54329298e-02,-2.08168373e-02,3.06189192e-02,3.10352591e-03,4.91321931e-02,-1.14719456e-02,-8.76687674e-03,3.53661774e-02,2.26723288e-02
4.75503915e-03,4.60387272e-02,6.82274443e-02,8.74789164e-02,-3.09541658e-02,-1.85259523e-02,-2.33155994e-02,-1.14934094e-02,4.68950681e-02,9.83168407e-03,-6.66972842e-03,4.96188155e-02,2.47822140e-02
9.76701645e-03,3.69370078e-03,3.08533940e-02,8.32245562e-02,-4.95409351e-03,-3.25178659e-03,-2.72683760e-02,-2.60964535e-02,-2.60087916e-02,1.04970909e-02,-2.42963681e-02,2.97467262e-02,8.62374950e-03
-9.41273211e-03,-1.06479833e-02,9.86741846e-03,6.50553154e-02,-3.04040183e-03,-2.55194250e-02,-1.15200252e-02,-1.05248881e-02,-4.10398401e-02,4.75878744e-02,-2.65829560e-03,2.92907848e-02,-8.56410590e-03
-4.49104537e-02,-5.87087960e-02,-4.44807349e-02,3.12858811e-02,-5.67110252e-03,1.30194365e-02,4.65683640e-02,3.64476737e-02,-2.49404101e-02,7.75397571e-02,4.77554855e-03,2.01007022e-02,-1.32055539e-02
-4.37912638e-02,-4.37918648e-02,-3.92391068e-02,3.10183852e-02,6.61228729e-04,1.86818478e-02,6.91024703e-02,1.54011513e-02,-5.77125413e-02,6.66768515e-02,1.90035613e-02,1.09573801e-02,-2.09846335e-02
-4.05617799e-02,-2.56869563e-02,-2.66794524e-02,4.08902764e-02,3.48720479e-02,5.48724541e-03,6.26964709e-02,-4.86127916e-03,-8.08323707e-02,3.79254414e-02,1.99849486e-02,4.76778156e-03,-8.00507653e-03
-7.96566384e-03,3.75446940e-02,-6.99662990e-03,1.59531204e-03,3.73172892e-02,6.97295427e-04,5.70934453e-02,8.63301548e-03,-9.38931985e-02,1.73361506e-03,-5.79463813e-05,-3.38220274e-02,-1.02686798e-02
2.25932607e-02,7.28848542e-02,-1.89214720e-02,-3.40480182e-02,1.77216375e-02,-3.55395951e-04,7.17979207e-02,4.68498914e-02,-9.43214838e-02,6.98861262e-03,-1.97948822e-02,-8.40104095e-02,-1.17271544e-02
-2.33628494e-03,2.37839092e-02,-2.81743752e-02,-4.82446778e-02,-7.49547807e-03,2.85186243e-02,9.34139658e-02,8.42302024e-02,-4.43130754e-02,-1.41738568e-02,-9.26164549e-03,-5.92039659e-02,3.01089598e-02
-5.70450521e-02,2.42987852e-02,4.14048243e-02,-1.58320239e-02,1.72270338e-03,1.80909341e-02,4.80749624e-02,9.28888841e-02,-8.27263225e-03,-3.03609279e-03,-1.72082814e-03,-2.28713334e-02,5.23718131e-02
-3.44996075e-02,2.28656380e-03,2.03995748e-02,-6.48334269e-03,7.31926405e-03,2.10220343e-02,4.50924632e-02,1.12281273e-01,-1.25568686e-02,-7.11412103e-03,-2.75729695e-02,-2.74010072e-02,5.51586302e-02
-5.77816343e-03,-7.13872589e-03,2.74310556e-02,-6.41425953e-03,2.49228387e-02,-1.64690142e-03,7.32911130e-03,9.73463916e-02,-3.24172723e-03,-1.00372009e-02,-3.38183315e-02,-1.61760535e-02,3.46784657e-02
-1.12355946e-02,-5.85363693e-02,1.94425500e-02,1.08731654e-02,3.08883434e-02,-1.73697117e-02,7.64022118e-03,9.02676245e-02,2.48119802e-02,7.20628492e-04,-3.37777231e-02,2.20717332e-02,3.32821071e-02
-4.62191220e-02,-6.47021027e-02,4.01709175e-02,4.47205097e-02,4.15952752e-02,-2.83737592e-02,-3.48524721e-02,3.28089517e-02,1.93642161e-02,1.40244521e-04,-1.45568386e-02,5.90049258e-02,4.09366552e-02
-5.49309459e-02,-6.82081367e-02,5.50087274e-03,7.90181722e-02,6.37267757e-02,-3.01898145e-02,-4.18510555e-02,1.58042440e-02,1.86598672e-02,-2.30830647e-02,-1.65315024e-02,4.54719745e-02,4.27597154e-02
-2.34339565e-02,-2.01567374e-02,6.42529803e-04,7.48795342e-02,6.26035126e-02,-5.48715784e-02,-1.92765661e-02,2.88011448e-02,-2.34864755e-02,-3.99687103e-02,-2.13766107e-02,-1.20336871e-03,1.75716971e-02
3.05799085e-02,3.91035310e-02,-1.48259070e-02,5.33005367e-02,4.99571663e-02,-8.46921266e-02,-2.77626661e-02,2.31253598e-02,-4.50091665e-02,-2.73054992e-02,-3.18038548e-02,-5.34800558e-02,-6.53791840e-03
-7.57570634e-03,-1.32741491e-02,-1.07879235e-02,3.80738945e-02,5.19930459e-02,-3.51040569e-02,-5.24042226e-03,2.99852800e-02,-5.26018394e-02,-5.85505703e-02,-3.01857853e-02,-2.22792271e-02,2.08387791e-02
1.43757638e-02,-3.02609088e-02,-7.23123955e-03,2.17854999e-02,3.20475606e-02,-3.44227156e-02,1.08476875e-02,2.87828953e-02,-5.30808508e-02,-6.13127284e-02,-2.19519532e-02,3.57683789e-03,1.93041417e-02
4.89728106e-02,5.14639153e-03,1.44375403e-02,3.26820948e-02,9.10138063e-03,-2.99833292e-02,2.76257663e-02,6.01917037e-02,-4.33538260e-02,-5.46020955e-02,-3.14005797e-02,-1.10515654e-02,-3.26751889e-03
1.08235964e-01,1.75296703e-02,-1.95668004e-02,1.76007377e-02,-4.81670343e-04,-2.16819497e-02,1.38745426e-02,6.32614489e-02,-4.06884743e-02,-5.43569288e-02,-3.50575549e-02,-3.40587490e-03,-2.81518101e-02
1.08714457e-01,1.32795116e-02,-4.22931665e-03,1.18115423e-02,-3.53205041e-03,-3.83315359e-03,-1.79378200e-02,3.95885315e-02,1.17723895e-03,-3.97933655e-02,-1.30758939e-02,2.61225244e-02,-2.19890354e-02
3.85934244e-02,-8.92584424e-03,3.40559077e-02,1.48380463e-02,-1.97716711e-03,-1.16599346e-02,-5.43745890e-02,1.91957420e-02,5.81949358e-02,-2.16055380e-02,-1.22484441e-02,5.64779980e-02,-2.99923348e-02
5.06488229e-02,-2.21626413e-02,1.62214462e-02,-9.35686228e-03,-2.27433198e-02,1.69959366e-02,-3.16505382e-02,2.65129184e-03,6.93442213e-02,-5.60824989e-03,5.21552121e-03,3.17247208e-02,-2.39184610e-02
5.68171833e-02,2.31617340e-03,-2.68520243e-03,-3.90923384e-02,-3.09465721e-02,-9.51923797e-03,-2.12368553e-02,-1.11866847e-03,8.28139770e-02,1.51509061e-03,-2.55806979e-02,-9.22817439e-03,-4.36674379e-02
6.55636364e-02,4.94101074e-03,-9.30551313e-04,-4.39542245e-02,-2.91392888e-02,-3.17702302e-02,-3.61795354e-02,-3.82514650e-02,6.25336940e-02,-9.32353482e-03,-3.62339466e-03,-3.24424773e-02,-4.59228118e-02
5.82667365e-03,-7.31426660e-03,2.02354609e-02,-3.83800071e-02,1.41897152e-02,4.12259473e-03,-2.64700739e-03,-3.10317045e-02,4.92400456e-02,-1.25858891e-02,8.00835753e-03,-1.27777229e-02,-1.53933181e-02
7.71106020e-04,1.76767814e-03,6.71308061e-02,-3.03947639e-02,-1.06168856e-02,-7.44620185e-03,2.68280736e-02,-5.12373770e-02,3.07592155e-02,-2.03015674e-02,3.41174397e-02,7.79460342e-03,-3.36451259e-03
-8.77982426e-03,3.26954516e-02,1.14319002e-01,1.57783800e-02,2.54784761e-02,1.18592040e-02,2.23656846e-03,-8.28885452e-02,-1.58851552e-02,-2.89580660e-02,5.28278784e-02,1.32934925e-02,1.84559382e-02
2.73669107e-02,9.74328735e-02,8.31967376e-02,2.59819982e-02,1.96984869e-02,-2.01597797e-02,-1.54970107e-03,-7.78854162e-02,-4.83110151e-02,-2.10914855e-02,6.64099257e-02,1.04314132e-02,1.23138856e-02
3.25659766e-02,1.09983862e-01,6.38225533e-02,5.43013642e-02,5.15090884e-02,3.35399421e-03,-2.97398952e-02,-4.48019456e-02,-5.21426352e-02,-2.11427770e-02,6.87343235e-02,1.05834418e-02,2.66374871e-02
2.17988382e-02,1.04119277e-01,6.11420335e-02,4.31504870e-02,5.74627019e-02,6.82736429e-03,-5.75168428e-02,-7.14125631e-02,-4.94497384e-02,2.81564392e-03,4.50226467e-02,1.65082839e-02,1.90416256e-02
3.09213967e-02,9.91553516e-02,2.45633549e-02,1.46641664e-02,7.06633711e-02,4.43065482e-02,-3.46260280e-02,-5.18055940e-02,-4.45992515e-02,2.04649849e-02,4.38364101e-02,-2.65708364e-02,1.59283114e-02
-9.60623588e-03,5.61521984e-02,-3.13345448e-02,-4.03503170e-02,4.93440528e-02,4.29179326e-02,-1.78566238e-03,-1.97064700e-02,3.70460149e-02,3.75743298e-02,3.86315177e-04,-2.89643574e-02,3.24261191e-02
-5.32744605e-02,-2.53899453e-02,-7.57462435e-02,-6.94254888e-02,4.65812778e-02,7.73652903e-02,1.36304334e-02,2.23677264e-02,7.88821134e-02,2.69403746e-02,-4.57889358e-02,-2.49002069e-02,3.23555715e-02
-8.53483237e-02,-6.50748939e-02,-1.00277771e-01,-6.47469794e-02,3.06165173e-02,4.75013173e-02,4.04514770e-02,6.25492997e-02,1.17092741e-01,2.10699071e-02,-8.57216558e-02,-2.61105569e-02,4.49253957e-02
-8.39739854e-02,-5.90362522e-02,-6.77995361e-02,-4.88725940e-02,-9.87023046e-03,3.55047521e-02,6.88575777e-02,9.57073237e-02,1.31024288e-01,-8.99553189e-03,-1.10639969e-01,-1.64867686e-02,3.62662844e-02
-7.51407551e-02,-6.40635086e-02,-4.99415388e-02,1.02117828e-02,5.10900773e-03,5.58394479e-02,6.99526450e-02,4.49653288e-02,1.09170520e-01,-2.71808182e-02,-1.16461537e-01,-2.53490805e-04,6.35630128e-02
-6.62097353e-02,-2.20093403e-02,-2.34589835e-02,1.66843155e-02,-2.91327033e-02,2.48638318e-02,6.91239166e-02,3.83382230e-02,1.03699603e-01,-3.46544135e-02,-1.10988635e-01,6.23162332e-03,3.99150930e-02
-5.65985561e-02,-2.64338219e-02,-1.78476434e-02,5.23351629e-02,-1.93909755e-02,3.09935353e-02,5.88839326e-02,5.25956025e-02,1.04467783e-01,-3.63819788e-02,-1.07756984e-01,8.83791439e-03,3.67934172e-02
-2.46662898e-02,-4.57156806e-02,-1.70890462e-02,2.29123718e-02,-2.85875273e-02,4.86095665e-02,5.82070668e-02,1.39332292e-02,8.54795410e-02,-7.69418718e-03,-8.82119937e-02,2.49111395e-02,3.38749521e-02
5.39026658e-02,4.43790419e-02,2.23605986e-02,6.70637316e-03,2.64548034e-03,5.25312595e-02,1.65309806e-02,-1.02385760e-03,6.71701732e-02,6.56385525e-03,-7.02128457e-02,-8.02278696e-03,8.66792208e-03
8.67812465e-02,4.39480986e-02,2.52507947e-02,-6.76375920e-03,2.86458137e-02,8.25163200e-02,3.39135740e-02,-1.76191635e-02,5.22696488e-02,2.26855439e-02,-4.34440691e-02,-1.91374366e-02,-7.22378769e-04
6.40256466e-02,5.16590712e-02,2.33887274e-02,-2.48884121e-02,4.71974155e-02,9.89228332e-02,3.98454103e-02,1.43554752e-02,4.14087784e-02,2.91013302e-02,-3.45393064e-02,-5.06703902e-03,-1.19607961e-02
3.86483702e-02,5.55288888e-02,2.87470173e-02,-2.77424199e-02,5.09867060e-02,5.19832401e-02,2.41818516e-02,2.52153582e-02,3.08706416e-02,2.00241591e-02,-1.50527926e-02,1.14848581e-02,1.49873737e-03
3.89284407e-02,9.51315857e-02,2.67372409e-02,-4.00337472e-02,6.03008401e-02,2.92131213e-02,-1.95657037e-02,4.57371408e-02,3.88692980e-02,5.08351979e-03,-1.23422937e-02,1.74305995e-02,1.10439856e-02
4.74870878e-02,1.15518732e-01,4.72748763e-02,8.55044473e-03,6.10550965e-02,-8.70363141e-03,-1.71471480e-02,1.84668402e-02,6.31409200e-03,-1.11280995e-03,-3.00604596e-03,-1.59393692e-02,5.49815100e-03
3.32728611e-02,1.29595494e-01,5.51862978e-02,1.82238261e-02,4.43809135e-02,-2.23503633e-02,-1.92698890e-02,-1.37306361e-02,-3.67596346e-02,2.34772960e-03,1.30343139e-02,-3.32730846e-02,-5.50526416e-03
-1.28318770e-02,1.04080249e-01,4.63521375e-02,4.07898484e-02,1.64398542e-02,-3.54345867e-02,-1.47539032e-02,-3.29778132e-02,-5.22558438e-02,1.05227465e-02,5.12427742e-02,-3.00174176e-02,-4.96856733e-03
-7.97593253e-02,5.99200743e-02,4.13524021e-02,3.73466155e-02,-1.77993422e-02,-2.13475058e-02,1.05140443e-02,-3.44385695e-02,-3.48745108e-02,3.47254821e-02,5.19670225e-02,-4.09907147e-02,3.08286690e-03
-6.14705194e-02,8.93280449e-02,6.84321742e-02,2.90237205e-02,-5.37562921e-02,-2.84702326e-02,-9.56863758e-03,-5.84217178e-02,-2.56365181e-02,4.83538878e-02,6.87823250e-02,-1.43540742e-02,1.58770251e-02
-1.87310837e-02,4.34283425e-02,5.86454565e-02,4.61685551e-02,-4.94298835e-02,1.54907674e-02,7.48713358e-03,-7.89400330e-02,-4.81066119e-02,4.89992168e-02,6.30326413e-02,-2.43421080e-02,3.62877247e-04
2.31384477e-02,3.95454479e-02,6.18972336e-02,5.85074894e-02,-8.07797156e-02,1.15351994e-02,2.13669145e-02,-8.76522590e-02,-5.44088589e-02,4.84406903e-02,4.18529227e-02,-2.22754783e-02,-2.41620499e-03
3.68934054e-02,2.98498668e-03,3.62851916e-02,4.68059536e-02,-7.08543713e-02,3.21278145e-02,3.03091202e-02,-8.04193132e-02,-6.62332275e-02,4.32452000e-02,6.52096149e-02,1.18532994e-02,-3.88890700e-03
6.35525490e-02,-1.86180437e-02,-7.49227902e-03,3.14574465e-02,-2.95731428e-02,4.89180316e-02,-2.70879773e-03,-6.87494730e-02,-5.37264832e-02,2.84995587e-02,5.68259439e-02,2.22767639e-02,8.64195453e-03
6.76403940e-02,-4.78561942e-02,7.13364204e-04,3.71304942e-02,-1.79801898e-02,2.30263298e-02,1.34077796e-02,-2.01421516e-02,-2.09844555e-02,-2.97400502e-03,2.73220155e-02,-8.57740011e-03,-1.03955050e-02
9.43639175e-02,-6.28208316e-02,-3.06114669e-02,2.78903035e-02,1.00699461e-03,2.55685379e-02,4.24159297e-04,-2.12911211e-02,-1.66237971e-02,-8.19813200e-03,2.16222071e-02,-1.71202794e-02,-1.12966888e-02
5.06023290e-02,-8.90940113e-02,-5.37187649e-02,3.67651889e-02,1.06466607e-02,2.10982285e-02,3.22413734e-02,-2.24852379e-03,-1.03002599e-02,-1.75689802e-02,3.16404771e-02,-1.52710008e-02,-1.69738550e-02
1.35247608e-02,-6.42901571e-02,-3.95255409e-02,4.59402866e-02,-1.67003787e-02,-1.57319140e-02,3.14319034e-02,1.55743951e-02,2.11314508e-02,-1.93614139e-02,-4.18129453e-03,-3.69902302e-02,-1.92154625e-02
-1.17437309e-02,-3.19317350e-02,-1.40609872e-02,4.39292053e-02,-1.65205015e-02,-2.50890324e-02,2.95556405e-02,2.03579607e-02,1.22952480e-02,-4.73906631e-02,-9.97629742e-03,-2.96891748e-02,-1.94869670e-02
-5.44518145e-02,-4.46611849e-02,-2.78320725e-02,1.94976532e-02,-4.78920869e-02,-5.67289645e-02,-1.14895581e-02,4.86583282e-02,4.13710874e-02,-6.04135302e-02,-3.42080435e-02,-2.17048288e-02,-1.07887702e-02
-5.23441627e-02,-4.97640588e-03,1.39981864e-02,2.19386637e-02,-7.92367207e-02,-6.07450080e-02,-1.69715362e-02,3.88507155e-02,2.34378423e-02,-4.89856384e-02,-7.54580026e-02,-2.67161714e-02,-2.74726225e-02
-7.32483989e-02,-1.03159453e-02,2.62925204e-02,1.09692936e-02,-7.28388248e-02,-4.75153118e-02,4.37312353e-03,4.65866815e-02,1.11497466e-02,-1.17230024e-02,-5.76060754e-02,3.55191447e-03,-1.75428795e-02
-3.55996609e-02,2.55820302e-02,2.97519496e-02,8.76076446e-03,-4.07292278e-02,-1.88553055e-02,-2.15921779e-02,1.45024238e-02,-1.82300888e-02,3.52341511e-02,-3.86450016e-02,2.47993960e-02,-1.06418937e-02
-2.87335640e-02,4.20985490e-02,3.67882874e-02,-1.85985505e-02,-3.82011819e-02,-3.34578868e-02,-7.45549703e-03,3.49084539e-02,8.20616703e-03,6.09169811e-02,-5.56337360e-02,3.66328142e-02,-2.80773064e-03
-7.63437975e-03,1.27026275e-02,-1.11545805e-02,-4.96674000e-02,-3.24508176e-02,-4.39760569e-02,-1.39024140e-02,1.93419906e-02,1.27079225e-02,6.88597279e-02,-1.73258448e-02,6.92392105e-02,-1.23201767e-02
3.06612562e-03,1.80549800e-02,-3.33488028e-02,-5.28037137e-02,-5.63222807e-03,-2.46455925e-02,2.77011880e-03,2.01660342e-02,4.04969206e-03,8.44735970e-02,1.50291022e-02,6.37049319e-02,-3.50146154e-02
6.61666568e-03,3.34550831e-02,-2.67189141e-02,-5.59096467e-02,3.55392944e-03,-2.85977354e-02,1.56625684e-02,2.80610170e-02,3.66033441e-02,7.50669477e-02,2.85541568e-02,6.94305753e-02,-2.41450840e-02
8.36133431e-03,3.78883996e-02,-6.05834079e-03,-3.83261245e-02,5.26956629e-02,3.80849044e-02,4.11525722e-02,2.62243149e-02,7.43811246e-03,1.96454350e-02,1.22299068e-02,2.16821212e-02,-3.31946610e-02
-2.57679666e-02,5.36131819e-03,-6.12828336e-03,-4.59517776e-02,2.10179158e-02,2.68726153e-02,5.96714265e-03,4.53428734e-02,3.50664379e-02,-4.63034074e-03,2.66483014e-02,1.32603159e-03,-1.69120910e-02
-3.69910785e-02,-7.23312758e-03,1.62510543e-02,-3.84361409e-02,-4.55096694e-03,4.07992848e-02,-6.98726746e-03,2.41905594e-02,-2.02840541e-03,-2.47172322e-02,3.30155131e-02,-4.01351741e-02,-2.15232069e-02
-5.06109468e-02,-4.72852420e-02,1.38617690e-02,-4.76674994e-02,6.28007510e-03,5.17405246e-02,-2.29933748e-02,2.48714697e-02,-2.46212372e-02,-3.58460122e-02,9.19113083e-03,-2.82005670e-02,3.41840948e-03
-1.15914961e-02,-4.92837561e-03,1.90661871e-02,-5.33269358e-02,3.49386246e-02,7.65533501e-02,-3.98441561e-02,-7.72520406e-03,-1.99647561e-02,-2.42222754e-02,-4.28838412e-03,-2.86751537e-02,2.75042512e-02
1.33480055e-02,9.41470562e-03,4.63905811e-02,-3.33224809e-02,7.15995948e-03,3.18070261e-02,-3.48086684e-02,-4.25001132e-04,8.42614102e-03,-2.62126322e-03,-4.30367850e-02,-1.80358166e-02,6.93196590e-02
-2.45549366e-03,-4.56828426e-02,-7.50765831e-03,-1.67854976e-02,1.72034567e-02,-8.15264801e-04,3.31334018e-03,-4.00386093e-03,2.67035585e-02,-4.99408616e-03,-1.16159122e-02,3.21925708e-02,6.11992559e-02
4.36736256e-02,-3.32473317e-02,-3.08087227e-02,1.11196686e-02,3.30824909e-02,-1.14887131e-02,-7.64444603e-03,-7.51995453e-03,1.39849453e-02,-7.56160033e-03,-8.01668943e-03,4.68766323e-02,1.95246825e-02
4.52473197e-02,-3.35902099e-02,-6.08593959e-02,-7.32819652e-03,2.88233055e-02,-4.83981211e-02,2.39006037e-03,3.59280875e-02,6.93058071e-02,-1.31546391e-03,1.90285511e-02,8.25747387e-02,1.48939593e-02
5.47862988e-02,-1.58935920e-02,-4.96092324e-02,2.53550015e-06,3.62627896e-02,-2.05534017e-02,1.31766100e-02,5.10735107e-02,5.93105696e-02,-3.60936481e-02,-7.62446775e-03,7.19688454e-02,-2.17957148e-02
3.49091078e-02,-2.39799031e-02,-1.86164109e-02,2.78447312e-02,1.27468174e-02,-2.74278282e-02,2.47947910e-02,6.05982901e-02,6.90979047e-02,-2.14562193e-02,-2.11016607e-02,5.55626142e-02,-3.46484745e-02
3.18678889e-02,-2.97634562e-02,-4.45140311e-03,1.74450093e-02,-4.57278087e-02,-2.43971444e-02,2.67550161e-02,3.76347188e-02,4.28230500e-02,-2.06905995e-02,-1.77391103e-04,1.02378323e-02,-4.18231212e-02
4.13474346e-02,-3.92544743e-02,-1.63776548e-02,3.49304961e-03,-7.63536050e-02,-2.11973830e-02,-2.01421140e-02,-9.86575263e-03,1.37357400e-02,-1.96379148e-02,-2.51978605e-02,3.48617406e-02,-5.09706539e-02
2.12858769e-02,-1.58665593e-02,-3.50845043e-02,-4.78116541e-02,-5.44302420e-02,1.64491001e-02,-2.98046488e-02,-4.78639992e-02,1.89527862e-02,-1.45095297e-02,-4.44510295e-02,1.18776250e-02,-2.31439354e-02
2.22112435e-02,4.55769751e-03,5.73853164e-03,-1.97824083e-02,-5.61403297e-02,9.77547228e-03,-3.98620026e-02,-4.04914524e-02,2.35903715e-02,-2.22303567e-02,-7.03817955e-02,-3.68823087e-03,7.45138909e-03
3.58299032e-03,3.11404025e-03,2.33651151e-02,5.56330642e-03,-2.79209987e-02,-1.63381838e-02,-1.07185938e-02,-1.40050828e-02,2.19178313e-02,-4.64518372e-03,-4.25527289e-02,-1.68128349e-02,8.04429965e-03
-3.81938032e-03,1.82385841e-02,3.78060560e-02,3.15559782e-02,2.36864079e-02,2.15427616e-02,-1.25782060e-02,-3.69912598e-02,2.05495314e-03,-1.50945604e-02,-5.88602355e-02,-3.10918842e-02,1.83142632e-02
-3.90644625e-02,6.72887313e-03,1.44238891e-02,1.70187639e-02,2.42762869e-02,2.31142023e-02,-2.03406885e-02,3.24885380e-03,3.22223847e-03,1.73414653e-02,-6.27588926e-03,-1.13274769e-02,1.63578938e-02
-8.43759455e-02,-1.17675507e-02,1.32864281e-02,1.40015357e-02,2.72240553e-02,4.25045007e-02,-1.95869555e-02,7.15155867e-03,-3.30944547e-02,2.69606873e-02,7.05782744e-02,1.07090160e-02,1.27247856e-03
-9.60322110e-02,-3.47920854e-02,3.00027312e-03,5.69378719e-02,5.25306302e-02,7.10346991e-02,-1.84472863e-02,3.83474171e-03,-6.80982015e-02,3.79432542e-02,1.20710435e-01,1.06310973e-02,-9.06965472e-04
-1.19729863e-01,-5.01931440e-02,3.75858727e-04,4.13326713e-02,7.50566350e-02,9.84209199e-02,-2.47854331e-02,2.73348396e-03,-8.76957975e-02,3.50810653e-02,1.40858578e-01,-2.00016136e-02,-6.96955958e-03
-8.72865715e-02,-5.44683072e-02,7.38532691e-03,2.20623568e-02,4.82160814e-02,8.79450572e-02,-3.10279696e-02,-2.21309652e-02,-8.99582629e-02,4.04631225e-02,1.60712530e-01,2.60010031e-03,-2.37571336e-02
-7.74579012e-02,-8.50680173e-02,-5.28823640e-02,-4.68145435e-02,3.24218869e-02,1.04525764e-01,-4.62542149e-02,-2.80476943e-02,-8.19045248e-02,4.64538528e-02,1.64311414e-01,3.12975815e-03,-2.71341223e-03
-5.88430932e-02,-9.30771323e-02,-5.81015016e-02,-8.29618320e-02,1.68990750e-02,8.70057128e-02,-6.19105215e-02,-3.10518427e-02,-7.28411153e-02,2.39907919e-02,1.66096725e-01,2.14311290e-02,1.04299506e-02
-2.71341777e-02,-1.01296006e-01,-6.56409511e-02,-1.09001568e-01,-3.04853931e-03,3.68431817e-02,-5.01351314e-02,1.07989673e-02,-3.34201544e-02,4.12956786e-02,1.63903811e-01,3.98846912e-02,2.06735786e-02
-8.60877733e-03,-6.79433558e-02,-5.97028035e-02,-1.33085384e-01,-9.84610956e-03,1.25556664e-02,-5.55361493e-02,-1.42600685e-02,2.32992926e-03,1.72050347e-02,1.15935436e-01,5.36276175e-02,5.23727306e-02
2.28094057e-02,-5.19970952e-02,-4.61965108e-02,-1.08712276e-01,-2.57125458e-02,-6.09791337e-03,-7.04485203e-02,2.36902941e-02,4.02132147e-02,1.61702613e-02,4.04630971e-02,3.64874749e-02,3.28739218e-02
3.61592757e-02,-3.50607628e-02,3.02882038e-03,-7.66181954e-02,-5.46243240e-02,-3.35835548e-02,-4.97756754e-02,3.32276584e-02,4.08688025e-02,1.49670096e-02,4.15427784e-02,5.29009131e-02,2.65694133e-02
8.99381592e-02,1.06703845e-02,1.27895144e-02,3.73299350e-03,-4.11167161e-02,-2.18811788e-02,-3.34352748e-02,1.73909539e-02,2.79532897e-02,8.15167142e-04,2.74926985e-02,4.38159701e-02,8.77430994e-03
7.50626489e-02,6.76478284e-02,6.06257672e-02,5.65003155e-02,2.21261575e-02,-1.11375018e-02,1.02124858e-02,-7.89772332e-03,3.81741869e-03,-8.42767596e-03,1.90649869e-02,1.92723252e-02,-3.70362696e-02
9.85334538e-02,8.44122453e-02,1.03405579e-01,1.08783806e-01,3.31592280e-02,-9.81630166e-03,3.84568306e-02,-2.10603111e-02,-2.05624334e-03,-5.03458998e-03,8.03659178e-03,2.80028211e-03,-4.94806717e-02
1.24368572e-01,9.97506848e-02,8.85882197e-02,1.29727901e-01,3.62898472e-02,-1.77366648e-02,4.39245462e-02,-2.35455644e-02,-2.26887291e-02,-9.20379564e-03,-2.17304913e-02,-5.04096976e-03,-4.61484504e-02
9.90084724e-02,6.93901431e-02,8.42852054e-02,1.03189965e-01,3.23592410e-02,-1.93967403e-02,4.13899783e-02,-4.28860403e-02,-2.47877211e-02,-1.11524941e-02,-4.18069493e-02,-2.09015173e-02,-2.44103110e-02
5.65093381e-02,1.90358701e-02,5.12205055e-02,9.16154595e-02,8.83994603e-03,-1.13188084e-02,7.32798460e-02,-2.32634142e-02,-6.22169418e-03,1.65232088e-02,-2.11579997e-02,-1.89195953e-02,-3.07837693e-02
3.54302264e-02,6.43861270e-03,1.18728416e-02,3.55841483e-02,-3.13700175e-02,-1.49221271e-02,6.50150236e-02,-6.03974903e-02,5.98747203e-03,1.54198229e-02,-9.84188471e-03,-4.07830969e-03,4.77122331e-03
8.55936766e-03,-1.95563992e-02,-2.76088897e-02,-5.44082921e-06,-5.24721001e-02,-8.19173859e-03,3.47833650e-02,-3.32482035e-02,3.00833558e-02,3.11991047e-02,-3.93892604e-02,-1.58193765e-02,9.88090538e-03
1.44881221e-02,-1.83500747e-02,-4.39881494e-03,9.76358829e-03,-6.11969620e-02,-2.24385480e-02,2.66922336e-02,-7.48912602e-03,3.38353932e-02,3.61826894e-02,-3.24668690e-02,-3.18757663e-02,1.37576297e-02
4.05577990e-02,-1.65314106e-02,-9.32102517e-03,9.87884069e-03,-5.73979442e-02,-3.23790522e-02,3.56320416e-03,1.96805149e-02,2.43150014e-02,3.55497268e-02,-4.40032793e-02,-3.86995178e-02,2.32922627e-02
2.24476767e-02,-1.01347533e-02,7.01135527e-03,7.71592641e-03,-1.27729765e-02,3.83927341e-03,1.89980459e-02,6.30885816e-03,-4.39938751e-03,5.71431933e-02,-1.55633862e-02,-4.21888284e-02,-1.47594369e-02
3.48571689e-02,-2.31865029e-02,3.58000185e-03,5.36657889e-03,-1.13981979e-02,8.77010447e-03,1.11710686e-02,-3.18729500e-04,-9.52207632e-03,7.26779707e-02,-1.38875788e-03,-2.07006022e-02,-1.85465197e-02
5.56841108e-02,-5.11317395e-03,1.31882733e-02,2.52283769e-02,6.63711075e-04,-6.71386619e-03,3.25513078e-02,-6.28894805e-03,-4.63389514e-02,5.94455218e-02,-1.97183672e-02,-1.09643907e-02,-2.18763472e-02
7.15668681e-03,5.72356917e-03,5.64529612e-03,2.42174988e-02,3.37105861e-02,-3.71786109e-03,4.77109439e-02,7.38092464e-03,-1.71949365e-02,3.50380302e-02,-4.61211422e-02,-3.97839966e-02,2.73564070e-03
-6.44333411e-02,1.37352821e-02,1.50198862e-02,2.50094721e-02,4.76636953e-02,-5.98109092e-03,8.32979492e-02,3.44078117e-02,-7.80728015e-03,4.76133354e-03,-5.45391764e-02,-5.65634322e-02,-1.36993835e-03
-7.98472052e-02,1.43207351e-02,-1.09041723e-02,4.41590300e-03,4.22027992e-02,-2.30507642e-02,9.41557458e-02,3.03514903e-02,1.69721534e-02,-2.38011670e-02,-6.05814089e-02,-2.85172321e-02,1.87745352e-02
-1.01070222e-01,3.40337482e-03,-2.25720451e-02,-9.07672770e-03,4.45335157e-02,-3.02891636e-02,9.10038660e-02,2.26010273e-02,3.60369600e-02,-3.70851079e-02,-8.17618377e-02,-4.31755291e-03,4.26011732e-02
-1.08517187e-01,1.70200985e-02,-2.16869319e-02,-3.05050289e-03,8.64894375e-02,-1.92951084e-02,1.00267519e-01,3.48863778e-02,3.93755872e-02,-8.66303379e-02,-1.03630558e-01,-7.42243290e-04,5.30100828e-02
-6.91920302e-02,-2.61880580e-03,-3.16343580e-02,-2.66986132e-02,8.35720103e-02,-5.84959790e-02,7.67898592e-02,4.49257739e-02,3.80685073e-02,-9.76523881e-02,-9.71820541e-02,7.79497064e-03,6.37080946e-02
-5.08784445e-02,-3.71188135e-02,-6.27265596e-02,-2.32968708e-02,8.68455111e-02,-4.65097696e-02,3.05970890e-02,5.36634518e-02,3.48779662e-02,-8.64893077e-02,-7.16135530e-02,-9.30686904e-03,2.02124476e-02
-2.39914328e-02,-4.67570134e-02,-5.53299265e-02,-3.77827829e-02,6.85310827e-02,-3.34281499e-02,1.38654422e-02,3.55048257e-02,6.59738778e-03,-9.38004146e-02,-4.45224681e-02,3.58203665e-02,1.34542878e-02
7.44655790e-02,-1.66678312e-02,-3.33818539e-02,-3.07242909e-02,4.34203883e-02,-5.09660419e-02,-2.34051013e-02,1.67149458e-02,-1.00797433e-02,-7.90443104e-02,-3.02215535e-02,4.68600485e-02,-1.41067920e-02
5.88736621e-02,1.87696585e-02,-1.45787496e-02,-1.70614285e-02,3.70024798e-02,-3.15479891e-02,-1.80868115e-02,5.86438354e-02,2.40841667e-02,-7.75862140e-02,-2.05859826e-02,5.10832252e-03,-2.77903253e-02
2.77529983e-02,6.23464794e-02,5.88982999e-02,-2.67013558e-02,6.14518312e-03,-1.35023961e-02,-3.77095357e-03,9.06743772e-02,2.99826791e-02,-7.81987650e-02,-2.11348981e-02,-1.99914779e-02,-2.36546640e-02
2.06844083e-02,8.41838483e-02,7.33799742e-02,-3.49385523e-02,-1.43453439e-02,-2.48447695e-02,-1.31038087e-02,1.05704347e-01,5.02988596e-02,-5.74365986e-02,3.69075932e-04,-1.52206620e-02,-4.02365716e-02
-4.56387115e-03,8.52494526e-02,8.27658134e-02,3.70917633e-04,-2.78388067e-02,-4.96235694e-02,-2.37044753e-02,7.08366204e-02,5.16832049e-02,-2.00154569e-02,9.80640232e-04,-2.74361188e-02,-1.58405346e-02
-6.05446735e-02,5.08555230e-02,7.51397792e-02,-1.98513438e-02,-3.28609600e-02,-2.43094277e-02,-2.19402720e-02,4.24604865e-02,3.13653227e-02,-6.53476307e-03,9.65440393e-03,-3.93199587e-03,1.50491293e-02
-5.57753444e-02,-5.78858316e-03,5.88087230e-02,-2.80682589e-02,-2.73538693e-02,-2.09401436e-02,2.99059854e-03,-2.58823261e-02,7.54875811e-03,2.09727245e-02,2.05753183e-02,-1.65296555e-03,3.98292946e-02
-5.17977984e-02,-2.84813820e-02,2.61812944e-02,-1.25872634e-02,-1.31698811e-02,-2.11801727e-02,-1.70893450e-02,-3.17722239e-02,1.73903429e-02,6.52019710e-02,4.17507817e-02,-2.54946020e-02,7.02308862e-03
-6.60639682e-02,-3.92802533e-02,4.09022110e-02,4.17336944e-03,-1.52480751e-02,-1.22349467e-02,-9.29439199e-04,-6.11494859e-02,-6.58302920e-03,7.19462248e-02,4.06340554e-02,9.90905002e-04,2.65566000e-02
-1.47192415e-02,-2.57668490e-02,-9.89866987e-04,4.29241238e-02,-2.21321540e-03,-4.76627800e-03,-1.43057296e-03,-9.62092387e-02,-1.90312998e-02,9.79605311e-02,5.62782833e-02,3.67436213e-02,4.96537735e-04
5.63205565e-04,-1.62211510e-02,-2.19822861e-02,4.56206712e-02,3.68114694e-04,1.50226541e-02,-1.18943715e-02,-7.72760491e-02,-1.43246301e-02,1.03707997e-01,4.35085562e-02,3.47118211e-02,-6.26410247e-03
1.91629270e-02,3.33099502e-02,-1.05650309e-03,1.70196843e-02,-2.06967418e-03,2.85430632e-02,-1.12993120e-02,-5.05615671e-02,-3.15554713e-02,6.44493074e-02,2.25839676e-02,4.11009027e-02,1.20478435e-03
6.35628164e-03,7.73012945e-03,-2.34839849e-02,-1.35683502e-02,-1.61077238e-02,3.84419866e-02,-1.78665095e-02,-4.24643650e-02,-4.97868331e-02,3.71081078e-02,2.08351500e-02,8.99485165e-03,-3.50515371e-02
1.67422228e-02,1.14905473e-02,-7.64264307e-02,-1.71316740e-02,3.54750666e-03,9.31753085e-03,-2.41348938e-02,-1.76366615e-02,-5.28928225e-02,1.24238488e-02,2.42953904e-02,-1.66705282e-03,-2.90833044e-02
2.99409416e-03,9.33413124e-03,-8.59370220e-02,-4.81363832e-02,-1.48714369e-02,2.43251559e-02,-2.09356679e-02,5.73053043e-03,-3.30087006e-02,-2.31390612e-03,8.04213197e-03,-1.01555570e-02,-2.69139615e-02
2.77620999e-02,-1.12915139e-03,-6.66545397e-02,-5.73458138e-02,-3.13557438e-02,2.42041519e-02,5.17500816e-03,-9.97350736e-03,-5.24925958e-02,-3.34958149e-02,6.98096952e-03,-2.96417926e-02,3.53716814e-03
6.62994596e-02,2.37526415e-02,-4.63716622e-02,-5.80904107e-02,-1.76505452e-02,2.58446241e-02,-5.61154654e-03,6.79410285e-03,-2.24235165e-02,-3.89925679e-02,3.84804889e-03,-7.24534494e-02,5.08751283e-03
4.30283337e-02,2.10065704e-02,2.11499238e-02,-5.54078583e-02,-3.04515199e-02,4.08386869e-02,-1.34385473e-02,1.46660201e-02,-6.63592361e-03,-3.70460174e-02,-7.10815401e-03,-6.74393634e-02,3.50300529e-02
5.27913329e-03,-1.25077963e-02,1.15154150e-02,-1.96105516e-02,-7.28010617e-03,3.51995740e-02,-1.33075644e-02,1.58155125e-02,2.03529433e-02,1.13336530e-03,1.87802630e-02,-2.38299162e-02,4.76032676e-02
-1.84094548e-02,-3.09548093e-02,1.37176164e-02,1.02596022e-02,-1.90653835e-02,-8.36788239e-03,-6.59535281e-02,2.48981394e-02,4.40325914e-02,4.64545985e-02,4.48335279e-02,-1.97052018e-02,4.74890493e-02
-9.85038271e-03,1.89549169e-02,-4.47101875e-03,-5.22499511e-03,6.08184803e-03,-3.31648387e-03,-7.62876487e-02,1.10232296e-03,3.82358290e-02,1.17392153e-02,2.96642349e-02,3.38688844e-03,4.94059122e-02
-4.81027909e-02,-2.30489272e-02,-2.65961226e-02,-1.38626006e-02,-5.90953639e-03,-2.09832227e-02,-6.88796557e-02,-3.90405866e-02,8.38972631e-03,-1.03028423e-02,3.64458391e-02,3.58633644e-02,1.03173179e-02
-4.19034916e-02,-4.48394274e-02,-5.80712862e-02,-1.17713709e-02,7.05696378e-03,-1.58359145e-02,-4.24011922e-02,-5.39765087e-02,-7.92389915e-03,-3.14450358e-02,4.26642553e-02,7.60622759e-02,3.94985162e-03
-3.85556090e-02,-5.61595744e-02,-7.69328672e-02,1.32832654e-02,2.53969518e-02,1.89279831e-02,2.14217778e-02,-2.16525064e-02,1.64369859e-03,-6.23485728e-02,1.89765323e-02,8.63682252e-02,-1.23116235e-02
-3.64734231e-02,-4.81139021e-02,-7.94471972e-02,2.34418780e-02,-9.79846076e-03,3.80690620e-03,4.81703470e-02,-1.17731086e-02,3.24059269e-03,-8.35010676e-02,1.08755002e-02,9.85700831e-02,-1.50445915e-02
-2.32100105e-02,-4.35730031e-02,-1.08847590e-01,7.79829618e-03,-5.28506074e-02,-3.69431588e-02,6.19556513e-02,-2.72709680e-02,-1.91689781e-02,-1.14082208e-01,-2.83258609e-02,5.87325092e-02,-1.71148451e-02
-9.15351448e-03,-3.72122820e-02,-8.79916037e-02,2.92186014e-02,-5.41988613e-02,-8.93345057e-03,9.48822583e-02,-2.54487322e-02,-3.24968157e-02,-8.69524236e-02,-3.75579587e-02,5.10580641e-02,1.98644044e-03
-5.88605515e-03,-4.50225453e-02,-6.30238553e-02,1.46666424e-02,-6.94920286e-02,-3.85134441e-02,9.07941730e-02,-5.33568838e-03,-3.36695961e-02,-5.59644040e-02,-4.02294760e-02,4.25677567e-02,1.42098506e-02
-2.54264536e-02,-6.02270935e-02,-4.89379301e-02,4.06940436e-02,-8.55629377e-02,-9.42349498e-02,3.19845149e-02,2.37362807e-02,-3.48507120e-02,-1.03052856e-02,-1.21405729e-02,1.99535080e-02,1.99247752e-02
-1.29736844e-02,-3.14708058e-02,-3.57490721e-02,4.59049209e-02,-6.41369263e-02,-7.71562991e-02,1.34995793e-02,1.96940503e-02,-4.99772955e-02,2.66925250e-02,-9.87373282e-03,3.66193565e-03,3.20671389e-02
1.11085312e-02,-1.58645306e-02,1.28690677e-03,4.96769557e-02,-4.23977843e-02,-9.23762913e-02,-1.57279747e-02,2.27607491e-02,-4.93990362e-02,5.36560087e-02,7.72424074e-03,1.63890620e-02,1.31733864e-02
3.32220607e-02,-1.96616745e-02,5.42291046e-02,4.87875386e-02,-1.78711903e-02,-5.64522829e-02,-3.70505207e-02,1.22355761e-03,-3.86805364e-02,6.09231909e-02,-8.14213131e-03,1.76852277e-03,4.25448954e-03
3.64404469e-02,-2.74362820e-02,7.93437568e-02,4.41350618e-02,-5.16213722e-03,-5.04863477e-03,3.78128631e-03,5.83097323e-02,-6.73313984e-03,5.35230961e-02,-9.56562397e-03,4.83311202e-03,2.49685043e-02
3.74062974e-02,-5.92184441e-03,8.55209331e-02,4.22995069e-02,2.26378565e-02,1.08882400e-02,-2.02979704e-02,6.85829921e-02,1.50290201e-03,3.80776213e-02,1.77744705e-02,7.29477726e-03,1.83485253e-02
1.11016351e-02,-2.79464054e-02,5.90592237e-02,-2.75824460e-03,6.27023936e-03,7.77967166e-03,-1.84777822e-02,5.29843168e-02,-3.83735529e-02,5.41293423e-03,-9.56254194e-03,-4.81839064e-03,7.54937647e-03
-1.57925799e-02,-3.14900811e-02,1.04412857e-02,-2.41004970e-02,2.63909823e-02,-1.02457033e-02,-1.20601364e-02,4.32259724e-02,-3.14462694e-02,1.69785148e-03,7.46310777e-03,1.33714671e-02,2.97672542e-02
-1.82522166e-02,-2.90104656e-02,-1.56485161e-02,-5.06064507e-02,2.38880810e-02,-1.12588976e-02,2.32743248e-03,3.42856833e-02,-1.58519517e-02,-1.68613060e-02,-1.11217788e-02,-1.75164297e-04,1.18430018e-02
-2.17438763e-03,2.33177612e-03,-4.36983286e-02,-5.67632551e-02,6.74142943e-03,-3.10883410e-02,2.71329444e-02,1.77872393e-02,-1.30692793e-02,-5.48047629e-02,-2.13180725e-02,6.52527914e-03,1.16087054e-02
6.74007947e-03,4.30487014e-02,-4.78402704e-02,-4.69213213e-02,5.47056041e-03,-2.44454552e-02,2.46693705e-02,-2.75217436e-02,-2.98854808e-02,-6.27893740e-02,-1.98111857e-02,1.40669500e-02,-6.79342189e-03
1.54908637e-02,5.33266532e-02,-6.29319076e-02,-5.89957185e-02,-1.33818941e-02,7.27761385e-04,4.38324874e-02,-4.62365948e-02,-1.97208721e-02,-4.05083864e-02,-1.06199166e-02,8.02382900e-03,-1.59689682e-02
1.73051085e-02,1.25530082e-02,-6.94681070e-02,-6.90863429e-02,-4.51416144e-02,2.06803238e-02,3.33450451e-02,-8.17602580e-02,-2.75605284e-02,-1.87162493e-02,-1.03266953e-02,-1.21208545e-02,-3.05721957e-02
9.84941607e-03,1.00980830e-02,-4.85864857e-02,-6.67482654e-02,-5.90056352e-02,5.71692504e-02,7.19549401e-02,-4.72602988e-02,-2.94134075e-03,-2.93587509e-03,-1.75252905e-03,3.17252535e-03,-9.15761555e-03
2.02840722e-02,1.52721789e-02,-4.63686365e-02,-5.32449394e-02,-4.19123736e-02,9.42761794e-02,8.56119508e-02,-3.78697648e-02,8.01287717e-03,3.06707737e-02,3.02676818e-02,-4.99463611e-03,2.04579890e-02
1.51971511e-02,5.74543214e-03,-2.29628797e-02,-5.09394803e-02,-2.92708539e-02,1.05390339e-01,6.61450056e-02,-3.90775997e-02,-2.57682613e-02,5.45224036e-02,4.12612878e-02,-3.10347952e-02,1.31797128e-02
-5.57017440e-03,1.22450698e-02,-1.89781607e-02,-6.56529401e-02,-1.56764377e-02,8.73952900e-02,4.03369069e-02,-2.92852114e-02,-2.21846205e-02,4.26820716e-02,3.68653940e-02,-3.15108895e-02,4.24714735e-02
2.53731822e-02,3.40553723e-02,1.12680205e-02,-1.33656138e-02,2.10606974e-02,6.03028755e-02,7.50584336e-03,-3.01757733e-02,-3.55222441e-02,2.79975879e-02,2.87188466e-02,-3.71043796e-02,5.42652673e-02
1.81651283e-02,7.74901848e-02,2.65314400e-02,3.80424471e-03,4.27204062e-02,3.40962277e-02,-8.13654789e-03,-3.20804821e-02,-3.36304841e-02,1.22726963e-02,8.93412886e-04,-1.47773410e-02,5.84392515e-02
6.15248900e-03,1.11179484e-01,5.76008854e-02,5.35154668e-02,2.82382001e-02,1.02173206e-02,-6.02802675e-02,-6.23684396e-02,-3.62066662e-02,-1.86199073e-02,-3.61616735e-02,-2.62734141e-02,1.58711604e-02
7.28648550e-03,1.06774960e-01,4.38669050e-02,8.55695851e-02,-8.60151108e-03,1.97633783e-02,-5.53422813e-02,-7.16146360e-02,-1.73384198e-03,-3.04326081e-02,-6.53492615e-02,-6.60748303e-02,-6.78859010e-03
5.89332498e-03,5.35674473e-02,8.53528991e-03,9.62349081e-02,-4.99242712e-02,7.72685678e-03,-7.91616368e-02,-7.64825493e-02,-1.88454786e-02,-4.92963934e-02,-8.30636833e-02,-8.20969860e-02,-3.70167480e-02
2.63637183e-02,5.95094110e-02,2.34876063e-02,1.19288164e-01,-6.09277395e-02,-2.89242908e-03,-6.26192286e-02,-4.19140755e-02,-2.14701099e-02,-7.89317155e-02,-8.80114844e-02,-4.67671902e-02,-6.67988455e-02
2.81323779e-02,1.72313431e-02,-3.70167616e-03,1.02972027e-01,-7.02799618e-02,2.00053649e-02,6.36107741e-03,1.01665500e-02,3.78809080e-04,-6.23577548e-02,-7.31709144e-02,-1.44996516e-02,-5.37879179e-02
3.57047183e-03,-3.44649816e-02,-3.99878717e-02,7.96754677e-02,-3.02308627e-02,2.70843344e-02,1.37862056e-02,5.18274850e-02,5.72229054e-03,-3.80461305e-02,-3.16249100e-02,-2.18764778e-02,-8.52904346e-02
-2.62194992e-02,-7.74031157e-02,-7.70238856e-02,2.43392224e-02,3.61809843e-03,4.98502372e-02,2.28591401e-02,8.32609432e-02,3.46701022e-02,-4.25999945e-02,-2.68508163e-02,-1.60167711e-02,-6.75117520e-02
-2.17627515e-02,-1.00285601e-01,-8.03879736e-02,8.76323250e-03,2.91353119e-02,2.05106140e-02,3.46116838e-02,1.11028337e-01,4.32914869e-02,-4.19598154e-02,6.20916271e-03,6.18861214e-03,-4.26442130e-02
-2.03901067e-02,-9.07900409e-02,-7.26715858e-02,-2.13619115e-02,7.17441277e-02,7.22322252e-03,3.33042502e-02,1.05935861e-01,4.18907544e-02,-2.74283106e-02,1.17566426e-02,5.53372846e-02,-4.07999947e-02
-5.58705038e-02,-1.07178104e-01,-5.05708909e-02,-3.56018320e-02,6.73934619e-02,1.21209968e-02,3.91798699e-02,9.44147969e-02,3.91263430e-02,-2.68391788e-02,1.01858000e-02,7.67454897e-02,-5.31724607e-02
-4.76284566e-02,-7.62834698e-02,-1.28082758e-02,-2.43688168e-02,3.75180386e-02,-1.70043436e-03,4.28028185e-02,5.55872217e-02,4.49932646e-02,-1.73102771e-02,2.11821259e-02,4.28896361e-02,-6.10048004e-02
-4.14804139e-02,-6.20685604e-02,-6.19996993e-03,-1.65970344e-02,3.65317518e-03,-2.82971208e-02,1.20962680e-02,6.08237376e-05,3.04387432e-02,-4.34426351e-02,6.30473664e-03,9.83141405e-03,-5.35289181e-02
-5.17774294e-02,-4.39570536e-02,7.76254184e-03,-2.03140393e-02,-4.26062561e-02,-6.22599004e-02,-1.01884476e-02,-4.10997345e-02,2.75105384e-02,-3.15564539e-02,7.53491090e-03,9.98089370e-04,-4.64365264e-02
-3.36176764e-02,-3.92634399e-02,3.46894628e-02,-2.63767762e-02,-7.55863874e-02,-7.20893872e-02,1.08852232e-02,-5.77695638e-02,8.95519106e-04,-2.25107192e-02,2.55094207e-03,4.69760622e-03,-3.14391550e-02
-1.31998158e-02,-2.31482720e-02,3.54083446e-02,-1.42609063e-02,-6.04608154e-02,-5.74588974e-02,1.08121301e-02,-6.35999320e-02,-1.12547276e-02,-1.17316458e-02,9.59998264e-03,-1.76561999e-02,-3.64464155e-02
-2.17799845e-02,2.22457349e-03,3.86865545e-02,-8.80182014e-04,-4.43371470e-02,-1.34369733e-02,3.76036959e-03,-6.76636490e-02,-2.57650266e-02,-1.38787762e-02,3.70962247e-02,-2.80484373e-02,-1.99563608e-02
-6.69330838e-02,-1.47839405e-02,5.31794173e-03,-1.45537834e-02,-4.87946760e-02,1.90145756e-03,1.37843371e-02,-3.34905133e-02,-7.13419499e-03,-2.20650111e-03,4.36839156e-02,-3.42765579e-02,2.43520229e-02
-6.86576798e-02,-2.78895405e-02,-1.83238911e-03,-6.33890015e-04,-3.83511906e-02,1.45017264e-02,6.01799437e-03,-1.58185176e-02,-2.22653635e-02,-2.17715980e-03,1.66768888e-02,-5.06816473e-02,2.57119061e-02
-4.62920834e-02,-6.48821083e-02,-2.12173419e-02,-5.23474089e-03,-2.68286007e-02,3.26122533e-02,1.02816885e-02,1.67770473e-03,-3.24942953e-02,5.11116852e-03,-4.36317928e-04,-3.86945681e-02,2.84911207e-02
3.03082788e-03,-2.91877795e-02,3.76055144e-04,1.63825301e-02,-1.22123406e-02,2.03924093e-02,1.32677202e-02,-1.01458175e-02,-5.62554820e-02,1.51935710e-03,-2.57794846e-03,-3.75854167e-02,1.14427861e-02
2.70816722e-02,2.26832767e-02,-5.47169472e-04,1.81110884e-02,-2.93423845e-02,-1.35879039e-02,8.36900671e-03,-1.96704600e-02,-6.86375227e-02,-5.38010287e-02,-2.68258264e-02,-3.45150189e-02,9.72544060e-04
1.36503664e-02,1.02566736e-04,-3.67647334e-02,7.73485968e-03,-2.61188977e-02,-2.58839317e-02,2.61877786e-04,-3.87493205e-02,-4.10306809e-02,-3.87756125e-02,-2.21756158e-02,-2.94348272e-02,-1.05945878e-02
3.39928096e-02,-6.66282237e-03,-4.89793902e-02,-8.04169548e-03,-1.12940393e-03,-5.11638981e-02,-3.01723790e-02,-3.30202424e-02,-2.95138337e-02,-1.29528885e-02,-6.93638176e-03,-6.80196734e-03,-2.54000810e-02
6.66443607e-02,1.48659935e-02,-1.80972006e-02,-1.86435305e-02,2.33883288e-02,-5.47623417e-02,-2.71719828e-02,-1.74842037e-02,-2.83305421e-02,1.37939443e-02,-2.90074509e-03,1.59829812e-03,-2.50593733e-02
5.92931255e-02,7.10823655e-02,1.86147105e-02,1.70299352e-03,4.24206794e-02,-4.03214836e-02,-4.21415558e-02,-3.64192176e-02,-6.06822257e-02,3.11980564e-02,2.03684791e-02,8.49776781e-03,-8.78223689e-03
5.07520590e-02,8.87370222e-02,-3.73709859e-03,2.07895170e-02,1.78654233e-02,-5.24805321e-02,-4.37892798e-02,-1.57364479e-02,-4.07321669e-02,5.78354603e-02,3.78583475e-02,1.42816468e-02,2.24662866e-02
-4.23787780e-02,6.22889028e-02,1.53666387e-02,5.45437430e-02,1.37922800e-02,-4.08540192e-02,-5.48135330e-02,-1.55456271e-02,-5.07173147e-02,4.55557125e-02,2.62250466e-02,-5.78812651e-04,3.44636009e-02
-3.94598477e-02,5.80071124e-02,3.74698051e-02,4.37372626e-02,1.45293577e-02,-6.05445928e-02,-8.35936676e-02,1.34410986e-03,-5.86312766e-02,5.91299603e-02,2.95168337e-03,-2.16516776e-02,5.54849212e-02
-1.65542381e-02,5.84069896e-02,5.42002685e-02,5.70048563e-02,3.23783029e-02,-5.23582687e-02,-8.09650073e-02,8.46159023e-03,-6.40607989e-02,6.31138121e-02,-8.83116148e-03,-4.38640031e-02,5.22761360e-02
-6.22708612e-02,1.86734532e-02,3.34273312e-02,1.89047499e-02,-5.07487355e-04,-5.93900262e-02,-6.36966259e-02,3.94964234e-02,-5.28918705e-02,3.83138035e-02,-1.94920337e-02,-4.79845716e-02,6.03576308e-02
-6.42855945e-02,-1.02118220e-02,1.83594044e-02,1.11303509e-02,-2.35089654e-02,-5.09781692e-02,-5.41693659e-02,4.68552640e-02,-3.02409695e-02,-5.51510485e-03,-3.21958332e-02,-5.93781190e-02,2.77757458e-02
-3.78383448e-02,-3.20071314e-02,-1.79348975e-02,-7.07571434e-03,-1.34634764e-02,-6.87367095e-02,-7.85968819e-02,3.23268719e-02,-3.53485010e-03,-1.93820597e-02,-3.60650074e-02,-5.26809220e-02,-1.38142805e-02
2.49879709e-02,-3.70652723e-02,-1.31093855e-02,-1.51844080e-02,4.23398222e-03,-5.42255423e-02,-5.03621967e-02,3.27050636e-02,9.86724601e-03,-1.73706946e-02,-3.02048097e-02,-5.05055899e-02,-2.64244777e-02
4.92177249e-02,-2.46607483e-02,2.16938023e-03,-2.67853738e-03,2.20845560e-02,-4.80930319e-02,-6.79419046e-02,-1.45905895e-02,1.15140110e-02,-5.37381558e-03,-1.78965410e-02,-2.91296751e-02,-1.89686401e-02
5.13326967e-02,-5.91160486e-02,-4.98375604e-02,4.55536426e-03,1.12662852e-02,-2.95813165e-02,-3.44085609e-02,-1.89997438e-02,5.57005580e-02,1.84606744e-02,-6.24337577e-03,7.30973168e-04,-1.67879646e-02
3.48587247e-02,-5.32749489e-02,-2.64060849e-02,5.91596019e-02,1.68489714e-02,-4.74197909e-03,-2.37479601e-02,-5.67864700e-02,6.09009930e-02,1.63453285e-02,-1.51252851e-02,-1.56450876e-03,-8.95441095e-03
4.91074667e-02,-2.32804479e-02,3.32367829e-04,6.91538799e-02,2.14074769e-02,-2.10841546e-03,-2.51840453e-02,-6.84341636e-02,5.94716747e-02,2.69480632e-02,-3.73517223e-02,-8.68206540e-03,5.71226917e-03
1.24016722e-02,-4.19810313e-02,-4.36396945e-02,5.60151279e-02,1.06127744e-02,9.99414241e-03,-2.56632360e-02,-8.79444862e-02,4.99111639e-02,4.82217768e-02,-4.51481785e-02,-6.16025716e-03,3.15668789e-02
-3.83090139e-02,-6.77176970e-02,-6.32367423e-02,3.18220687e-02,1.31945566e-02,4.78988713e-02,-1.08828943e-02,-6.62919397e-02,7.20587158e-02,7.58010617e-02,-2.99645609e-02,-1.06646101e-02,4.05385182e-02
-2.10256870e-02,-3.97425648e-02,-3.76175463e-02,2.03175201e-02,6.04375050e-03,7.54580010e-02,4.06646222e-03,-3.94699145e-02,7.56004158e-02,3.56685482e-02,-4.31149126e-02,-7.85632787e-03,2.54252309e-02
-1.25478602e-03,-2.10155598e-02,-1.24275198e-02,4.10692943e-03,1.45111986e-02,6.18996272e-02,-5.01370128e-05,-4.29068157e-02,5.52871629e-02,4.62861059e-03,-6.01965435e-02,5.47727995e-03,-1.46035165e-03
2.78578013e-02,-2.36976179e-02,-2.26826404e-02,-2.72922392e-02,2.42482717e-02,3.81626961e-02,2.10691946e-03,-4.12717355e-02,1.97893482e-02,-2.67020098e-02,-5.04866874e-02,5.92261078e-03,6.22640678e-04
2.89103710e-02,-2.49117014e-02,-1.64873365e-02,-5.22911057e-02,1.10659956e-02,-2.70551452e-03,-4.81329102e-02,-4.07577381e-02,1.88148991e-02,-4.48346110e-02,-1.68665874e-02,3.34409338e-02,-7.06799104e-03
-1.37238311e-02,-5.05137172e-02,-2.48114739e-02,-8.34120160e-02,1.11711168e-02,-7.92628687e-03,-2.78712053e-02,3.95903792e-03,4.81081063e-02,-6.40389587e-02,-4.24417269e-03,5.33619665e-02,-1.59184018e-02
-2.74305384e-02,-3.46692528e-02,1.12350282e-02,-7.19063139e-02,2.87206220e-02,-7.14891923e-03,-4.77688516e-03,2.89069516e-02,5.34059594e-02,-6.88516300e-02,1.14746536e-02,2.84125852e-02,-3.91869648e-02
3.27951326e-04,-3.45876018e-03,4.11460090e-02,-7.95207425e-02,5.32700063e-02,6.15037193e-03,1.79159599e-02,5.26607699e-02,5.77154652e-02,-5.63561681e-02,4.17097706e-02,1.98201944e-02,-4.17522073e-02
-2.36530423e-02,1.98989847e-03,2.68216293e-02,-9.76125994e-02,4.64696974e-02,-8.50314323e-03,1.30484327e-02,4.04552604e-02,4.08174904e-02,-3.94222338e-02,4.66464004e-02,1.68221673e-02,1.45198376e-02
-2.51500044e-02,2.90111741e-02,3.66574031e-02,-8.84752951e-02,4.34719899e-02,-2.11080239e-02,2.77983138e-03,3.77273351e-02,5.12466880e-02,-5.32390679e-03,4.83901936e-02,-2.34944368e-02,2.16103447e-02
1.86415423e-02,7.17050813e-02,7.90439482e-02,-3.16329066e-02,5.55010505e-02,1.19659575e-03,-8.75012980e-03,1.90545970e-02,5.27572006e-02,4.18253749e-03,3.97324956e-02,-4.11990015e-02,1.75762711e-02
6.16377535e-02,9.74546354e-02,1.16618656e-01,6.21002321e-03,5.98700706e-02,1.32159901e-02,1.54891282e-03,1.29150510e-02,5.64717180e-02,1.66237519e-02,1.56488358e-02,-5.22354374e-02,-5.99759160e-04
4.25851461e-02,8.08256968e-02,1.24386377e-01,3.04559101e-02,7.48609270e-02,1.37482529e-02,-2.23398500e-03,-2.62568277e-02,2.78888696e-02,3.30859380e-02,2.48699777e-02,-1.58787896e-02,5.88801268e-03
8.69337770e-03,8.04827300e-02,9.09830178e-02,-3.52328620e-03,-2.23949361e-02,-2.00380421e-02,-3.36252932e-02,-3.99448733e-02,-3.51674558e-02,4.97734137e-02,1.97470993e-02,-1.75070275e-02,9.41925853e-03
-5.90217130e-02,9.12438628e-02,1.09702231e-01,-2.71320371e-03,-1.01160687e-01,-5.53844931e-02,-5.95430656e-02,-2.67872077e-02,-6.24649194e-02,6.17424176e-02,1.07448310e-02,3.80446223e-03,2.23229877e-02
-1.33816559e-01,5.21010864e-02,1.01635970e-01,-1.35449258e-02,-1.50279126e-01,-4.99635345e-02,-5.00414039e-02,2.57508448e-03,-7.38081045e-02,9.38755339e-02,2.86686804e-02,1.03066114e-02,3.37168324e-03
-1.39998246e-01,3.44363794e-02,9.84265217e-02,-1.49241825e-02,-1.72673857e-01,-5.12474645e-02,-7.43328744e-02,3.10768862e-03,-9.73374379e-02,1.09128867e-01,4.51401491e-02,2.39789594e-02,-2.09460774e-03
-9.84041722e-02,3.95760023e-02,8.19454003e-02,-3.24886531e-02,-1.69656046e-01,-3.22251246e-02,-4.75544605e-02,1.76958226e-03,-1.19807280e-01,9.90698939e-02,3.87734128e-02,5.64995543e-02,2.81295532e-02
-8.07243081e-02,1.59607637e-02,4.15663268e-02,-6.88867526e-02,-1.61148687e-01,-2.95352967e-02,-2.58834574e-02,1.28629184e-02,-1.20836939e-01,7.23156712e-02,3.59281002e-02,5.80100243e-02,5.79211372e-02
-1.09249026e-02,2.37154188e-02,4.56494498e-02,-4.72320385e-02,-1.33394737e-01,-2.38729046e-02,-3.26283373e-02,4.18245201e-03,-9.37332248e-02,4.61911624e-02,3.38531325e-02,2.41393011e-02,5.91499815e-02
7.58475206e-02,9.88260205e-03,2.16954063e-02,-4.43833370e-02,-7.70734340e-02,-1.00642303e-02,-6.11220746e-03,1.18640153e-02,-5.39238577e-02,1.06458796e-02,1.86615008e-02,1.08488546e-02,5.31274209e-02
1.08049884e-01,-1.57605876e-02,1.89482708e-02,-2.20115620e-02,2.16396432e-02,1.95620979e-02,9.27014294e-03,-1.21426613e-02,-1.93685401e-02,-2.10977157e-02,1.20803702e-02,2.06357901e-02,4.06097718e-02
1.39187133e-01,-2.95379788e-02,-1.98937527e-02,-3.95085365e-02,2.27200433e-02,2.40632833e-02,3.07098617e-02,7.18175108e-03,-2.11092619e-02,-3.91247937e-02,4.71774796e-03,-5.52330651e-03,3.52933465e-02
1.21541558e-01,-3.77887471e-02,-3.10112847e-02,-3.49934648e-02,1.57991987e-02,1.25012071e-02,3.01540124e-02,1.60134509e-02,-3.18491780e-02,-4.58193947e-02,7.79164979e-05,-2.03089348e-02,3.31304648e-02
5.91494506e-02,-8.60816035e-02,-3.36711945e-02,-3.25743940e-02,1.80302807e-02,-3.81560196e-03,2.37037698e-02,3.75408099e-02,-1.41734663e-02,-7.44812726e-03,3.25037672e-02,-1.92646227e-02,1.07965157e-02
4.56603953e-02,-1.04464245e-01,-7.50977462e-03,-3.32935786e-02,-1.16929217e-03,-4.84346406e-02,-2.23039204e-02,1.86680104e-02,-2.77762505e-02,-1.30125649e-02,2.64716372e-02,-3.92108963e-02,-8.39588822e-03
5.87533839e-02,-1.07870196e-01,9.67140186e-03,-5.93850802e-03,1.12768492e-03,-3.59055124e-02,-1.24971208e-02,2.40726034e-02,-2.77558542e-02,1.60003554e-02,3.71250364e-02,-1.28726602e-02,-1.02127046e-02
2.78331752e-02,-1.06341054e-01,-2.43492017e-02,-1.95693698e-02,-4.96984365e-03,-4.09459939e-02,-1.03130818e-02,2.03288933e-02,-3.73988704e-02,1.21269051e-02,2.16293030e-02,-2.51467922e-03,-4.87502846e-03
3.47434242e-03,-7.32535451e-02,-2.68321482e-02,9.01447171e-05,-2.44288075e-02,-3.54159220e-02,-1.60839769e-02,8.32480860e-03,-1.22203234e-02,4.01100381e-02,2.22731279e-02,5.34349381e-03,1.38142871e-02
-2.94978004e-04,-2.98185282e-02,-5.26233334e-02,-9.91183526e-04,-3.23928576e-02,-5.08240650e-02,-3.35661375e-02,-1.94013758e-03,-5.01166809e-03,3.25990637e-02,4.97873736e-03,-2.64243954e-03,1.14306909e-02
-1.86368068e-02,2.83361535e-02,-5.18729689e-02,1.21177382e-02,-5.17979678e-03,-3.84932160e-02,-4.25703778e-02,-4.04613518e-02,-9.57994997e-03,1.74911334e-02,-2.47135164e-03,-9.32983461e-04,1.87843145e-02
-7.82888044e-03,7.43067059e-02,-6.84224674e-02,3.78796926e-03,4.57118753e-03,-3.45232353e-02,-8.42676010e-03,-5.31795922e-04,-3.82247637e-03,1.07064002e-02,-1.17609012e-02,-2.18601869e-02,2.42816951e-02
-1.65054879e-02,1.00798523e-01,-7.36982290e-02,1.02259711e-02,-1.41551358e-03,-1.76201559e-02,-7.90205493e-03,-5.33725352e-03,-2.54515923e-02,-1.20371594e-02,-2.22039133e-02,-2.42687767e-02,3.36569508e-02
-9.99064646e-03,1.07480477e-01,-7.73054023e-02,6.95214746e-03,6.69374571e-03,-6.46096379e-03,1.46482357e-02,-4.57416009e-03,-6.63287666e-03,-8.25971255e-03,-2.54982923e-02,-2.75671149e-02,2.39320330e-02
-3.04777353e-02,7.35331391e-02,-7.57848015e-02,-1.04231217e-02,-9.42696946e-03,-3.92981262e-02,6.63528535e-03,-3.96207306e-02,-1.94352697e-02,-3.61936379e-02,-3.97319616e-02,-1.98836036e-02,2.17250063e-02
-6.35388340e-03,6.07022222e-02,-3.85352542e-02,-3.99368569e-03,-1.25015951e-02,-9.23738577e-03,3.57538018e-02,-1.31173470e-03,2.11499945e-02,-2.63461435e-02,-3.96008745e-02,-1.64241881e-02,1.93584880e-02
4.33922558e-03,7.36773619e-02,9.55604550e-03,-6.33778398e-03,-2.24577840e-02,-2.24295082e-02,3.57215145e-02,-2.81590731e-02,2.20474210e-03,-4.88834447e-02,-5.97924771e-02,-2.05936752e-02,2.10196452e-02
9.03805964e-03,3.42184381e-02,2.03086490e-02,-1.18525797e-02,-1.44157031e-02,1.98168107e-02,6.07268799e-02,-2.60993737e-02,1.41423538e-02,-6.55723159e-03,-2.27943508e-02,1.15055453e-02,9.92117715e-03
7.90967154e-03,-1.00709787e-02,2.18788645e-03,-2.26798357e-02,8.22632286e-04,5.01276395e-02,3.97604397e-02,-5.15828772e-03,4.31087047e-02,2.58564929e-03,-1.21498860e-02,8.42800192e-04,-4.53575584e-03
-3.86104543e-02,-7.00474203e-02,-2.60971537e-02,-2.99455647e-02,-5.13823855e-03,6.20864076e-02,5.54249770e-02,-1.99483188e-02,3.35865314e-02,1.92451308e-02,9.14295399e-03,2.81914610e-02,-6.85772117e-03
-3.08125351e-02,-5.92129338e-02,-1.40834449e-02,-1.88651117e-02,2.37491296e-02,6.57718882e-02,5.54543705e-02,8.32419423e-03,2.37638424e-02,4.11962159e-02,2.02236184e-02,4.42590218e-02,-4.53255961e-02
-4.77164982e-02,-5.81838389e-02,-1.28255034e-02,-1.69423912e-02,2.68496965e-02,9.76281442e-02,2.58562524e-02,-9.17797946e-03,-1.54527320e-02,7.54971429e-02,7.38845383e-02,7.19603984e-02,-4.08101241e-02
-4.53764481e-02,-5.65072081e-02,-2.89086465e-02,-4.17897531e-02,2.51289515e-03,9.91058388e-02,1.97769510e-02,-1.64217716e-02,-3.82677264e-02,6.78161698e-02,9.48154342e-02,5.47602329e-02,-5.54010982e-02
-5.98737981e-02,-5.14350553e-02,-4.28347999e-02,-1.83937621e-02,-3.82304744e-05,7.63797428e-02,1.77708680e-03,-2.61788667e-02,-5.11293392e-02,9.17254111e-02,1.38259946e-01,7.13020631e-02,-5.77345535e-02
-4.85243762e-02,-2.78029155e-02,-3.88145136e-02,2.88723119e-03,2.40503960e-03,7.50129646e-02,1.34426927e-02,2.30769410e-02,-2.07479284e-02,1.03234883e-01,1.44918513e-01,6.06741957e-02,-4.62213468e-02
-3.97539293e-02,2.27219839e-02,-1.71393100e-02,4.11523363e-03,-2.28312802e-02,2.06102953e-02,-1.55817288e-02,-4.37716779e-03,-7.00901771e-02,7.42771036e-02,1.19847791e-01,3.63006683e-02,-3.61608836e-02
-1.39292507e-02,3.12868960e-02,2.47675028e-02,3.10738161e-02,-8.21157146e-03,3.06617941e-02,1.43286737e-03,2.09325009e-02,-6.50066106e-02,6.16587517e-02,1.11896050e-01,-4.81600314e-04,-6.20434020e-02
4.62326582e-03,1.04691112e-02,1.84410450e-02,4.42850292e-03,-3.25826874e-02,1.58243854e-02,-3.10631608e-02,2.51636854e-02,-4.31063310e-02,3.03709245e-02,7.82859223e-02,-3.00570774e-02,-8.07573906e-02
-7.17025977e-03,-4.21988999e-02,-1.61492701e-02,-1.44606765e-02,-6.31562137e-02,-1.61287558e-02,-1.31255357e-02,2.17796581e-02,-1.97040256e-02,1.21442945e-02,4.67424235e-02,-3.44641744e-02,-6.67303613e-02
5.42216575e-03,-2.16023563e-02,1.38258186e-02,7.21720322e-03,-3.85578585e-02,-3.14207359e-02,-2.22306629e-02,2.29531642e-03,3.85725044e-03,-2.80401978e-02,6.34848908e-04,-1.47629855e-02,-5.56176013e-02
-4.42382808e-03,-3.35020609e-02,-2.24079379e-04,7.97661452e-03,-1.62009383e-02,-2.17328671e-02,-3.84755120e-02,-2.32675377e-02,2.47202816e-02,-9.83506827e-03,2.68480270e-03,1.19981965e-02,-2.15869169e-02
-3.23975303e-02,-6.12521087e-02,-4.99224412e-02,-2.23655224e-02,-3.77922039e-02,-5.73382853e-02,-7.00881372e-02,-6.83679178e-02,1.95641342e-02,-2.08555449e-02,-2.75958599e-03,3.55292435e-02,-2.63410339e-03
-8.99002984e-03,-5.16938857e-02,-5.98241303e-02,6.69625660e-04,-9.53449350e-03,-4.28959736e-02,-5.59079684e-02,-5.90976060e-02,4.76943034e-02,-6.68211714e-03,9.07615441e-03,5.98984025e-02,5.64033560e-03
5.13926629e-03,-3.20613152e-02,-4.20463195e-02,3.65880359e-02,4.39142225e-02,-1.84521232e-02,-2.86047174e-02,-4.14955280e-02,6.33541339e-02,-7.80081582e-03,2.34474139e-02,8.59734639e-02,2.69475447e-02
1.47827085e-02,-1.74669879e-02,-7.06304805e-02,1.94088737e-02,4.09202633e-02,-4.37029856e-02,-4.92335842e-02,-6.18416116e-02,2.27487215e-02,-8.15253306e-04,4.28357402e-02,9.79774279e-02,3.43038393e-02
4.33532449e-02,2.44990230e-03,-3.33116778e-02,5.42731287e-02,6.62235958e-02,-1.86927307e-02,-3.36769147e-02,-5.10949050e-02,8.79475625e-04,-9.50374238e-03,4.12164360e-02,6.57181066e-02,2.73467232e-02
5.15888191e-02,1.83955527e-02,-8.88058755e-03,4.15483983e-02,4.80211239e-02,-2.41307439e-02,-1.77550856e-02,-4.26249065e-02,-2.59733411e-02,-2.01358715e-02,2.59503789e-02,4.58829191e-02,-6.13669184e-03
8.35780853e-02,3.33123842e-02,4.60106235e-03,4.07430705e-02,3.35583790e-02,-1.04981776e-02,8.23640707e-03,-1.78078596e-02,-2.89204550e-02,-4.17779221e-02,1.13007893e-02,3.64515204e-02,-2.69161352e-02
7.13185465e-02,3.85218299e-02,2.55978796e-02,4.20546491e-02,3.85136690e-02,8.50931843e-04,2.47496133e-02,-2.49681191e-02,-5.32352956e-02,-6.62987821e-02,1.42735231e-02,1.36097386e-02,-3.36464228e-02
3.39088172e-02,1.59565634e-02,3.43714673e-02,1.97167744e-02,1.82233827e-02,-4.77004532e-03,1.30596364e-02,-6.14221774e-03,-3.51173260e-02,-4.94953865e-02,1.95447233e-02,-4.64124131e-03,-1.38589098e-02
-8.05402031e-03,-6.83052683e-03,1.15115693e-02,-2.71681037e-02,-1.15274879e-02,-2.67383136e-02,-1.37500924e-02,-2.76523440e-02,-4.29983764e-02,-3.84658304e-02,1.06175109e-02,-4.82971943e-03,-1.15385686e-02
-1.49505279e-02,-1.61654036e-02,5.81171694e-03,-3.56934059e-02,-2.25550005e-02,-2.46506244e-02,-2.51629686e-02,-1.26185487e-02,-2.11723840e-02,-1.45740842e-02,7.78972113e-03,-2.20920106e-02,-4.60370588e-03
-5.88975315e-02,-2.30794108e-02,-6.60126703e-03,-5.19463299e-02,-1.41948805e-02,-2.26150414e-02,-2.90010144e-02,-6.35534447e-03,-8.70644707e-03,-3.01252714e-03,7.66729007e-03,2.86910104e-03,-4.86385421e-03
-6.02946703e-02,-1.48347863e-02,-2.22814435e-02,-4.79376049e-02,1.57982416e-02,-3.42065400e-03,-3.60048998e-02,3.00728492e-02,7.36298977e-03,-2.69830289e-03,1.14137186e-02,1.18289222e-02,-1.24316789e-02
-4.32093051e-02,-1.68617239e-02,6.06676920e-03,-5.31651557e-02,-1.75501424e-02,2.93050801e-02,-1.33844322e-02,2.26256026e-02,2.93740960e-02,2.71905187e-03,-2.24808627e-02,-1.13097340e-02,-2.05439037e-02
-5.04651049e-02,-1.21968200e-02,8.03093229e-02,-4.13033755e-02,-6.52931618e-03,4.64805653e-02,1.87534004e-02,2.63517395e-02,3.74596908e-02,4.00226573e-02,-3.46156052e-02,-1.60710644e-02,-6.71837875e-03
5.38621743e-03,-9.29017690e-03,1.35488835e-01,-4.32695978e-03,-6.79201718e-03,7.65391039e-02,3.53812544e-02,3.37217485e-02,2.80970005e-02,4.20170942e-02,-1.06927284e-02,1.37085867e-02,4.75116605e-04
-5.84467829e-03,-1.88362405e-02,1.73629848e-01,3.61679923e-02,-2.56791534e-04,7.11543631e-02,6.13109347e-02,2.21964261e-02,2.64225342e-02,3.33197174e-02,-7.54790875e-03,3.37779725e-03,-1.64311950e-02
-1.40446889e-02,-2.85507077e-02,1.95269852e-01,3.69092597e-02,-1.00253436e-02,4.82359831e-02,5.77886572e-02,2.35298727e-02,4.77634702e-02,5.28789894e-02,2.02525877e-02,5.94323537e-03,-1.23314055e-02
-8.49880890e-03,-4.94316398e-02,1.70094718e-01,1.56905429e-02,-1.65776940e-02,4.70966657e-02,6.66999014e-02,1.99442278e-02,5.09151449e-02,5.98831528e-02,4.29461967e-02,8.66273085e-03,2.13438729e-03
-3.14425261e-02,-7.65438538e-02,1.22780082e-01,-4.51903279e-03,-4.64916187e-02,3.55077093e-02,5.23389727e-02,2.58892988e-02,5.14586475e-02,6.98327467e-02,6.01435183e-02,-1.64184660e-02,1.77410109e-02
-8.74727157e-02,-8.68652012e-02,4.72466090e-02,-3.49584169e-02,-7.58553474e-02,-3.46798134e-02,-1.87946023e-02,-1.51353697e-02,2.97924098e-02,7.58658085e-02,7.79175381e-02,5.52215125e-03,4.47321547e-02
-6.19507095e-02,-3.10526201e-02,-1.49508937e-02,-2.45925643e-02,-6.25157445e-02,-6.58663592e-02,-5.14823091e-02,-9.41420047e-03,2.74186672e-02,4.97777858e-02,8.59142469e-02,5.68962079e-03,3.36324756e-02
-4.48911930e-02,-2.05258729e-02,-7.66896949e-02,-1.41476241e-02,-7.50944353e-02,-2.27058752e-02,-2.94350607e-02,1.06161701e-04,2.61482019e-02,1.32426366e-02,3.21120843e-02,-3.96315679e-02,1.09343015e-02
-3.90650861e-02,2.29075741e-02,-6.11971871e-02,-8.39030728e-03,-6.48530619e-02,-7.37212449e-03,-1.20002845e-02,-2.97555925e-03,1.99136265e-02,3.24644391e-02,8.52642614e-04,-4.28880053e-02,1.63515638e-02
7.05413666e-03,4.05741483e-02,-6.03787459e-02,-9.08429330e-03,-4.46869760e-02,-2.35865877e-02,-4.11655311e-02,-1.18921044e-02,-4.95090240e-03,3.97330343e-02,3.12989915e-03,-2.35599931e-02,1.08316466e-02
-3.55486695e-03,5.19975574e-02,-4.02643231e-02,2.36943182e-02,-1.28076849e-02,2.48423214e-04,-1.64486202e-02,-1.95708765e-02,-5.07223408e-03,2.35462407e-02,-3.67203492e-02,-3.33026765e-02,3.28075422e-03
-5.80048893e-03,5.42645649e-02,-3.45110459e-02,8.42435572e-03,-1.27250626e-03,-1.66321396e-02,-3.36946776e-02,-4.39084419e-02,7.61884663e-03,3.42230537e-02,-3.54609635e-02,-1.33526388e-02,-1.71030726e-03
4.21125667e-02,6.10398450e-02,-4.24591752e-02,-2.06267548e-02,1.29146078e-02,-4.04481920e-03,1.16417084e-03,-4.58768188e-02,2.63842342e-02,2.91639778e-02,-2.45082832e-02,-6.17377596e-03,7.01410085e-03
3.68393609e-02,4.96156304e-02,-3.86676088e-02,-4.01644380e-02,4.88037436e-02,2.83993324e-02,3.12595073e-02,-3.73677770e-02,1.81160274e-02,9.36345070e-03,-3.52583376e-02,-4.35255747e-02,3.13744394e-03
3.83090160e-02,6.17077863e-02,-1.70359498e-02,-5.67918954e-02,3.81268795e-02,5.33149971e-03,9.11069186e-03,-2.17332168e-02,3.01183014e-02,-5.74201637e-03,-3.06596576e-02,-4.81744941e-02,3.11620652e-02
3.44335782e-02,5.89039203e-02,6.41360102e-03,-6.72553627e-02,-8.29108286e-03,-5.23492641e-02,-4.78461994e-02,-2.31923906e-02,3.98570792e-02,-1.52944678e-02,-3.53641888e-02,-4.41924168e-02,5.95158614e-02
-4.14512321e-03,2.96202606e-02,1.86564978e-02,-4.21072321e-02,-1.25787191e-02,-2.93430265e-02,-4.16772034e-02,1.81037220e-02,4.32583808e-02,-4.18205601e-02,-4.72329556e-02,-7.22228306e-02,4.83155278e-02
-2.10135830e-03,3.49362202e-02,2.47985073e-02,-1.98429218e-02,-7.97419574e-03,-6.09758649e-03,-2.60582204e-02,5.02396605e-02,4.75673507e-02,-3.98203526e-02,-2.26039797e-02,-6.43360179e-02,4.06657938e-02
-3.42808678e-03,2.97525129e-02,1.46084401e-02,-5.29350356e-02,-1.18718812e-02,-5.12683815e-02,-6.01931003e-02,3.83411552e-02,2.97022346e-02,-3.66667976e-02,-6.09660975e-03,-2.81977694e-02,3.14840264e-02
-9.62210590e-03,3.53811781e-02,3.94435804e-02,-2.50452009e-02,8.52707088e-03,-2.54779351e-02,-3.32096662e-02,7.46501721e-02,2.53730658e-02,-4.23649841e-02,-1.88899107e-02,-2.53966564e-02,2.78656564e-02
-9.82122678e-03,4.38348019e-03,2.14486850e-02,-2.85206688e-02,6.78600745e-03,-3.79898440e-02,-5.90532346e-02,5.86463568e-02,1.84768949e-02,1.03183730e-03,5.32282016e-03,5.96183516e-03,2.69670271e-02
-1.43687158e-02,-4.86113960e-02,-4.32990908e-02,-4.78985106e-02,7.64790229e-03,-4.48991563e-02,-5.28552583e-02,3.07517487e-02,-6.25067643e-03,2.91000202e-03,2.33953464e-02,4.54548674e-02,4.40796264e-02
9.92537445e-03,-3.48479522e-02,-3.20462682e-02,-1.67001897e-02,7.32063495e-02,-2.99350945e-03,-2.72927564e-03,7.11727619e-03,-1.71879186e-03,2.43526434e-02,7.80935509e-03,1.74361111e-02,3.81130591e-03
5.57804121e-02,9.91665167e-04,3.87714019e-04,9.43572974e-03,9.29815900e-02,3.00612195e-02,5.38402824e-02,4.53388588e-03,1.20392404e-02,2.98412488e-02,1.83514277e-03,1.26505238e-02,-1.93945072e-03
9.94056398e-02,3.14670041e-02,2.51418981e-02,-1.84875483e-03,6.50049327e-02,2.57283545e-02,5.32716387e-02,9.91816383e-04,5.53014140e-03,9.63124265e-03,-3.83137568e-02,1.54822532e-02,1.95665361e-02
1.96772029e-02,3.91788825e-02,2.21982633e-02,2.53633113e-02,2.72990540e-02,2.71378987e-02,8.24754795e-02,8.80543792e-03,3.04745384e-02,3.78619832e-02,-6.89527587e-02,-1.32937773e-04,1.38218807e-02
1.12938803e-02,3.70030110e-02,3.98603785e-03,8.23658347e-02,4.88015087e-02,6.58007159e-02,1.15088518e-01,1.84698331e-02,3.80644967e-02,5.22148596e-02,-5.87684074e-02,-1.19133742e-02,-4.46941857e-03
-2.39444357e-02,2.72978603e-03,-2.01737277e-02,6.86604559e-02,4.76903264e-02,6.37411553e-02,1.01926002e-01,-2.71249219e-03,3.16355570e-02,6.39228152e-02,-3.91951939e-02,1.62636320e-02,-2.20400931e-02
-6.27977372e-02,-2.57116740e-02,-5.07291062e-02,3.78075906e-02,7.54897762e-03,6.94260071e-02,7.41257990e-02,8.48178678e-03,4.74300303e-02,6.52427312e-02,-2.70852258e-02,8.23453038e-03,-2.56785477e-02
-5.56779995e-02,-3.22613537e-02,-2.21660989e-02,5.34027742e-02,1.54494379e-02,8.64269402e-02,4.72666410e-02,5.55263209e-03,7.50262665e-03,3.77772651e-02,-5.47005461e-02,-1.19530756e-02,-4.88393142e-02
-6.75533303e-02,-9.55174370e-02,-8.58433514e-02,-4.73425533e-03,-1.92182186e-02,6.11939438e-02,-2.47896271e-02,-2.12886772e-03,-3.75740782e-02,2.16890356e-02,-2.69119523e-02,3.60054246e-02,-7.22632465e-03
-5.49804069e-02,-9.57455301e-02,-8.24413529e-02,6.11641446e-03,1.44786180e-02,8.55826740e-02,-3.48863076e-02,1.01172477e-02,-1.88369406e-02,1.57907562e-02,-3.24780081e-02,9.21670571e-03,-3.00704012e-02
-1.03662953e-02,-7.69864820e-02,-5.85644692e-02,-2.73003052e-03,2.02907811e-02,7.56920927e-02,-3.97322105e-02,-1.33112970e-02,-9.18089960e-03,-2.50578099e-03,-5.51659908e-02,-5.97382406e-03,-2.54117045e-02
3.87520265e-02,-3.97684422e-02,1.52703737e-03,-2.44444630e-02,1.77078264e-02,5.24230779e-02,-5.10954856e-02,-2.01524148e-02,-1.44436163e-02,-5.22975664e-02,-6.71529685e-02,-2.28702070e-03,-2.89062573e-02
7.14183410e-03,-2.03215056e-02,4.30826716e-03,-4.58802823e-02,-8.30365104e-03,2.56999652e-02,-5.07083669e-02,-2.06480847e-02,-3.66570308e-03,-4.28676118e-02,-7.68620571e-02,-1.75213305e-02,-3.11853442e-03
7.87864744e-03,-8.79420199e-03,7.37581612e-04,-3.24186633e-02,-2.28658092e-02,2.05284876e-03,-5.08500691e-02,-4.48308645e-02,-4.79650244e-03,-2.64451787e-02,-4.86026180e-02,-3.11565362e-02,2.18025138e-02
3.08177482e-02,1.40854769e-02,3.28455561e-02,-1.19917270e-02,-7.94409962e-03,-3.64836116e-02,-5.00310885e-02,-5.12807637e-02,-3.23085181e-03,-1.62168937e-02,-3.39447242e-02,-4.74347382e-02,1.90416201e-02
-1.54502096e-02,-2.06333483e-02,-2.12567103e-02,-2.32365428e-02,-3.18077573e-02,-5.06904485e-02,-5.03218920e-02,-5.49746074e-02,3.36811158e-02,1.47578635e-02,1.87700189e-02,-5.10836640e-02,2.05506636e-02
-2.44462553e-02,-2.32946619e-02,-2.74823438e-02,4.09298538e-03,-4.38727355e-03,4.48180842e-03,-1.64584446e-02,-1.23904422e-02,4.59695695e-02,9.06024715e-03,2.06984508e-02,-6.05918305e-02,1.02124536e-02
1.43753747e-02,-6.15916715e-03,-2.32688775e-02,-4.69710604e-03,-1.31234781e-02,2.39171628e-02,-3.82898056e-02,-3.08822257e-03,3.48404408e-02,7.30248274e-03,5.10712852e-02,-1.16961405e-02,2.12168060e-02
3.51563024e-03,-1.61435155e-02,-5.95867022e-02,-2.63239595e-02,-3.46113866e-02,1.45128153e-02,-6.59605644e-02,-1.71525449e-02,1.63445014e-02,-2.60904058e-02,5.13066891e-02,-6.76242977e-03,3.12079915e-02
2.34515729e-02,2.73988487e-03,-7.66997959e-02,-3.08250000e-02,-5.13266922e-02,2.44082799e-02,-5.80191325e-02,-1.92409460e-02,2.63234217e-02,-4.68278008e-02,4.32382987e-02,-1.19862274e-02,4.04656797e-02
5.08499268e-02,2.90912049e-02,-3.16926516e-02,-6.56954464e-04,-5.39131643e-02,3.00908434e-02,-6.24169239e-02,-2.01846692e-02,5.78699519e-03,-6.45809759e-02,2.22869745e-02,-1.49940291e-02,1.23441674e-02
2.63329472e-02,3.16723099e-02,8.23049525e-03,2.07174741e-02,-3.79172792e-02,4.31069936e-02,-3.66837563e-02,-3.28873724e-04,7.10300194e-03,-5.35404064e-02,4.23309176e-02,2.70393387e-03,7.90932540e-03
-2.99822460e-03,6.69529923e-03,4.79936084e-03,7.11466877e-03,-5.74991020e-02,3.35940553e-02,-1.62418791e-02,-1.12723127e-02,-1.30573465e-02,-6.67277733e-02,4.54079156e-02,5.74874122e-03,4.16383760e-03
-6.54892893e-03,6.34871821e-03,4.38195454e-02,2.75773328e-02,-4.16939940e-02,-9.38315776e-03,-3.93406586e-03,-3.71287843e-02,-2.77474435e-02,-6.10580788e-02,5.13667741e-02,2.44162986e-02,1.28265562e-03
1.05658974e-02,-3.81936069e-03,3.60922520e-02,2.51640741e-02,-3.83742368e-02,-3.22907700e-02,2.08414363e-02,-3.72623773e-02,-4.38708435e-02,-3.78865539e-02,3.54951570e-02,2.01179863e-02,-1.77122882e-02
5.79524852e-03,-3.19923169e-02,2.55265270e-02,2.80760715e-02,-1.42967849e-02,-1.84986846e-02,5.01555915e-02,-9.76809048e-03,-2.93731710e-02,1.24000655e-02,3.97140978e-02,3.88247221e-02,-2.78534541e-02
1.86417154e-02,-1.87735925e-02,3.94389278e-02,2.25083592e-02,5.23051223e-03,-1.73603103e-02,6.00866063e-02,-2.02309539e-02,-4.13538383e-02,1.70760581e-02,1.20478026e-02,3.30516439e-02,-4.82155285e-02
1.39275680e-02,-6.00402363e-03,2.04313075e-02,-3.44517389e-02,-8.92265575e-03,-4.59639367e-02,4.73855909e-02,-4.77231592e-02,-5.41107311e-02,2.17022391e-02,-1.16153949e-02,2.85015780e-02,-3.30080109e-02
3.00636539e-02,-1.04242343e-02,1.22195977e-03,-4.34413626e-02,-1.18614616e-02,-2.38034787e-02,4.67435047e-02,-3.62756305e-02,-4.32640824e-02,1.81222364e-02,-1.09312907e-02,2.40898068e-02,-2.39604382e-02
6.34700203e-02,1.24154800e-02,1.65644157e-03,-5.74896578e-02,-2.69729690e-02,-1.67615505e-02,4.53106485e-02,-2.84799029e-02,-5.75909486e-02,1.41480867e-02,-2.68297912e-02,2.77149124e-02,-4.07197609e-03
3.59831605e-02,5.60349070e-02,2.60359461e-02,-5.32405878e-02,-1.49494168e-02,2.25052944e-02,8.43245906e-02,-3.05600187e-03,-2.45939334e-02,2.79123459e-02,-3.57078547e-02,2.28731713e-02,-1.06471874e-02
4.76968345e-03,5.14311593e-02,6.41852185e-02,-5.90295260e-02,-2.42448819e-03,3.28875166e-02,1.07660109e-01,2.30225273e-02,-3.54154285e-02,4.00162726e-04,-3.48654627e-02,2.90320977e-03,-1.81389669e-02
-5.88801150e-02,5.43006991e-03,7.62457019e-02,-6.06238706e-02,2.76879518e-02,4.55379086e-02,1.28482914e-01,4.32939537e-02,-2.66544923e-02,-5.04984831e-03,2.74862880e-02,4.14112591e-02,-5.57202783e-03
-2.53810989e-02,7.70945078e-03,9.34772573e-02,-5.71710804e-02,2.48574123e-02,5.13883648e-02,1.25568482e-01,7.33835468e-02,-1.93092088e-02,1.76751268e-03,5.80696185e-02,4.29797504e-02,-1.01014447e-03
-3.33143129e-02,-2.12860513e-02,9.02670482e-02,-3.12806809e-02,3.78117890e-02,4.26201215e-02,1.27625799e-01,8.08207783e-02,-2.71575017e-03,3.32012689e-04,7.33550060e-02,4.08494734e-02,-4.51394061e-03
-5.66490652e-02,-5.16733070e-02,7.78187283e-02,-1.37828852e-02,2.25119714e-02,-9.90349207e-03,9.13524094e-02,4.54309360e-02,-1.72909552e-02,-2.40358357e-02,6.44956949e-02,4.37618746e-02,6.53017863e-03
-5.45694426e-02,-5.67710753e-02,3.26029340e-02,-4.50415377e-02,1.77323207e-02,-2.11967923e-02,6.62207276e-02,2.98111527e-02,4.15020730e-03,-3.78007028e-03,6.62311381e-02,4.43264749e-02,2.48112168e-02
-5.26713577e-02,-9.32516796e-02,-2.93429272e-02,-4.48647576e-02,-1.80685513e-02,-8.90960911e-03,1.63084427e-02,2.91737163e-02,1.25283897e-02,-4.64770480e-03,7.23594712e-02,3.34385543e-02,1.94797680e-02
-1.72198455e-02,-6.02901287e-02,-4.10416033e-02,-9.61482980e-03,-1.60737295e-02,-9.82519848e-03,-5.53396266e-03,2.00406905e-02,1.81445024e-02,-4.09670206e-03,5.55121944e-02,4.24077644e-02,4.36088887e-02
2.47320076e-02,1.39705930e-02,-6.41939101e-02,-4.17370122e-03,-4.31474338e-02,-3.38983326e-03,-2.35769546e-02,1.35221562e-03,3.81487020e-02,-1.70347048e-02,2.18139128e-03,2.61728506e-02,3.85320424e-02
-2.24078986e-02,-5.56558210e-03,-9.40745525e-02,-1.22638273e-02,-3.32811055e-02,-4.55599583e-03,-3.55548126e-02,1.17897610e-02,4.25631668e-02,1.61824043e-02,-1.98184041e-02,7.27775639e-03,2.03820845e-02
-3.76672209e-02,-4.04137648e-03,-9.06104565e-02,-2.37983415e-02,-2.92581883e-02,9.48665832e-03,-6.26205490e-02,-2.55207058e-03,1.13189231e-02,3.03319434e-03,-6.82373406e-04,9.57116973e-03,1.00052204e-02
-7.18565274e-03,1.83062244e-02,-6.58168392e-02,-2.70517382e-02,-3.94233663e-02,1.05723645e-02,-6.25321861e-02,-2.27069886e-03,9.01342646e-03,2.35550435e-03,9.36255985e-03,3.61910761e-03,-9.58315365e-03
-7.39689781e-03,5.06154745e-02,-2.58662329e-02,1.83831926e-02,-3.23499320e-03,3.91405495e-02,-1.94358343e-02,-1.09547399e-02,1.55825057e-02,-2.77948224e-02,-1.07786833e-02,-2.62915251e-02,-3.06716033e-02
1.66814183e-02,7.74439512e-02,2.95365311e-02,4.35175500e-02,8.46009496e-03,1.78352886e-02,-2.28570262e-02,-3.21085991e-02,1.05677661e-03,-4.90136159e-02,-3.15174655e-02,-3.29731418e-02,-2.16585049e-02
4.26346402e-02,8.67501401e-02,4.39866950e-02,2.39682067e-02,8.69444536e-03,3.21736952e-04,-4.16768396e-02,-4.34014139e-02,4.86170494e-03,-3.29508975e-02,-1.30808019e-02,-1.73583957e-02,3.60861301e-03
-2.03167439e-02,3.63246632e-02,1.65196545e-02,-1.71541357e-02,-1.50273613e-02,4.42344059e-03,-3.60037534e-02,-5.67397691e-02,-2.17829306e-02,-4.37903677e-02,6.21647572e-04,-2.07838453e-02,1.59310253e-02
-2.53183569e-02,4.22672274e-02,3.17485798e-02,-2.84415751e-02,-2.43956474e-02,-1.54003664e-02,-2.23211738e-02,-5.30569228e-02,-3.02673534e-02,-5.38749490e-02,5.35083025e-03,-1.06507818e-02,3.14629855e-02
3.20946430e-02,9.21486007e-02,6.82437017e-02,-2.90531578e-02,-2.93403657e-02,-1.58791037e-02,-2.14080319e-02,-2.66866194e-02,-1.29818699e-02,-4.12663541e-02,-1.90947704e-03,-2.37294493e-02,5.02134347e-02
-1.67213153e-02,2.90285972e-02,2.10829058e-02,-6.39080083e-02,-2.42076149e-03,1.40350834e-03,7.40993336e-04,2.28296223e-02,1.33298544e-02,1.23026255e-02,1.31129816e-02,-1.11750243e-02,5.25768742e-02
-2.92341625e-03,3.43037615e-02,-1.13395819e-02,-7.64275452e-02,-3.09207296e-03,-1.60596383e-02,-3.74932398e-02,1.32672338e-02,1.74084124e-03,6.64630811e-03,3.15582379e-02,-3.32860123e-02,3.36901643e-02
2.79870337e-02,4.31525965e-02,-3.63298901e-02,-8.73830372e-02,2.95576277e-02,-2.32450077e-02,-1.76004016e-02,3.25311025e-02,1.10385949e-02,5.39929916e-03,3.52668922e-02,-4.07421382e-02,-1.49176073e-03
5.55523427e-02,3.70967193e-02,-1.09471927e-02,-3.46586456e-02,4.35267193e-02,1.82192289e-02,4.35014250e-02,4.60549792e-02,1.61173707e-02,-1.55167624e-02,1.57068203e-02,-2.98437051e-02,-1.70640282e-02
9.41146588e-02,5.48015440e-02,-1.45692860e-02,-1.77612154e-02,4.63998494e-02,8.59228964e-03,3.66709698e-02,1.24785458e-02,2.67907425e-02,-1.19758137e-02,-4.99975354e-03,-1.95545930e-02,-5.57895095e-02
1.32354380e-01,4.13627333e-02,-1.85189840e-02,3.72015639e-02,4.44916591e-02,2.81481813e-02,4.88163197e-02,1.77208969e-02,5.98435829e-02,-2.51293824e-02,-3.73954632e-02,5.24540135e-03,-6.94932548e-02
8.01278289e-02,-2.83401781e-02,-3.77293416e-02,8.25664497e-02,5.04374978e-02,4.13646795e-02,4.68683526e-02,-2.43161813e-02,6.22206992e-02,-1.87890605e-02,-5.07657252e-02,3.48027419e-02,-8.13519472e-02
5.40644034e-02,-1.01178036e-01,-3.69388540e-02,1.15317731e-01,1.21529849e-02,1.03786465e-02,2.75612386e-02,-4.41821586e-02,2.84399469e-02,-2.79626590e-02,-7.16834576e-02,6.25236653e-02,-5.23563549e-02
5.04744822e-02,-5.64128205e-02,-1.93974321e-03,1.60686252e-01,6.90390361e-03,1.16787781e-02,2.63942105e-02,-4.48014623e-02,2.48313393e-02,-2.55263496e-03,-6.81738614e-02,6.08511686e-02,-4.89382062e-02
-9.98898237e-03,-2.32218622e-02,2.60652479e-02,1.64479951e-01,1.75293142e-02,3.11670457e-02,2.58770952e-02,-4.55066104e-02,1.16377164e-02,3.26815843e-02,-9.19142685e-02,5.75462501e-02,-6.80518857e-02
-8.96628600e-02,1.42591317e-03,2.10062886e-02,1.47366860e-01,-4.43869015e-03,-1.38318009e-02,-2.69324475e-02,-5.08026809e-02,-8.89366205e-03,9.42436588e-02,-9.52409136e-02,3.69090527e-02,-2.89345256e-02
-8.09456664e-02,6.72801800e-02,8.00509248e-02,1.47662854e-01,3.89810320e-02,-1.98102455e-02,-4.06632527e-02,-1.00558201e-02,-4.33837294e-02,7.04711280e-02,-7.86019086e-02,4.01056756e-02,2.38299902e-03
-6.65682952e-02,1.07975005e-01,1.33710269e-01,1.52309105e-01,3.81124348e-02,-2.26481679e-02,-7.09806374e-03,5.32231294e-02,-6.83927347e-02,2.02014165e-02,-6.06903824e-02,4.93954389e-02,3.89458524e-02
-1.06694623e-01,1.16100254e-01,1.12300592e-01,7.32459028e-02,-4.97748394e-03,-7.97302851e-02,-4.54349852e-02,3.91586362e-02,-9.36095590e-02,-2.32523759e-02,-3.92084943e-02,2.94342574e-02,1.99667009e-02
-9.14180095e-02,1.10179417e-01,1.01798773e-01,4.62321913e-02,-2.45859035e-02,-5.53609838e-02,-2.09765431e-02,7.07739607e-02,-7.84473616e-02,-8.05018455e-02,-1.74479291e-02,3.14275739e-02,8.71534873e-03
-1.03089025e-01,5.29255013e-02,6.34319788e-02,4.26589343e-02,7.94069964e-04,-5.24473690e-02,-2.96142172e-02,5.45452628e-02,-6.19359149e-02,-9.35138763e-02,1.71474928e-02,3.34800915e-02,-3.27388258e-03
-9.09767803e-02,-4.62844371e-02,4.49370386e-02,6.14303654e-02,1.32085788e-02,-4.99060043e-02,-5.28000625e-02,4.78783057e-02,-5.14780215e-02,-1.19019831e-01,2.08976416e-02,4.24834642e-03,-2.08289523e-03
-2.36098517e-02,-9.36013033e-02,-4.75498217e-03,3.33846186e-02,1.56953709e-02,-6.33342782e-02,-6.65975450e-02,2.68334134e-02,-4.88569210e-02,-1.14935955e-01,4.63360799e-02,1.47795592e-03,-3.29646566e-02
3.46172370e-03,-8.17219824e-02,-5.98806892e-02,2.40782825e-03,3.79389186e-02,-4.31445019e-02,-7.75303945e-02,4.84236458e-03,-3.48052914e-02,-9.86016346e-02,3.58793468e-02,-1.02156432e-02,-8.26389326e-02
-3.86786228e-02,-1.12112408e-01,-1.12955703e-01,-2.85698321e-02,5.05715330e-02,-3.28598091e-02,-6.26888268e-02,-9.14765022e-03,-1.47900760e-02,-3.30271931e-02,9.11172546e-03,-3.01181153e-02,-6.94774269e-02
3.00373672e-02,-8.79153485e-02,-9.22015537e-02,-2.32360726e-02,7.17485700e-02,-4.24369678e-02,-4.50779788e-02,-2.63643144e-02,-2.80369073e-02,-5.61479446e-03,1.88869541e-02,-4.15927524e-03,-2.91183475e-02
6.69646069e-02,-2.60099657e-02,-9.59711348e-02,-1.44481240e-02,8.73506287e-02,-3.97221993e-02,-9.18073728e-03,-3.51035821e-02,-1.94183605e-02,-7.21535382e-03,4.24381009e-02,3.36572580e-02,-8.18865681e-03
5.08406743e-02,-9.94662859e-03,-1.18535614e-01,-4.34643852e-02,5.68465428e-02,-6.05139706e-02,-1.85801704e-03,-6.05681178e-02,-2.71256616e-02,-1.46643248e-02,2.34838484e-02,1.12923861e-02,-8.44787602e-03
3.42463903e-02,-1.77907589e-03,-1.33702139e-01,-7.83740736e-02,2.87575862e-03,-4.94376864e-02,2.74540976e-02,-4.93813148e-02,-2.38083289e-02,-7.31814434e-03,5.81842830e-02,3.01292635e-02,-3.44907684e-03
2.79968402e-02,4.81134775e-02,-9.76756399e-02,-4.44526258e-02,1.09805425e-02,-4.39553418e-02,3.00003485e-02,-8.08527423e-02,-5.52988421e-02,-2.20493979e-03,7.42894452e-02,3.83287163e-02,1.03471563e-02
6.17828307e-03,4.97108992e-02,-5.88955016e-02,4.25676816e-03,2.41029437e-02,-2.49637343e-02,4.80114332e-02,-6.02468551e-02,-3.19305624e-02,2.70084633e-03,8.30298274e-02,6.26818284e-03,-1.07202576e-02
2.87327554e-03,6.48064046e-03,-4.29154921e-02,-1.80771948e-02,-1.46030051e-02,-3.84966476e-02,1.44014253e-02,-7.33505812e-02,-4.50371100e-02,1.75693589e-02,7.06897648e-02,8.34020526e-03,-1.02587029e-02
2.48921518e-02,1.95474414e-03,-3.98115453e-02,-2.36174890e-02,-4.16499446e-02,-1.33885090e-02,3.80509411e-03,-3.46977170e-02,-3.47748583e-02,4.23662504e-02,5.78511968e-02,-1.47266019e-02,-2.25030741e-02
6.88849822e-03,-2.72580307e-02,-1.39174582e-02,-3.10001052e-02,-5.58571317e-02,1.14544498e-02,-6.08507182e-03,-2.06664889e-02,-4.59582572e-02,3.58207099e-02,1.63770111e-02,-3.00416862e-02,-2.90372445e-02
2.35143134e-02,-2.58182501e-02,8.80902619e-03,-2.28249300e-02,-5.83014702e-02,3.32204680e-03,1.48390986e-02,-3.17548809e-03,-3.68631276e-02,5.68418645e-02,1.66821075e-02,-4.34966929e-02,-1.41989985e-02
3.06616075e-02,-2.60010255e-03,1.22393193e-02,-2.65101283e-02,-6.12470057e-02,9.19120399e-03,1.42327005e-02,-1.37433699e-02,-2.48781621e-02,6.17681726e-02,2.24264125e-02,-4.73456419e-02,-2.26218657e-02
1.84245940e-02,-5.01000322e-03,1.31277467e-02,-2.35060608e-02,-6.27488958e-02,1.59161448e-02,1.62225170e-02,-1.17532283e-02,-7.09523616e-03,6.40396538e-02,9.38885623e-03,-5.70098904e-02,-1.07903901e-02
3.25059567e-02,2.69820618e-02,-7.36342268e-03,-3.68726882e-02,-4.60125867e-02,7.06438667e-03,2.63835552e-02,8.72875018e-03,2.32885639e-05,5.65906770e-02,1.81410633e-02,-5.81737976e-02,-2.54868608e-02
2.46500637e-02,5.84210358e-02,2.27623947e-02,-3.18135398e-02,-2.21682477e-02,1.84130898e-02,2.74562192e-02,3.19141505e-03,-9.74315334e-03,3.03405832e-02,3.88634566e-03,-4.76179607e-02,-4.93544896e-02
-1.85035481e-02,4.61138750e-02,2.85525418e-02,2.25277710e-02,1.74812718e-02,2.72804979e-02,5.37719982e-02,2.36607403e-02,6.73443231e-03,3.30290745e-02,-5.96705444e-03,-3.89672551e-02,-5.01333834e-02
-4.65657189e-02,4.09357883e-02,4.55616500e-02,1.36838367e-02,4.37901236e-03,1.66597467e-02,3.19330536e-02,2.38549940e-02,-5.30049895e-03,7.84673294e-03,3.75916126e-03,-6.70782176e-03,-2.16262556e-02
-1.85357316e-02,3.50476776e-02,6.81074600e-02,2.57671358e-02,1.03869132e-03,3.08277978e-02,3.26177915e-02,5.13776440e-02,-7.80690021e-03,-1.10531412e-02,-1.13059292e-02,-1.06449510e-02,-4.16885519e-03
-1.59240717e-02,3.64023665e-03,7.26725182e-02,2.60093536e-02,-2.41557938e-02,-8.27947207e-03,-7.54959354e-03,5.05146066e-02,-3.26359528e-02,-2.30261140e-02,-3.31785880e-02,-1.29830445e-02,1.21970895e-02
-1.85437479e-02,-1.53129319e-02,8.68938979e-02,2.08270286e-02,-3.53176927e-02,-3.73669316e-03,-1.27897570e-02,7.03105559e-02,-7.91918548e-03,-2.77932434e-03,-2.80711787e-02,-1.15946347e-02,2.84033442e-02
-2.35751072e-02,-3.30748936e-02,9.09301839e-02,3.45444762e-02,-3.40335427e-02,5.18154031e-03,-3.42332877e-02,4.85050023e-02,-3.33936614e-02,-1.86226006e-02,-4.34860165e-02,-5.71956429e-02,1.42517254e-02
-2.75744621e-02,-6.51566950e-02,6.82570960e-02,1.00854928e-02,-4.22763784e-02,5.63990802e-03,-3.51049212e-02,2.94696448e-02,-3.51203662e-02,-3.51934517e-02,-2.79046474e-02,-4.33000093e-02,4.22718128e-02
4.61716509e-02,-1.69194589e-02,5.49253775e-02,9.12725574e-03,-7.47801619e-03,-1.08411622e-02,-4.02462370e-02,2.63796863e-02,-2.08523051e-02,-3.03462413e-02,-1.00956063e-02,-4.22794975e-02,3.96863355e-02
7.48383678e-02,-3.05953579e-03,5.12724301e-02,-6.96398664e-03,4.24290253e-03,-1.85115837e-02,-4.46055209e-02,2.13585027e-02,-1.26062888e-02,-4.27396866e-02,-9.13461739e-03,-3.83355604e-02,1.41654817e-02
5.50669632e-02,-3.56496520e-02,1.47878353e-02,4.54503747e-03,1.01747612e-02,-8.81897963e-03,-4.40497953e-02,-1.00482232e-03,-1.23413854e-02,-2.38158844e-02,-2.97893102e-02,-2.71393942e-02,1.09540579e-02
1.86320202e-02,-2.61032746e-02,-1.19533395e-02,-5.25803163e-03,3.95168156e-02,3.10182236e-02,-1.16674979e-02,1.44705896e-02,-2.47961482e-02,-1.36584746e-02,-1.73273620e-02,-1.62923599e-02,-8.90145212e-04
3.15274621e-02,-1.97920513e-02,-1.70425155e-02,-3.71725795e-03,4.29849039e-02,4.18923170e-02,-5.19541382e-03,1.01529967e-03,2.94400264e-03,2.54216091e-03,-1.79499144e-02,1.54244103e-02,3.25652565e-03
5.32848359e-02,-9.64966369e-03,-3.26833024e-02,-1.34445801e-02,1.88138814e-02,-2.55837810e-03,-1.86545163e-02,-1.24510416e-02,-8.95462445e-03,-8.17158979e-03,-1.88462398e-02,2.67131967e-02,2.44526680e-02
8.52336660e-02,1.33101450e-02,-2.45512107e-02,-3.35142074e-02,2.07748024e-02,3.73583255e-03,-3.13144226e-02,-3.37296714e-03,2.68054873e-02,2.50700167e-02,-1.94190325e-02,3.42980184e-02,3.39924137e-02
3.09260167e-02,1.66293131e-02,-1.79802576e-02,-2.29508774e-02,1.55362953e-02,-1.50913718e-02,-4.32410102e-02,-5.54962183e-03,2.51111390e-02,3.75072923e-02,-1.22284840e-02,-3.94094933e-03,2.99148441e-03
-4.09750096e-03,4.32299702e-03,-1.19609790e-02,-2.44765783e-02,2.87963934e-02,-6.79659244e-03,-2.78882863e-02,-2.94373661e-02,5.36313411e-03,5.31439629e-03,-3.82095964e-02,-2.02186019e-02,6.20656232e-03
-1.62183387e-02,5.61076301e-03,-7.72971029e-03,-3.92185907e-02,2.91009132e-02,-3.06682433e-03,-2.05407516e-02,-1.98100604e-02,3.23198171e-02,1.27642367e-02,-4.19760331e-02,-2.02671057e-02,9.06878545e-03
-1.79515911e-02,3.95271925e-02,2.14769703e-03,-2.76395029e-02,1.56498811e-02,-2.63123343e-02,-3.56022976e-02,-1.26870418e-02,5.29365105e-02,1.75413200e-02,-2.60243453e-02,-2.82324233e-02,1.29959084e-02
1.68660298e-03,4.95349148e-02,1.43959823e-02,-1.73548228e-02,-4.55889327e-03,-1.71300701e-02,-4.56619610e-02,-9.67068141e-03,3.80092409e-02,7.79309515e-03,-3.05217281e-02,-2.68577107e-02,1.97423902e-02
-2.88076559e-03,5.45006618e-02,-2.64833696e-02,-2.67603135e-02,1.19610578e-02,1.10708954e-02,-3.84699873e-02,1.53994671e-03,8.79921712e-03,2.02221381e-03,-3.68366672e-02,-2.30012815e-02,2.41178224e-02
-3.25133468e-02,3.12784634e-02,-6.79248961e-02,-2.44521538e-02,5.72775900e-03,1.99326229e-02,-2.17782637e-02,-3.50810984e-03,3.60208406e-02,9.85629240e-03,-2.05576050e-02,-2.96723335e-02,1.23895246e-02
-2.57468713e-02,1.54333406e-02,-7.65374485e-02,-6.23290517e-03,1.26475282e-02,2.07379014e-02,4.91954972e-03,-2.75051044e-03,2.53167122e-02,-5.57433598e-03,-1.21324363e-02,-1.55454937e-02,2.32890032e-02
1.85653370e-02,2.85663697e-02,-8.04955463e-02,-1.34910245e-02,3.96983061e-02,3.53931480e-02,3.36528685e-02,-9.50639528e-04,1.92366501e-02,-3.42126448e-02,-2.87648494e-02,-2.52636871e-02,2.30314347e-02
2.02539115e-02,5.75693063e-02,-5.08672027e-02,5.58487661e-03,7.60373441e-03,-1.35758953e-02,2.69868831e-02,-8.78852625e-03,2.70181958e-02,-1.03747746e-03,1.39565521e-02,-2.70984697e-02,2.71013102e-05
4.90686602e-03,3.17503857e-02,-2.84693624e-02,1.55018865e-02,2.56030729e-02,1.78887806e-02,7.33770197e-02,-2.34423468e-02,2.90641753e-03,-1.88463093e-02,-1.12395272e-02,-2.79973782e-02,1.43966515e-02
-4.84346238e-03,-8.89204657e-03,-1.96134113e-02,-6.33571047e-03,-6.23600348e-03,1.72329801e-02,6.28672799e-02,-4.41065957e-02,-1.21249021e-02,-2.12834965e-02,-2.25617969e-02,1.25652638e-03,2.40137018e-02
-1.74748214e-02,-1.68407668e-02,2.32677596e-02,2.70130978e-02,-1.17721037e-02,-1.36015900e-02,5.46904884e-02,-3.37604009e-02,5.57475195e-03,6.58726150e-03,-3.28621405e-02,8.32517211e-03,2.03162191e-02
-8.05666454e-03,-4.55017691e-02,2.89611398e-02,5.22681173e-02,-4.95391471e-03,-3.72862722e-03,7.63918876e-02,1.94707869e-02,-1.32026005e-02,-8.91137438e-03,-2.66447026e-02,2.63589829e-02,4.47656162e-02
-1.30621557e-02,-5.36934112e-02,-1.37775692e-02,2.43254648e-02,-2.65926973e-02,-3.70041038e-02,4.07200571e-02,1.42277841e-02,-2.37982879e-02,-9.90906439e-03,-2.00369648e-02,4.23289447e-02,6.32035925e-02
-7.54439147e-03,-6.93345709e-02,-8.36059291e-02,-1.89641474e-02,-2.62703983e-02,-8.20211799e-02,1.03060616e-02,4.30385932e-02,-1.15988145e-02,-2.60954630e-03,-2.62759386e-02,4.61285647e-04,4.87895291e-02
1.08062423e-02,-9.50113591e-02,-9.99805449e-02,5.81084373e-03,-1.86426413e-02,-7.10366653e-02,1.67916767e-02,7.33726913e-02,6.35209899e-03,1.14161503e-02,-3.76769210e-02,-1.26806873e-02,3.25577783e-02
4.25123481e-02,-9.24688616e-02,-1.12112437e-01,6.36049990e-03,9.43112338e-03,-5.35873157e-02,2.37825580e-02,9.74750161e-02,3.72958950e-02,5.51772612e-03,-4.77014302e-02,-3.24573778e-02,8.16359413e-03
4.95124146e-02,-7.88573120e-02,-7.82045183e-02,4.08699245e-02,7.26001348e-04,-6.88492861e-02,-7.83168973e-03,1.10277282e-01,6.37318630e-02,2.84231225e-02,-2.84387040e-02,-6.52867030e-02,-3.36173035e-02
1.66084511e-02,-1.16149123e-01,-8.06683637e-02,2.13992080e-02,1.47708647e-02,-1.24858762e-02,3.96029410e-02,1.11247714e-01,7.07307676e-02,3.12186714e-02,-2.56473696e-02,-6.83390175e-02,-2.38794743e-02
2.06817062e-02,-1.08647137e-01,-6.01804638e-02,-3.73687342e-04,4.72023449e-03,-1.25280936e-03,-2.71860361e-03,8.01643703e-02,6.68633032e-02,3.50191030e-02,-3.85948856e-03,-5.84520626e-02,-1.65963127e-02
5.58110004e-03,-2.91815142e-02,1.78032851e-02,4.81269893e-02,4.60390002e-02,1.45577140e-02,-1.72194319e-02,9.47521224e-02,1.04501770e-01,3.51416795e-02,-3.03243200e-03,-6.06435529e-02,-5.37956369e-02
2.41834464e-02,1.19103602e-02,6.36250963e-02,1.16170773e-01,6.05619879e-02,3.89449352e-02,-9.77303228e-03,9.52742697e-02,7.55741157e-02,1.02100768e-02,5.62324119e-03,-2.75150563e-02,-2.75121741e-02
-1.75473792e-02,4.25479200e-02,7.17871101e-02,1.23768736e-01,3.20850954e-02,3.82592690e-04,-3.19585969e-02,5.53320865e-02,6.41445929e-02,-8.81585664e-03,9.34673834e-03,-5.94244336e-03,-2.72892346e-02
-4.61649432e-02,6.07350930e-02,3.54394133e-02,9.59979307e-02,5.15239701e-02,-6.12199066e-03,-4.29526873e-02,4.42637131e-02,4.81756198e-02,-3.77402206e-02,-3.25147806e-02,-5.71885988e-03,-2.49510348e-02
-3.96615794e-02,7.25155922e-02,2.97866454e-02,1.00936931e-01,3.98784036e-02,-1.18631980e-02,-3.64526616e-02,1.28742393e-02,9.00946534e-03,-6.34824838e-02,-5.47042531e-02,1.47041489e-02,-1.73980799e-03
-2.53669413e-02,9.48163068e-02,2.99404559e-02,1.06645906e-01,4.77313258e-02,-1.94527361e-02,-5.02110306e-02,-8.91305021e-03,1.42416766e-02,-5.23547704e-02,-6.64625859e-02,1.43557593e-02,-2.63935889e-04
-1.99917108e-02,9.42529972e-02,5.20540047e-02,1.06431991e-01,3.91702576e-02,-2.33482112e-02,-5.66679048e-02,-9.07214933e-03,2.64803832e-02,-2.65737341e-02,-6.08213131e-02,-2.36470746e-03,-1.40354047e-02
-8.60918417e-02,9.80217392e-03,5.52234645e-03,5.22033637e-02,4.05025386e-03,-4.80105119e-02,-5.48381628e-02,-6.24437205e-02,-8.44094433e-03,-2.47330743e-02,-6.25358924e-02,4.73586584e-03,-2.02046007e-03
-5.17524408e-02,-2.52158798e-02,-1.88754524e-02,2.76042327e-02,-3.03991712e-03,-5.30191356e-02,-4.71562901e-02,-7.36698405e-02,-1.76061176e-02,-5.11026526e-03,-3.70844313e-02,8.67949579e-03,2.13580521e-03
-6.44340225e-02,-4.09412071e-02,-3.81442190e-02,1.93929048e-02,1.95771391e-02,-2.13804142e-02,-2.34091162e-02,-1.79391568e-02,2.54171959e-02,-4.24867292e-03,-3.14098421e-03,9.10168740e-03,-3.69457286e-02
-3.88904102e-02,-2.20645021e-02,-1.80289951e-02,1.52129697e-02,1.35440942e-02,-3.19414189e-02,-3.46795641e-02,-1.46582576e-02,2.47035842e-02,-6.34575550e-03,1.14174130e-02,4.47144083e-03,-4.00114553e-02
-1.72405073e-03,-1.27458445e-02,-8.48848488e-03,8.46426736e-03,-2.22863773e-03,-8.29543352e-02,-4.18353665e-02,-2.54183064e-03,1.99780979e-02,3.14207738e-03,3.73938461e-02,-6.64016702e-04,-4.44058251e-02
-1.85015699e-02,-3.32790078e-02,-4.03666356e-02,-2.43841472e-02,-1.35133038e-02,-5.65749527e-02,-1.85668717e-02,2.58819162e-02,3.07964631e-02,6.36618703e-03,3.51468974e-02,-4.90175116e-04,-4.17716487e-02
-1.11386472e-02,-3.28731499e-02,-5.70075132e-02,-5.26512200e-02,-1.71341700e-02,-4.61224594e-02,-1.86946559e-02,-1.30445565e-03,9.88571219e-04,-8.92975241e-03,4.50333546e-02,3.12806549e-02,-5.00485217e-04
2.72163384e-02,-1.45207145e-02,-5.86221352e-02,-4.26747318e-02,-1.20359480e-02,-3.52455945e-02,2.04222592e-04,8.14771037e-04,-4.50956782e-03,-2.39427602e-02,2.09187754e-02,1.57834725e-02,6.77146957e-03
4.19881590e-02,-3.69319557e-03,-1.61079245e-02,-2.19803941e-03,-3.31090668e-03,5.12122905e-03,4.29629796e-02,9.78414040e-04,3.91796773e-02,4.00580870e-03,2.16866994e-02,1.19670087e-02,-1.24118466e-03
-2.03841551e-02,-1.15151160e-02,7.34674592e-03,-1.08447299e-02,-1.03462840e-02,-8.38351471e-03,2.83622246e-02,-3.46952700e-02,3.97906791e-02,1.94802512e-03,-1.53171787e-02,-1.74735295e-02,6.14188576e-03
2.34783023e-02,1.09979674e-02,3.58155159e-02,2.72446645e-03,-1.61023958e-02,-2.02893068e-02,2.60454960e-02,-6.06600940e-02,1.59480692e-02,1.37914239e-02,-1.24554009e-02,-9.18891907e-03,3.06681331e-02
2.57934623e-02,4.97929868e-03,4.02657941e-02,1.36628597e-02,-3.54272288e-02,-2.40548945e-04,4.63253091e-02,-4.17551972e-02,2.91669105e-02,8.84885559e-03,-2.53037755e-02,-5.77532902e-03,1.51173215e-02
1.47481407e-02,3.41918196e-02,7.09016833e-02,9.10204862e-03,-1.90990238e-02,7.85092690e-03,3.80305746e-02,-4.15712776e-02,3.62444218e-02,2.02893620e-02,-2.44853310e-02,1.19854660e-02,9.50083403e-03
2.87663518e-02,9.27439011e-02,9.02177098e-02,1.35767902e-02,5.82106585e-03,1.39044246e-02,3.68524217e-02,-2.54560781e-02,-1.25829895e-02,1.84753854e-02,-1.72751558e-02,2.78439668e-02,2.38623178e-02
1.34274182e-02,1.03106986e-01,6.96812222e-02,2.34022837e-02,1.39555583e-02,1.45772880e-02,5.16740168e-02,1.07608993e-02,-3.48123839e-02,1.79137434e-02,-3.01713333e-02,1.74389546e-03,7.20964263e-03
4.56138067e-03,1.10291450e-01,2.95482815e-02,8.16146764e-03,2.42264417e-02,1.09089683e-02,4.94340142e-02,1.75298152e-02,-6.73121858e-02,1.56643030e-03,-4.40061481e-02,-2.77194234e-02,9.10661048e-03
4.97728512e-02,1.13334318e-01,-2.35049414e-02,-1.42429088e-02,2.88527787e-02,3.24642417e-02,3.59152640e-02,4.48647351e-02,-9.52130042e-02,-1.37297207e-02,-3.91054015e-02,-2.08486478e-02,2.24742463e-03
4.53375418e-02,5.70179056e-02,-7.81833472e-02,5.36619028e-03,4.11410022e-02,8.42942773e-02,7.17025866e-02,6.41048400e-02,-6.43543922e-02,-2.70212808e-02,-2.51612873e-02,1.40907164e-02,-2.28823721e-02
2.10072122e-02,4.47008254e-02,-8.28312300e-02,2.16022714e-02,4.65322952e-02,7.17732039e-02,8.13502403e-02,7.38415696e-02,1.49108977e-03,2.78299248e-03,-4.90565626e-02,-7.95158958e-03,-3.02317527e-02
4.05439295e-02,1.00421327e-02,-8.60007140e-02,-2.38113286e-02,2.19747762e-02,4.00010537e-02,4.16987135e-02,4.56254006e-02,1.15327784e-03,-3.37339820e-03,-2.43380317e-02,1.64620059e-02,-9.70544173e-04
9.54819495e-03,-3.80595155e-02,-9.57131331e-02,-6.07127634e-02,1.02050476e-02,6.07888675e-02,2.15682644e-02,4.65386999e-02,3.22858974e-02,-1.23466689e-02,2.97565766e-03,2.46121050e-03,-2.62916131e-02
-3.97212807e-02,-9.15702462e-02,-8.96629459e-02,-9.12581539e-02,-5.44601225e-03,4.15844337e-02,3.97002813e-03,2.37322333e-02,5.51614069e-02,7.35147033e-03,4.14731297e-02,4.94173577e-03,-5.13042010e-02
-3.56857691e-02,-6.75127725e-02,-5.00547292e-02,-1.06154064e-01,-2.47157345e-02,5.68223282e-02,-2.69207174e-02,-7.85832043e-04,4.70801117e-02,1.88004268e-02,4.63757626e-02,1.60884838e-02,-4.62105614e-02
-5.82453650e-02,-7.96306253e-02,-2.13638427e-02,-9.33246730e-02,-9.91796251e-03,7.52575049e-02,-1.30726649e-02,6.53138252e-04,4.51660420e-02,1.11864305e-02,3.44439775e-02,-3.99031407e-03,-5.20842461e-02
-1.53084070e-02,-5.22473413e-02,2.10685373e-02,-6.07072553e-02,-1.57192022e-02,4.79197003e-02,7.09720213e-03,-2.52462622e-02,3.06572950e-02,1.27036786e-02,1.65413541e-02,-4.42248366e-02,-5.21726593e-02
1.92015589e-02,-3.06000148e-02,4.83482079e-02,-3.50962209e-02,-1.46743311e-02,4.94269668e-02,1.13963476e-02,-2.40793461e-02,2.10760828e-02,5.56926176e-03,2.82428254e-02,-3.43084688e-02,-4.98801717e-02
5.87245896e-03,-5.78861620e-02,2.44570285e-02,-2.44242942e-03,-4.29651968e-03,5.23953701e-02,3.83765971e-02,-3.23475687e-02,8.97575389e-03,-1.18157930e-02,-8.43055011e-04,-9.75209265e-03,-2.79683431e-02
-6.50543981e-04,-3.22102773e-02,2.94597232e-02,3.48702129e-02,-3.02375686e-03,1.34421942e-02,5.43646963e-02,-2.07593050e-02,5.03586938e-02,1.08383874e-02,-1.77330043e-02,5.33854947e-03,9.76568881e-04
-2.75348471e-02,-1.71111874e-02,2.71528364e-02,4.65702548e-02,3.52346966e-02,3.01128951e-02,6.14319914e-02,-1.40826203e-02,7.50436902e-02,3.93946368e-03,-4.78730481e-02,-2.45543236e-03,1.86618176e-02
-6.26196343e-02,-1.58643009e-02,8.01855437e-03,4.36691738e-02,5.29504181e-02,6.05230989e-02,4.78629849e-02,-1.78319587e-02,5.53314720e-02,-1.56540527e-02,-3.49478741e-02,8.24571368e-04,2.80757321e-02
-7.67531458e-02,-1.32929166e-02,-1.08457452e-02,1.61679658e-02,3.58333846e-02,3.65200770e-02,2.29428887e-02,-3.16485031e-02,4.93732607e-02,-2.34911888e-02,-1.00315617e-02,7.62398291e-03,7.00523690e-03
-3.22368593e-02,1.64317984e-02,1.41704244e-04,9.65411670e-03,-2.85354413e-02,1.53065025e-02,-1.91041801e-02,-5.21231612e-02,1.74373559e-02,-4.92787690e-02,-2.34673480e-02,-1.28001345e-02,2.31870821e-03
-5.39058285e-02,-7.47470159e-03,-1.20279927e-02,-1.85656312e-02,-4.74538614e-02,1.63445784e-02,-2.72806036e-02,-4.14941604e-02,1.98038677e-02,-3.91470427e-02,-1.12310974e-02,-2.33055236e-02,1.20396300e-04
1.71722444e-02,4.00343374e-02,1.02157374e-02,-3.85085383e-02,-4.45558229e-02,1.56112428e-02,-3.52354566e-02,-7.05712031e-02,-1.81855016e-02,-2.74652359e-02,-9.79128311e-03,-1.77315470e-02,4.03950769e-03
5.32828999e-02,3.68508205e-02,2.09701953e-02,-4.26666255e-02,-6.24948633e-02,8.80519829e-03,-1.43599767e-02,-5.37867506e-02,-3.45626746e-02,-2.38598634e-02,-7.37759035e-03,-1.35697909e-02,-6.11628786e-03
7.26018746e-02,6.99179204e-02,2.58050034e-02,-2.51931223e-02,-7.82705323e-02,-2.17658443e-02,8.60866826e-03,-7.06850261e-02,-7.24259894e-02,-1.25397914e-03,-3.85529252e-02,-1.63801984e-02,1.27462715e-03
9.61549752e-02,1.11035521e-01,2.83798907e-02,-6.75155373e-02,-7.14450505e-02,-1.89688891e-02,1.56513744e-02,-4.37567902e-02,-4.85161332e-02,-6.33552079e-03,-1.43410459e-02,2.28069727e-02,2.45303865e-02
3.93653404e-02,8.19379793e-02,3.75756177e-02,-5.23282872e-02,-7.51424404e-03,2.87432668e-02,4.69518231e-02,-3.31153374e-03,-3.38636331e-02,5.70412691e-03,-1.28220638e-02,1.89633748e-03,1.70411565e-02
1.97609915e-02,8.23481383e-02,5.72998793e-02,-5.25137122e-02,7.35950035e-03,-3.04405495e-04,2.13300147e-02,1.02959814e-02,-3.14663790e-02,5.52230127e-04,-9.51108516e-03,-4.66938850e-03,2.56981947e-02
6.87286044e-04,6.33448660e-02,6.63867908e-02,-3.71548864e-02,5.94181299e-02,2.80227201e-02,3.52692882e-02,4.91449505e-02,-3.39935619e-03,-1.09510214e-03,2.52080439e-02,1.60058135e-02,2.50156908e-02
1.16774243e-02,6.29507104e-02,8.07725692e-02,-2.70197270e-02,3.98394763e-02,1.23906747e-02,3.47945656e-02,5.96440706e-02,-3.70985715e-02,-2.56790033e-03,3.33789571e-02,1.05843366e-02,3.74185640e-02
-1.27899972e-02,2.54333201e-02,8.92035867e-02,1.44172370e-02,2.51471908e-02,-3.47547094e-02,-1.74478568e-02,6.52287376e-02,-3.61805016e-02,3.47665174e-02,5.95228980e-02,-1.60547597e-02,1.27468525e-02
2.25615033e-02,4.59558512e-02,1.02705879e-01,3.58758809e-02,2.92827358e-02,-4.68584379e-02,-4.79846838e-02,4.96378923e-02,-4.64347559e-02,2.26350551e-02,5.41997154e-02,1.11505394e-02,-5.49581620e-03
1.40696568e-02,-2.65418628e-02,9.30142775e-02,1.00146265e-01,3.65837410e-02,-4.37824299e-02,-6.43590399e-02,4.37592764e-02,-5.87955892e-02,3.59621028e-02,2.19731719e-02,1.35793741e-02,-2.07005746e-02
-3.09534339e-02,-5.43832421e-02,5.01350045e-02,1.28771917e-01,2.24755498e-02,-8.05527302e-02,-6.20687031e-02,3.65565883e-02,-6.31938048e-02,5.53535247e-02,3.74880294e-03,1.58192354e-04,-1.37663668e-02
-2.12662968e-02,-4.90189180e-02,1.48036772e-02,8.19771686e-02,1.69787157e-02,-8.04091741e-02,-1.00187960e-01,1.32905700e-02,-4.07044922e-02,5.62538554e-02,-1.23219712e-02,-3.33455551e-04,-1.81742471e-02
9.59117982e-04,-5.10059730e-02,-1.02705857e-02,6.95018841e-02,3.89072648e-02,-3.56392815e-02,-8.17782606e-02,-2.50813010e-03,-3.68731483e-02,5.50924351e-02,-2.64039618e-02,-2.22730827e-02,-5.68545495e-03
-1.00839129e-02,-3.13643030e-02,-8.06758012e-03,6.59498963e-02,2.87818570e-02,-7.54776194e-02,-1.21447325e-01,-2.19274541e-02,2.69646320e-03,5.10076022e-02,-1.57303849e-02,-3.82682087e-02,-1.64210348e-02
-4.84295867e-03,-3.57301589e-02,1.54896529e-02,7.65446303e-02,3.21081957e-02,-5.28084786e-02,-8.25981647e-02,-6.64934576e-03,4.65500017e-02,2.89965947e-02,-1.35224825e-02,-2.34021401e-02,-1.92515462e-02
2.31616467e-03,-2.81439761e-02,-3.67405363e-03,5.19617200e-02,5.77821513e-03,-7.19871978e-02,-3.75171812e-02,-1.24233247e-02,4.77188015e-02,2.59810906e-02,1.90015878e-03,-1.25306397e-02,-3.84318033e-03
2.45579943e-03,-2.95889407e-02,1.50901311e-02,7.15200676e-02,1.32020249e-02,-6.04496065e-02,-1.24830677e-02,-8.76975246e-04,3.81257975e-02,1.46049603e-03,-3.30518453e-03,-5.60989737e-02,-3.58656127e-02
1.23057417e-02,1.09283972e-02,3.60125234e-02,4.96547178e-02,7.75120204e-04,-7.36965227e-02,-4.27084836e-03,-4.45115428e-03,2.31766987e-02,-3.72810655e-02,-1.15790714e-02,-3.41387130e-02,-2.67885453e-02
9.71613324e-03,-1.15072060e-02,4.20032509e-02,3.18143564e-02,-2.46680793e-03,-6.21028725e-02,-9.06917080e-03,-6.89499646e-03,1.23454736e-02,-5.02281348e-02,3.90651832e-03,-5.52287115e-03,-1.77584628e-02
-8.13702512e-03,-2.09295288e-02,-8.13925234e-03,1.43185953e-02,9.89760430e-04,-5.13005967e-02,-9.57452419e-03,7.99431925e-03,4.62022992e-02,-2.03369525e-02,3.39405462e-02,2.73036148e-02,1.22008653e-02
-1.99608199e-02,-4.58438586e-02,-6.52360278e-02,-3.16468597e-02,-2.55257272e-02,-5.71381952e-02,-1.18448749e-02,6.73563108e-03,6.00481706e-02,2.19593228e-03,3.15706262e-02,2.42683734e-02,1.04710335e-02
-1.30131740e-02,-4.74177168e-02,-1.07629168e-01,-6.11267708e-02,-3.73917573e-02,-3.81186272e-02,-3.16774280e-02,-2.44934509e-02,5.00153515e-02,4.49568894e-02,3.44726683e-02,2.72396322e-02,2.50784348e-02
-3.69219228e-02,-3.10451084e-02,-9.53255718e-02,-4.77185308e-02,-1.65007946e-03,-1.38745745e-02,-3.21931600e-02,-3.23714797e-02,1.26189261e-02,2.90347974e-02,3.23714891e-02,1.38847186e-02,3.30169954e-02
-3.41892586e-02,-1.12130737e-02,-6.49710928e-02,-4.85433734e-02,-1.14217034e-02,3.79490152e-05,-3.64752917e-02,-1.09829678e-02,1.17445032e-02,4.29079855e-02,1.60435647e-02,-1.54667444e-02,5.72597175e-03
-1.68284841e-02,9.34290674e-04,-5.59999580e-02,-6.06499251e-02,-2.50117109e-02,-2.26633368e-02,-3.30412436e-02,2.46127598e-03,3.21505643e-03,5.07322044e-02,2.11482017e-02,2.02698895e-03,3.89456171e-03
-6.99658947e-03,2.56680502e-02,-2.48374423e-02,-4.54359680e-02,-1.83136241e-02,-1.95868135e-03,-1.37831048e-02,2.03089608e-02,2.04729029e-02,3.57484489e-02,4.54723161e-03,-7.99165411e-03,-2.63008133e-02
-1.66276454e-02,3.71781131e-02,-6.75287823e-03,-2.42202138e-02,2.40154113e-02,3.32703610e-02,3.14261294e-04,1.59596323e-02,2.00130303e-02,1.03384088e-02,-1.45614777e-02,1.62648481e-03,-1.62026262e-02
1.95434189e-02,5.64511715e-02,2.10577900e-02,-3.70650334e-02,2.46774240e-02,4.22085800e-02,2.31296235e-02,-1.42125354e-02,8.23672170e-03,-2.99661720e-02,5.71737114e-03,1.37014361e-02,-2.70549004e-04
5.19837786e-02,7.08446929e-02,3.29568714e-02,-3.43041186e-02,2.54366193e-02,6.81708949e-02,1.83890234e-02,-2.71003792e-02,2.09834769e-02,-1.56702148e-02,1.20914343e-02,1.44565879e-02,-4.91307548e-03
4.44673117e-02,6.01566950e-02,1.23184140e-02,-1.99529239e-02,2.92275627e-02,1.02230991e-01,5.70448327e-02,-4.79942850e-03,5.67677729e-02,-1.36452253e-02,1.76869659e-02,1.09971560e-03,-2.47866995e-02
-1.59459577e-02,3.26793238e-03,-3.19930941e-02,-2.67455859e-02,1.02545912e-03,7.62622578e-02,2.54678100e-02,3.85147934e-03,5.02667180e-02,3.13956702e-02,5.36122679e-02,1.14194596e-02,-5.16554057e-02
-1.51108024e-02,4.63085358e-03,3.29010255e-03,6.44024294e-03,5.53591228e-03,9.53010266e-02,5.49487385e-02,-3.73132259e-03,-9.18369632e-03,-4.83682227e-03,5.12461053e-02,2.94280826e-02,-9.26121227e-04
-1.60653533e-02,-7.65676078e-03,1.43369198e-02,9.74866561e-03,-2.57222528e-02,6.91175102e-02,1.82942885e-02,-5.30181527e-03,-5.32726378e-02,1.14943911e-03,4.55083878e-02,8.31493387e-03,2.78230092e-04
-1.53270239e-02,-2.22466090e-02,5.27571177e-02,6.31454197e-03,-4.11520781e-02,4.77710424e-02,1.51639768e-03,-8.44966936e-03,-9.39601046e-02,-2.52668575e-02,4.28401338e-02,2.98348986e-02,1.46242438e-02
-9.09230501e-02,-4.25604720e-02,5.90911198e-02,-2.31326310e-02,-5.57724138e-02,4.85695617e-03,-2.28812033e-02,8.78561735e-03,-1.09872275e-01,-2.34464271e-02,5.30218007e-02,7.26235422e-02,5.31316831e-02
-6.27214789e-02,-4.72421852e-02,2.79994268e-02,-3.15798488e-02,-1.05587545e-02,1.55031841e-02,-4.33714591e-02,4.36169867e-03,-1.08113314e-01,-1.51321720e-02,5.56864629e-02,9.58959484e-02,6.28184232e-02
-2.41781490e-02,-2.89831055e-02,1.72695721e-02,-2.61985951e-02,1.05041238e-02,-3.24567364e-04,-8.39137390e-02,-4.88271174e-02,-1.11392758e-01,-1.51196718e-02,6.27436019e-02,1.21603687e-01,8.07949931e-02
8.20818961e-03,-2.35405017e-02,1.88727496e-02,-3.14199880e-02,2.22467833e-02,2.29649325e-02,-6.31560449e-02,-5.50593806e-02,-9.90989160e-02,-1.25950236e-02,5.00065250e-02,1.04604411e-01,8.33346466e-02
2.03221412e-02,-3.36989540e-02,2.62988205e-03,-3.02865231e-02,3.34713399e-02,3.40947531e-02,-7.41090860e-02,-7.86730998e-02,-7.77904897e-02,7.53730038e-03,4.70788513e-02,9.74200755e-02,4.56072396e-02
2.55328302e-02,-5.41861732e-02,-4.13747274e-02,-3.59481745e-02,4.71050126e-02,2.16810414e-03,-5.63899864e-02,-5.40158850e-02,-4.68434976e-02,3.08501144e-02,4.72054061e-02,6.40149302e-02,-2.59833089e-03
5.85602954e-02,-5.49837512e-02,-4.56596732e-02,-3.40317764e-02,3.73180771e-02,3.24332733e-02,-2.39231344e-02,-2.58145182e-02,-3.05793486e-02,1.51478575e-02,4.75130448e-02,4.48405156e-02,7.93531552e-04
7.35286105e-02,-6.44988961e-02,-3.69734204e-02,-3.18667616e-02,2.70774286e-02,2.57099816e-02,-2.72588384e-02,-1.75273198e-02,-2.74003123e-02,1.85313325e-02,4.06912328e-02,3.64553966e-03,-1.19298677e-02
1.13216856e-01,-6.63980321e-02,-5.46643484e-03,-1.99282850e-02,3.65429064e-03,2.17530977e-02,2.79514632e-03,1.68249356e-03,-1.22598693e-02,-1.33991494e-02,2.67327891e-02,-1.71260453e-02,-1.75912903e-02
5.08189441e-02,-7.99282810e-02,5.94557758e-03,-3.47702538e-02,-1.21066120e-02,9.70676292e-03,1.27275571e-02,7.54455564e-03,-1.51365085e-02,-3.25610928e-02,1.04716895e-02,-2.41994359e-02,-5.37136071e-03
6.22123835e-02,-5.57747118e-02,7.95258796e-03,-3.41537484e-02,-4.36709284e-03,4.25809367e-03,2.47495234e-02,1.99319857e-02,-8.94732202e-03,-2.76079194e-02,-4.87155148e-03,-2.11630624e-02,-4.42522622e-03
3.64723604e-02,-6.92547948e-02,-2.16779709e-02,-4.68546079e-02,-9.09440221e-03,-2.25178383e-02,-1.65261376e-02,7.12954678e-04,-8.71919101e-03,-2.03340361e-02,-1.47370750e-02,-2.41653115e-02,1.52561187e-02
1.44732506e-02,-2.54632196e-02,-7.42761593e-03,-3.18976775e-02,-2.12331348e-03,-2.46710989e-03,1.11298380e-02,2.12520776e-02,4.13470898e-03,-7.90503024e-03,-1.86363565e-02,-2.31390010e-02,2.45027576e-02
-2.28439862e-02,-1.04770271e-02,-7.75833991e-03,-1.49484875e-02,-4.15430265e-03,-1.06852157e-02,-2.51540312e-02,8.62903904e-03,-3.26319990e-03,1.85549028e-03,-2.96184873e-02,-1.90032906e-02,1.91780196e-02
-3.21660395e-02,3.36075762e-02,-4.55489962e-03,4.19267819e-03,6.38276490e-03,-1.37128662e-02,-1.41347139e-02,-9.53394449e-03,-9.58038587e-03,1.81712072e-02,-3.01299095e-02,-7.06278505e-03,2.60250172e-02
-2.14205980e-02,3.97223393e-02,-2.91053447e-02,2.19485297e-03,-2.48238113e-02,-2.66456565e-02,-3.28322524e-02,-4.33761102e-03,-2.36535809e-04,2.66763399e-02,-2.64343624e-02,1.09049941e-02,2.40114107e-02
-3.13655709e-02,3.76948959e-02,-4.84084206e-02,-1.72103472e-02,-2.94416749e-02,-5.41016708e-03,-2.90542427e-02,-8.10481634e-04,8.87502767e-04,2.91608835e-02,-3.39605830e-02,-1.09055296e-03,4.83845184e-03
-2.31709797e-02,2.62389911e-02,-5.45228537e-02,-2.10280323e-02,-2.23974637e-02,-5.45689927e-04,-2.72434592e-02,-3.89847024e-03,-3.38397600e-04,3.01704594e-04,-3.42033720e-02,-1.67411897e-03,-3.31727714e-03
-8.57867307e-03,3.13264388e-02,-4.32589809e-02,-1.97823772e-02,-9.91637464e-04,1.42849304e-02,-1.16499530e-02,-4.25481147e-03,-1.12286481e-02,-2.86520396e-02,-2.81127557e-02,-7.83653840e-03,-1.49967423e-03
-1.44892410e-02,2.99793672e-02,-3.15471300e-02,-1.18281626e-02,1.27030696e-02,2.34911137e-02,-6.61735663e-03,-1.37793725e-02,-5.98246228e-03,-2.93342185e-02,-5.45456154e-03,-1.09670050e-02,-1.01081691e-02
-1.36348838e-02,-7.01568227e-04,-5.50087466e-02,-5.04987215e-02,-6.64179372e-03,1.76851843e-02,1.49762281e-02,-1.00799801e-02,-2.47436288e-03,-5.27846916e-02,-3.97666675e-04,-2.06276247e-02,5.78586781e-04
6.43069175e-03,-8.35580856e-03,-5.25584515e-02,-5.95790551e-02,-1.33330813e-02,-3.38160362e-03,1.52641844e-02,-2.25618976e-02,1.53482686e-02,-4.37796605e-02,7.95824115e-03,-3.07002183e-02,1.05082238e-02
7.61536673e-03,-1.84255479e-02,-3.11511894e-02,-4.89346722e-02,-5.82047865e-03,-1.73123671e-02,3.85603977e-02,-8.93991145e-03,2.72525649e-02,-5.72917588e-02,1.83608118e-02,-2.60024388e-02,8.02243663e-03
-1.10033671e-02,-2.91139137e-02,-4.44011587e-03,-2.02957779e-02,1.22590674e-02,1.25966076e-02,4.33485738e-02,-1.08625374e-02,4.53171389e-03,-6.22529305e-02,1.82346712e-02,-2.71764130e-02,3.77899909e-02
1.23084842e-02,-1.18464999e-02,1.83081149e-02,2.04502022e-02,8.20583375e-03,-1.39803072e-02,4.96106677e-02,8.69512253e-03,-6.87688667e-03,-4.10214749e-02,1.09282402e-02,-1.35949888e-02,3.18757726e-02
3.61495410e-03,1.47342344e-02,4.88198386e-02,2.05849515e-02,-2.18017831e-02,-1.26610844e-02,5.03433399e-02,-3.34956831e-03,-3.18481718e-02,6.33838254e-03,-2.94600492e-02,-1.46827749e-02,4.10763934e-02
-2.88476897e-02,2.12010499e-02,3.38238332e-02,-1.79763383e-02,-6.16746846e-02,-2.21131146e-02,2.82508728e-02,-1.15364549e-02,-2.13145581e-02,5.20776706e-02,-3.53918313e-02,2.43201135e-02,5.58940639e-02
-2.19497974e-02,5.97575101e-02,7.82367234e-02,3.44429151e-02,-2.39091466e-02,3.43492205e-03,3.62631376e-02,-1.54738180e-02,-3.73650247e-02,6.88544374e-02,-3.51045541e-02,4.24595600e-02,4.78432567e-02
-3.12705235e-02,7.74668571e-02,7.09789152e-02,3.62392880e-02,-1.20947052e-02,2.43634003e-02,5.31641136e-02,1.23864025e-02,-5.09828785e-02,9.34236654e-02,-2.05213930e-04,3.59094180e-02,3.50717447e-02
-5.36097725e-02,7.56266604e-02,3.16913095e-02,4.35443329e-02,3.82352368e-04,5.01001392e-02,7.45849062e-02,4.97802144e-02,-6.26709267e-02,1.05607364e-01,3.45676451e-02,1.89595006e-02,1.15478350e-02
-2.93127228e-02,6.57073484e-02,1.90564556e-02,5.31139312e-02,7.13502722e-03,4.41907333e-02,5.16751456e-02,7.42933918e-02,-2.90948213e-02,1.03408245e-01,2.42407781e-02,-1.84014379e-02,-6.10604607e-03
-1.71203300e-02,3.02276244e-02,7.22349744e-04,4.21150768e-02,-3.50175228e-03,1.46483429e-02,3.79895581e-02,8.23043819e-02,6.41130915e-03,8.85510260e-02,7.68664689e-02,-2.32177063e-02,-4.94014686e-02
1.20339290e-03,1.75893818e-02,-1.75090555e-03,7.29553775e-02,1.48027610e-02,4.47039241e-02,3.70561274e-02,1.10785340e-01,1.17865120e-02,3.04360130e-02,6.63449395e-02,-4.53967079e-02,-3.08964070e-02
3.43728298e-02,-2.79850952e-03,-9.15422934e-03,9.47245506e-02,1.93370256e-02,6.07305844e-04,3.15438376e-02,1.13550222e-01,9.89457940e-03,-1.04800517e-02,7.49915168e-02,-4.88785323e-02,-2.24681002e-02
2.16918083e-02,-1.35320925e-02,1.17790560e-02,9.03911740e-02,-2.60026448e-03,-3.59287799e-02,-5.28680163e-03,5.63263882e-02,-2.30913488e-02,-4.51228759e-02,3.53916606e-02,-5.73479952e-02,-1.16665507e-02
-1.19196747e-02,-6.10789689e-02,-2.67280660e-02,-1.61532572e-03,-1.00790955e-01,-8.83415984e-02,-1.90475269e-02,4.84036382e-02,2.82855534e-03,-4.47404766e-02,3.07088908e-02,6.87042241e-03,4.47922440e-02
-1.85698252e-02,-4.29318018e-02,7.16720685e-03,-5.08635452e-03,-8.22366538e-02,-7.22846844e-02,-1.60752892e-02,5.28263861e-04,1.78935310e-02,-2.50171803e-02,2.14391931e-02,4.17318949e-02,5.00871763e-02
-4.19386277e-02,-4.13356933e-02,-3.47083735e-03,-6.05245616e-02,-8.72332401e-02,-6.83860064e-02,7.08060197e-03,1.49097811e-03,8.08044968e-03,-3.36315609e-02,1.90260752e-02,7.55657248e-02,5.65709492e-02
-3.26286524e-02,-2.75022722e-02,-5.34874712e-02,-6.51452804e-02,-4.80986670e-02,-2.19044033e-02,1.52290878e-02,-6.23807058e-03,7.31845413e-03,1.91071917e-05,4.36955596e-02,8.38737508e-02,5.00765893e-02
-9.45324645e-03,2.23002747e-02,-4.22710415e-02,-5.49269996e-02,-2.56922676e-02,-1.15342674e-02,1.17531068e-02,-3.68898129e-02,2.24495601e-03,1.39874467e-02,1.74767322e-02,8.79237989e-02,1.90096290e-02
1.01638457e-02,2.90681884e-03,-7.15253937e-02,-6.27929361e-02,-1.71398680e-02,-1.48407227e-02,-2.24703451e-02,-6.70011096e-02,-6.24696156e-03,1.24540716e-02,2.98616484e-02,6.85700253e-02,-2.59311852e-02
1.31148100e-02,4.56496386e-02,-4.27605211e-02,-4.41090264e-02,-1.08395600e-02,1.13782743e-02,-1.58880521e-02,-6.81573671e-02,-2.92489769e-02,-1.26173259e-03,2.28192702e-02,4.60682745e-02,-6.99698590e-02
5.03515342e-02,5.18219536e-02,-3.04047272e-02,-1.99820740e-02,1.54727207e-02,2.27424848e-02,-3.55393981e-03,-7.35328851e-02,-3.43157700e-02,-3.90289934e-03,2.53438164e-02,2.69987370e-02,-7.88679471e-02
4.82361890e-02,5.06608695e-02,-1.21529571e-02,3.75446121e-03,4.41626345e-02,3.63327040e-02,1.52971295e-03,-6.67101955e-02,-4.92769410e-02,-4.17741952e-02,1.60742095e-02,9.34275299e-03,-8.54692343e-02
4.03318522e-02,2.45144646e-02,-2.17180889e-02,-2.83835607e-02,8.69603998e-04,1.04145586e-02,4.06831390e-03,-3.74393579e-02,-4.42065336e-02,-6.58765669e-02,7.35800460e-03,-2.06397030e-04,-6.96842304e-02
4.59811225e-02,2.94467775e-02,2.81090079e-02,-7.67971790e-03,1.91538976e-02,1.96325742e-02,3.23519737e-02,-1.89516711e-02,-2.91376640e-02,-5.72643905e-02,2.67752188e-02,2.92119549e-02,-4.29992642e-02
-1.15522727e-03,-5.17255365e-03,3.57124266e-02,-3.00409658e-02,-1.21289584e-03,-2.64188169e-02,8.54414357e-03,-9.99514748e-04,-1.80036415e-02,-6.90540147e-02,5.26048647e-03,8.22144043e-03,-3.08976747e-02
-3.33136193e-02,-3.44323592e-02,1.99812433e-02,-2.00769753e-02,9.30446412e-03,-1.95754815e-02,-1.20744067e-02,3.26713200e-02,-1.99132826e-03,-5.24291928e-02,3.26498095e-02,2.15044560e-02,-1.16378263e-02
-4.29403098e-02,-2.44993143e-02,1.22785589e-02,-2.41475684e-03,3.06814296e-02,-3.85124900e-02,-9.11598261e-03,3.20275389e-02,1.35397610e-02,-3.74940813e-02,4.12115887e-02,4.21181373e-02,-2.08350404e-02
-4.87482699e-02,-2.15748025e-02,2.16601882e-02,3.27651087e-02,6.52496442e-02,-1.80632245e-02,-2.02100999e-02,3.61513495e-02,6.95776893e-03,-3.42512695e-02,5.39772202e-02,3.95324071e-02,-1.47592775e-02
-5.54852772e-02,-2.03326241e-02,8.68246543e-03,1.69305551e-02,3.92000333e-02,-3.19404226e-02,-3.77027019e-02,5.84106194e-03,-4.69157354e-03,-2.03025015e-02,5.09186513e-02,7.49163275e-03,-3.26007061e-02
7.29083879e-03,5.92238729e-03,2.53227888e-02,1.86611802e-02,1.37917723e-02,-2.15086814e-03,-1.19066831e-02,-1.09059988e-02,-1.29614872e-02,-2.58867259e-02,3.21315566e-02,-5.95499619e-03,-5.72085865e-02
1.51951122e-02,1.53240127e-02,3.23508779e-02,8.13092045e-03,8.10879446e-03,6.71168027e-04,-1.35373885e-03,1.76299778e-02,2.83656423e-03,-2.59940051e-02,1.57003931e-02,-2.64440642e-02,-5.35772816e-02
-1.77990945e-02,3.14873988e-02,2.77771910e-02,5.36584560e-03,-5.60767624e-03,1.84737275e-02,3.44291423e-02,6.42401994e-02,3.79347867e-02,-2.99877100e-02,-4.13775862e-02,-6.78571765e-02,-5.68965383e-02
2.49558064e-02,5.87575124e-02,9.00849495e-02,8.23948168e-02,-9.96324777e-03,3.79810212e-02,7.56013475e-02,6.93117056e-02,4.51116638e-02,-5.88225251e-02,-9.09686297e-02,-4.67568878e-02,-2.21877215e-02
2.67286295e-02,5.76434704e-02,8.58932265e-02,8.75488544e-02,-3.16677270e-02,7.44701753e-03,3.15363575e-02,3.74042068e-02,6.10045095e-02,-5.94550028e-02,-1.48471186e-01,-6.42490528e-02,-1.02861588e-02
2.05199105e-02,4.45346300e-02,7.60949976e-02,8.59925560e-02,-5.25668028e-02,-8.19618414e-03,-1.61859313e-03,2.73555057e-02,5.53582574e-02,-5.95095425e-02,-1.61069247e-01,-5.28331748e-02,1.53442183e-02
-8.79209965e-03,6.03467152e-03,3.87169266e-02,8.88624517e-02,-4.38369660e-03,-8.93808342e-03,2.49316883e-02,6.43703590e-02,8.28384517e-02,-4.11416897e-02,-1.56121012e-01,-2.56304480e-02,1.78051505e-02
-2.70165137e-02,-1.63507973e-03,2.62462359e-02,1.13811927e-01,2.06753607e-02,-2.07386509e-02,-1.23015360e-02,6.26484839e-02,5.58756416e-02,-4.07547285e-02,-1.12449609e-01,-4.92736226e-03,2.25883134e-02
-2.33667948e-02,-7.76479064e-03,1.76810743e-02,1.03425362e-01,5.33862673e-02,-1.86850921e-02,-4.81331924e-02,4.23414151e-02,4.74931633e-02,-6.47482869e-03,-9.36812369e-02,7.60718529e-03,2.75127578e-02
2.67632557e-02,1.75700644e-03,1.57043115e-02,7.20636972e-02,2.15265676e-02,-2.66148827e-02,-4.72781802e-02,1.40621977e-02,1.71187684e-02,6.74660861e-03,-5.07020883e-02,2.94150550e-02,1.06546181e-02
-1.74935231e-02,-5.47861004e-02,-4.85736561e-02,-2.15774150e-02,-6.36772656e-03,-6.61744411e-02,-9.13868458e-02,-1.55463848e-02,-6.95207566e-04,3.13296515e-02,3.68664596e-03,5.31564679e-02,1.54989773e-02
-2.95924511e-02,-2.35092081e-02,-6.48616824e-02,-4.62435230e-02,-1.16466730e-02,-7.86378303e-02,-7.25383948e-02,-1.43555361e-02,1.15131290e-02,4.02429905e-02,1.33281887e-02,4.57326285e-02,-3.05847710e-03
-2.14244800e-02,-2.85815949e-02,-4.32742942e-02,-2.67495096e-02,-3.23251145e-03,-5.39318176e-02,-2.01218955e-02,-2.01976224e-02,1.74422592e-02,3.75033402e-02,-1.23659631e-02,2.61930920e-02,1.78131353e-03
-1.46983889e-02,-3.06953472e-02,-4.61762868e-02,-4.08727928e-02,-2.70524170e-02,-5.44747334e-02,-1.91857797e-02,-7.61152009e-02,1.41297553e-02,3.74533065e-02,-3.47047524e-02,3.25538264e-04,3.47492243e-03
7.35003549e-03,4.91740119e-03,-1.16050434e-02,-3.73258116e-02,-2.33065645e-02,-2.46986500e-02,5.11866713e-03,-1.01550259e-01,1.69069490e-02,4.17062596e-02,-5.25302650e-02,-2.61871612e-02,1.00890311e-02
6.65013429e-03,2.48228580e-03,-1.82547933e-02,-5.11886953e-02,-7.98192364e-04,7.36770718e-03,3.78781648e-02,-8.17734790e-02,3.30223925e-02,5.97175623e-02,-4.21647880e-02,-3.76250834e-02,2.66210648e-02
8.22718563e-04,1.28689048e-02,-2.18600679e-02,-3.95865320e-02,2.42321075e-04,-9.85561333e-03,2.01461317e-02,-8.48586978e-02,7.92863542e-03,3.73296785e-02,-3.75157378e-02,-8.03652427e-02,1.37694187e-02
3.25990851e-02,3.91599119e-02,2.20062163e-02,-1.68273023e-02,4.18948094e-02,3.09994745e-02,2.49981823e-02,-6.42782135e-02,3.50878396e-03,2.54423146e-02,-5.35226804e-02,-8.01279760e-02,7.47863418e-04
5.85031395e-02,7.14279647e-02,5.62237258e-02,-1.62323765e-02,4.78419558e-02,4.91587322e-02,2.87329715e-02,-2.94599127e-02,1.05306244e-02,4.79611943e-03,-4.99839287e-02,-7.45803736e-02,3.89468319e-03
-5.30208733e-03,3.42556049e-02,4.17856430e-02,-4.52609402e-02,1.14484969e-02,1.23983201e-02,-3.81700797e-02,-4.03243651e-02,3.34362980e-02,9.80345336e-03,-7.47878906e-03,-4.37508636e-02,7.60918495e-03
1.19152798e-02,5.22942672e-02,3.43241633e-02,-1.95333347e-02,-3.09114344e-03,-8.02818362e-03,-5.75798627e-02,-3.51340394e-02,1.99645686e-02,-1.26631825e-03,1.94652461e-02,-8.13375181e-03,4.29703116e-03
-5.18840258e-02,7.90874978e-03,2.20015328e-02,7.30901161e-04,-6.31668165e-03,1.95882887e-03,-4.77755748e-02,-2.49800342e-02,1.59095270e-02,-1.40957588e-02,1.86138442e-02,-3.16457202e-02,-2.23997824e-02
-3.86265156e-02,-8.35930660e-03,2.25139049e-02,2.80171674e-03,-3.75239738e-02,6.81418493e-03,-4.57939429e-02,-4.04767000e-02,1.03111785e-02,-1.17263463e-02,2.32695721e-02,-1.78797382e-02,-2.83733240e-02
-2.91484816e-02,-1.27593347e-02,4.87088322e-02,1.97845470e-02,-1.49979881e-02,4.65141531e-02,-1.56306830e-02,-3.71818472e-02,2.56111369e-02,4.70371441e-03,2.60249451e-02,-8.58460538e-03,-3.31716070e-02
-9.27679412e-03,-2.17421660e-02,1.79402397e-02,-4.70840482e-03,-7.32555549e-03,5.98594462e-02,-1.65959490e-03,-4.18973513e-02,2.34505628e-02,7.48078952e-03,1.98267326e-02,-8.82369997e-04,4.39792238e-04
-2.64159943e-02,-4.02971073e-02,-8.35886131e-03,-1.35790578e-03,1.04025589e-02,5.71793210e-02,1.70628088e-02,-3.15093379e-02,1.31956766e-02,3.11300990e-02,4.22236742e-02,1.92828882e-02,-7.15346395e-03
1.33421294e-02,-2.30720854e-02,-3.39544746e-02,-2.55502819e-02,1.94156783e-02,9.11571465e-02,3.93928543e-02,-8.25862503e-03,-7.18672565e-03,2.35408590e-02,5.87104003e-02,2.41356652e-02,-1.30369265e-02
6.69673446e-02,-4.34089852e-02,-7.02082828e-02,-5.57201183e-02,4.16284399e-02,1.31615988e-01,6.74933968e-02,4.72388968e-02,-1.83747290e-02,-1.17785984e-02,4.33537029e-02,4.18864703e-02,2.00922954e-03
5.53080219e-02,-1.43822209e-02,-5.34225480e-02,-5.25760306e-02,1.23039952e-02,1.05242427e-01,7.79184252e-02,4.22116738e-02,-2.94317729e-02,9.59944352e-03,6.21178005e-02,4.40890238e-02,-1.35840144e-03
9.09627179e-02,1.84761248e-02,-3.58088713e-02,-3.80976162e-02,-1.74190485e-02,7.36666141e-02,9.80815424e-02,6.43151234e-02,-5.74004406e-02,-2.19933174e-03,6.30087798e-02,6.09139531e-02,1.80890949e-02
4.84322464e-02,-2.64739584e-03,-2.68384436e-02,-2.49358000e-02,-6.20188367e-02,4.17597310e-02,6.75814328e-02,6.24463580e-02,-8.63360322e-02,-2.80336401e-02,3.97465446e-02,2.05040763e-02,5.32914385e-03
1.58433303e-02,9.65899936e-04,2.71301110e-02,1.95250897e-03,-1.22531110e-01,-5.49526353e-03,2.40335736e-02,7.37718784e-02,-7.42461248e-02,-2.68577499e-02,9.71909650e-03,3.02955198e-02,2.28173469e-02
2.49387405e-02,-9.05718315e-03,6.30320744e-02,3.84659401e-02,-1.32114738e-01,-3.56673269e-02,-2.59889616e-04,6.45364778e-02,-7.50757248e-02,-1.85576885e-02,4.96860657e-03,2.34188373e-02,1.05392272e-02
3.08530898e-02,1.00982224e-02,9.91035879e-02,4.82708886e-02,-1.19890788e-01,-3.09306976e-02,-7.16898488e-03,5.03167945e-02,-8.31643420e-02,-4.16355249e-02,-3.70716079e-02,8.86494269e-04,2.91050792e-02
1.58168429e-02,-1.43736662e-02,1.09581799e-01,6.58456320e-02,-9.95939422e-02,-3.66820542e-02,-2.72833816e-04,5.57664947e-02,-5.67164608e-02,-4.15504504e-02,-5.12984869e-02,8.82767717e-03,6.73002831e-02
2.52224496e-02,9.64722933e-03,1.02712582e-01,6.77125514e-02,-7.17150198e-02,-3.48685290e-02,-2.72209078e-02,3.09353138e-02,-2.38294149e-02,-9.38097103e-03,-6.93495042e-03,-2.65930442e-03,5.22558611e-02
7.09487046e-02,-2.34056117e-02,8.13003746e-02,4.19697399e-02,-3.35597451e-02,-4.20040704e-02,-4.70043900e-02,3.01736136e-02,9.50334454e-03,-2.09429986e-02,-1.31962908e-02,-2.90680989e-02,3.95580030e-02
3.14537383e-02,-1.32576076e-02,7.12664341e-02,2.06873483e-02,-2.66130774e-02,-5.48730735e-02,-4.67140170e-02,4.23101452e-03,2.22772538e-02,2.57510387e-02,1.37737306e-03,-4.43032751e-02,1.42673554e-02
2.00405923e-02,-1.33390681e-02,3.53843755e-02,-1.02205459e-03,-5.29195926e-03,-5.09839811e-02,-9.82531850e-03,-6.77443204e-03,2.09451419e-02,2.93627615e-02,2.94302351e-02,-2.48484122e-02,2.08081954e-02
1.50094062e-02,-3.54731439e-02,-1.21031595e-02,-5.54190401e-02,-2.43887550e-02,-6.32119668e-02,-2.35672733e-02,-5.80144341e-03,7.49399988e-03,2.95153787e-02,2.26200222e-02,-3.62191354e-02,1.63507122e-02
1.60220212e-03,-3.11912199e-02,9.99791413e-03,-6.52089444e-02,-3.22605261e-02,-7.48548882e-02,-5.83118038e-02,-1.33034018e-02,3.19710433e-02,4.88670468e-02,3.27013328e-03,-4.37397834e-02,6.29660537e-03
1.94827152e-03,-2.88891676e-02,-1.83383561e-02,-7.05008198e-02,9.38665383e-03,-5.92324635e-02,-3.67807076e-02,-2.22741221e-02,2.87193859e-02,5.52216496e-02,-4.80077041e-04,-3.30813499e-02,-4.45795933e-04
2.12415790e-02,3.82468919e-03,-2.67679479e-02,-4.51260532e-02,3.02637499e-02,2.00628331e-02,3.64178320e-03,-2.69468044e-02,1.96583325e-02,4.69093136e-02,1.99415432e-02,-3.77582842e-03,-3.44574647e-02
2.46787834e-02,1.90733584e-02,-4.16466624e-02,-2.50930197e-02,-8.68153196e-04,6.58730222e-02,2.03873549e-02,-3.09487859e-02,2.27755863e-02,2.04245788e-02,-4.47340465e-03,-1.16798822e-02,-3.34864991e-02
3.61072902e-02,2.91319082e-02,-6.60160859e-02,2.56293718e-02,2.82848684e-02,9.90203464e-02,3.84541846e-02,-3.63032079e-02,2.96340613e-02,2.61605505e-02,2.52668128e-02,1.36559384e-02,-5.66209281e-02
4.18035036e-02,2.84589531e-02,-7.11462038e-02,5.46272020e-02,5.34435163e-02,9.01261433e-02,3.60605791e-02,-4.87967178e-02,3.09171020e-02,1.76533451e-02,2.26749955e-02,-1.12456794e-02,-8.51691518e-02
5.17153617e-02,6.65208104e-02,-5.74241122e-02,7.78765978e-02,5.76461150e-02,7.34716792e-02,2.82722886e-02,-5.84163661e-02,3.20280033e-02,1.38933579e-02,2.25547751e-02,-1.04595525e-02,-8.41021035e-02
3.77921024e-02,4.50072349e-02,-9.74668089e-02,8.76677707e-02,6.47971668e-02,5.99882605e-02,3.50945161e-02,-5.76287218e-02,2.42720606e-02,-1.51555491e-03,3.00054222e-02,1.48925069e-02,-6.45700660e-02
4.96560819e-03,6.48642397e-03,-1.33247541e-01,5.83268589e-02,2.25320947e-02,1.09153774e-02,3.26264502e-02,-2.15228446e-02,1.35182125e-03,-3.00437948e-02,2.34293173e-02,2.17751539e-02,-3.97981369e-02
-1.46157243e-03,-3.20780772e-03,-1.05958454e-01,3.10141915e-02,1.23803451e-02,-2.23405938e-02,8.25392050e-03,1.38394137e-03,2.85848195e-03,-2.28917203e-02,-3.88700955e-04,6.87208776e-03,-1.97154552e-02
-1.22699259e-02,2.06771160e-02,-6.61993668e-02,-8.06899808e-03,3.08555311e-02,-4.52255311e-02,-7.13280378e-03,2.08713992e-02,-9.09550857e-05,-8.72299385e-04,-3.10443921e-03,1.84080080e-03,2.92963631e-02
-2.21864248e-02,4.16715187e-02,-2.64437076e-02,-3.68138586e-02,2.99788347e-02,-3.55738703e-02,1.41644133e-02,4.26228231e-02,-4.53328297e-03,7.41824334e-05,2.07853344e-02,2.07345682e-02,5.02929374e-02
-5.27825161e-02,6.18415312e-02,3.48887258e-02,-3.77153249e-02,4.34547111e-03,-1.59588295e-02,2.40572139e-02,5.51782467e-02,2.93544038e-02,1.46354544e-03,-2.20853209e-03,-3.45177060e-03,4.36306791e-02
-7.78696883e-02,4.69707669e-02,6.15701956e-02,-1.03952693e-03,2.84240603e-02,-1.85092554e-02,2.38337185e-02,4.74782886e-02,3.01856599e-02,3.36269249e-03,-1.71457259e-04,3.97979941e-03,3.82106351e-02
-8.98951822e-02,2.49394634e-02,5.94857779e-02,3.94880024e-04,2.51702652e-02,-2.49871549e-02,-5.91070093e-04,3.58563760e-02,1.90687042e-02,-2.78680229e-03,-1.55337989e-02,-7.62507298e-03,2.94040199e-02
-9.46944100e-02,9.48022329e-03,3.96404460e-02,-4.53951028e-03,3.45824727e-02,-4.48219759e-02,-2.63872963e-03,4.90624226e-03,-2.57650109e-02,5.44133637e-03,-1.09600904e-02,-2.00219670e-02,1.42617148e-02
-1.10093229e-01,-3.36674758e-02,-9.53958062e-03,2.77400754e-02,9.68658424e-02,-2.34167650e-02,2.93448523e-03,2.35767047e-02,-3.36713084e-02,1.10732766e-02,-7.80183334e-03,4.78493393e-03,2.08180817e-02
-8.69615392e-02,-8.00093967e-02,-7.69537316e-02,3.69988825e-02,1.14918500e-01,-2.96924143e-02,-8.75706894e-03,-5.92696548e-03,-7.08565524e-02,7.40172273e-03,1.98442355e-02,1.59881934e-02,7.14103596e-03
-8.50025080e-02,-1.13393219e-01,-1.37591223e-01,2.54774052e-02,1.16910298e-01,-2.71110950e-02,-1.62349226e-02,-4.73752460e-03,-8.17737465e-02,-3.36003236e-02,3.29005544e-03,3.92473391e-02,-1.12722204e-02
-2.37586467e-02,-9.78991327e-02,-1.26629172e-01,3.24356174e-02,1.16072531e-01,-3.94364233e-03,-4.17995070e-02,-5.45752866e-03,-5.94939603e-02,-1.33506664e-02,3.02248227e-02,6.21101612e-02,-2.73702576e-02
-3.67073052e-02,-9.49973643e-02,-1.29217596e-01,-3.22010087e-02,6.66210978e-02,-1.85697935e-02,-6.84734929e-02,-3.39778576e-02,-5.24134266e-02,-9.06224839e-03,5.31661694e-02,7.87541643e-02,-2.13198453e-02
-4.52332579e-02,-8.28805468e-02,-5.94951755e-02,-1.20733073e-02,5.38686035e-02,-1.60267064e-02,-6.57032369e-02,-3.03160823e-02,-1.13073679e-03,9.56343980e-03,4.63834681e-02,7.58802167e-02,-2.01663283e-02
-2.11054244e-02,-6.71488600e-02,-8.44433868e-03,-5.37172709e-03,4.65162065e-02,-1.27304002e-02,-5.90450070e-02,-4.97833040e-02,2.49869180e-02,2.29282754e-02,2.94561855e-02,6.19210521e-02,-4.05016852e-02
-1.96722673e-03,-3.23459173e-02,3.97880099e-02,-1.56837612e-02,6.19763679e-03,-1.92352450e-02,-5.63884546e-02,-6.78719929e-02,4.62953616e-02,1.60532880e-02,1.27159218e-02,4.68031056e-02,-3.66126485e-02
-7.55128867e-03,-2.09503386e-02,3.92015135e-02,-6.19431467e-02,-4.25148354e-02,-4.01188458e-02,-3.53722054e-02,-7.21527237e-02,4.56389373e-02,3.55433154e-02,-1.39457358e-02,1.43741337e-02,-4.92158894e-02
-3.98892962e-02,8.12059136e-03,4.20819912e-02,-4.35004737e-02,3.25976570e-03,7.62328568e-03,-1.77033667e-02,-2.64215023e-02,6.68301448e-02,5.81042828e-02,-2.84399054e-02,7.79750859e-03,-2.92645244e-02
-7.75200744e-03,4.09133074e-02,5.09290542e-02,-2.02032954e-02,3.57080695e-02,2.80432794e-02,-5.24760944e-03,-3.79065103e-02,5.95989775e-02,6.72911974e-02,-1.10005453e-02,-9.80980758e-05,-1.14309376e-02
-8.34573366e-03,6.06703688e-02,2.29580749e-02,-4.44767184e-02,3.52955108e-02,3.11341689e-02,5.51578947e-03,-2.60286569e-03,6.54948973e-02,1.96585829e-02,-3.13668346e-02,-6.05562388e-03,-1.36667322e-02
5.37249721e-02,8.83991605e-02,3.40892228e-02,-3.29506117e-02,4.42406788e-02,5.54008325e-02,2.31721451e-02,3.18437387e-02,9.35528139e-02,5.72021396e-03,-1.76544400e-02,-4.05092175e-03,-3.91976787e-02
5.70885750e-02,9.04304835e-02,-2.14771509e-02,-5.55019368e-02,1.61092287e-02,4.32840895e-02,5.58834109e-03,-1.02557157e-03,1.01710863e-01,-1.41925248e-02,-5.44693461e-02,-1.18033695e-02,-2.53707754e-02
3.21660676e-02,6.07983571e-02,-4.41411414e-02,-3.56441504e-02,-3.84375513e-02,-3.42892792e-03,1.62699648e-03,-1.64179497e-02,8.41079318e-02,-2.23565289e-02,-5.78943048e-02,-9.83948036e-03,-1.02832752e-03
5.55101229e-02,5.50783652e-02,-4.11099173e-02,-1.59375034e-02,-4.18079798e-02,-8.22856162e-03,3.28168427e-02,-1.15246829e-02,9.01942035e-02,-1.32688460e-02,-7.42445949e-02,-3.36726887e-02,-2.73941995e-03
6.51474052e-02,5.85879224e-02,-5.78433110e-03,-2.40446768e-02,-6.70860859e-02,-3.74437813e-02,4.19283881e-02,-2.64109186e-02,5.93915573e-02,-1.92688371e-02,-4.08229661e-02,-4.33324755e-02,-1.88218899e-03
4.74743268e-02,4.48534403e-02,2.94522852e-03,-2.58668823e-02,-8.12720486e-02,-5.38403500e-02,3.74124693e-02,-1.58613066e-02,3.72897882e-02,-8.93123048e-03,-2.21879754e-02,-4.65950892e-02,-4.80897336e-03
-1.08096014e-02,6.37308152e-02,2.40571356e-02,3.48461175e-03,-6.47810758e-02,-5.50932678e-02,3.68870078e-03,2.37796621e-02,1.87702061e-02,1.33947949e-02,-2.03299309e-02,-5.75621979e-02,-1.43996412e-02
-6.77790958e-03,6.17836270e-02,7.00197482e-02,5.42285244e-02,-5.47918767e-02,-2.98274660e-02,2.62655818e-03,2.45042780e-02,-2.16750817e-02,2.23280674e-02,5.45287971e-03,-5.63707788e-02,-4.09006189e-03
-1.78990096e-02,5.75434912e-02,1.16797313e-01,4.04715620e-02,-5.64543258e-02,2.59803922e-03,6.22534312e-03,5.97598087e-02,-4.65960238e-02,2.05696811e-02,2.08294637e-02,-5.16770381e-02,7.64103917e-03
-3.43508589e-02,-7.20477425e-03,1.21993841e-01,2.90417096e-02,-2.31398679e-02,3.45497658e-02,6.06287552e-03,9.54433076e-02,-5.71446727e-02,2.75018953e-02,2.93350255e-02,-3.75581452e-02,-2.39643736e-03
-1.31775162e-02,-9.26620596e-03,8.93518784e-02,4.46240874e-02,-6.36113847e-03,2.58880683e-02,-1.71141329e-02,6.65530565e-02,-6.06379869e-02,8.27672405e-03,-8.60728124e-03,-2.83801899e-02,1.42147947e-02
-3.03929887e-02,-6.49383100e-02,2.38604992e-02,1.39977151e-02,-5.46221307e-02,-6.78260454e-03,-4.46051115e-02,3.14813894e-02,-1.16154846e-01,-3.40027290e-02,-8.27243523e-03,-1.90563713e-02,3.32462092e-02
4.93767613e-03,-5.88801551e-02,2.23239582e-03,2.66439123e-02,3.59787578e-03,2.46081897e-02,-2.15883109e-02,3.57093078e-02,-1.08511131e-01,-1.63362325e-02,5.01720794e-04,-2.38960578e-04,6.73753692e-02
3.77371331e-02,-9.45279291e-02,-4.10713954e-02,1.12919957e-02,1.04754534e-02,4.80839492e-02,-3.75809886e-03,1.39104372e-02,-1.25957147e-01,-3.30944177e-02,3.59508617e-02,1.00757560e-02,9.18081610e-02
4.13399201e-02,-1.11780404e-01,-6.87537187e-02,-2.23215151e-02,1.10085881e-02,5.70828087e-02,-3.43411030e-03,-8.95222799e-03,-1.23033317e-01,-3.54477232e-02,5.79882442e-02,2.43390613e-02,8.98564401e-02
2.44116186e-02,-9.63994273e-02,-8.21702951e-02,-1.37889660e-02,3.31959108e-02,4.70840051e-02,-1.36927840e-02,1.16907156e-02,-7.04850851e-02,-2.50037588e-02,8.54011616e-02,3.18527752e-02,5.44612039e-02
4.34629878e-02,-7.59284981e-02,-6.38981673e-02,-7.36452149e-03,2.68033412e-02,2.89431115e-02,-3.01912498e-02,-1.90557956e-02,-3.58567317e-02,-9.97025210e-04,1.00257452e-01,2.91112134e-02,3.91154327e-02
5.31157345e-02,-5.74664880e-02,-1.56171733e-02,-4.36939854e-03,-1.40657592e-04,2.94488379e-02,-2.77561863e-02,-2.97636352e-02,-4.00483733e-02,-4.20152264e-03,8.67983215e-02,2.50484407e-02,2.19821649e-02
3.49366674e-02,-1.01465300e-01,7.56148946e-03,-2.02969119e-02,3.37794383e-02,6.99906762e-02,1.92745127e-03,-2.45789910e-02,-3.10321059e-02,3.60600665e-03,4.89840153e-02,2.26104821e-02,1.66063096e-02
2.94935431e-02,-8.78312438e-02,2.07434097e-02,-3.55131478e-02,2.24761898e-02,2.50373723e-02,-2.03165903e-03,-2.96004140e-02,1.17080119e-02,2.17741692e-02,7.35220666e-03,1.05120577e-02,-7.09759203e-03
2.52018494e-02,-7.48468284e-02,1.94247182e-02,-6.20583419e-02,-2.48865485e-02,-1.47764906e-02,-7.38479694e-03,-3.43689585e-02,7.34015440e-03,-5.98522834e-04,-6.62265624e-03,4.56157947e-03,-1.14943237e-02
2.59291753e-02,-2.01422030e-02,3.22905776e-02,-8.35709515e-02,1.62991944e-03,-1.55714182e-02,-5.66497376e-03,-3.09420002e-02,1.06258692e-02,1.44874339e-02,-1.78690320e-02,1.11951824e-02,8.28676998e-03
5.80016480e-03,-2.16231739e-02,4.12484853e-02,-3.22846796e-02,2.05491365e-02,1.95942015e-03,-8.80654799e-03,-2.62360103e-02,-5.30570979e-03,-4.71893522e-03,-8.18595886e-03,1.17583455e-02,2.52177084e-02
-6.83574217e-03,1.31730732e-02,3.68924900e-02,-4.62897116e-02,1.86255491e-03,1.31176067e-02,-6.49790598e-03,-6.88483086e-03,-1.23088191e-02,1.12969533e-02,-1.47821756e-02,1.00167484e-02,2.32999124e-02
-7.48915121e-03,4.26833605e-02,2.98876453e-02,-1.91089960e-02,-3.71514361e-03,2.87322304e-03,-1.23800243e-02,2.93553841e-02,1.65131167e-02,2.15779278e-02,-9.60927450e-03,1.91432538e-04,-3.10415122e-03
-8.99850784e-04,5.91587580e-02,1.99303373e-02,-2.15596490e-02,2.93489965e-03,3.93843225e-03,-1.19646761e-02,3.33137188e-02,3.33021320e-02,3.43427899e-02,-9.59451424e-03,3.74260471e-03,-7.09252431e-03
-2.15872986e-02,5.69113387e-02,5.36147555e-03,-1.64333554e-02,-2.90057559e-02,2.82491821e-03,-1.89928355e-02,2.91431141e-02,2.36897591e-03,2.18484971e-02,-1.94516240e-02,6.42382289e-03,-1.58085256e-02
-3.13192419e-02,4.55037329e-02,1.49509974e-02,1.33484188e-02,1.10686620e-02,3.57724429e-02,1.03825148e-02,1.81571797e-02,-1.85696325e-02,-3.07559922e-02,-4.46926881e-02,4.59382054e-03,8.49146838e-03
-3.92151789e-02,1.10810792e-02,-2.33947645e-02,-1.91822068e-02,9.51726308e-03,2.62600142e-02,7.09852142e-03,-1.47773237e-02,-1.82150754e-02,-3.05821322e-02,-6.25049714e-02,-3.30587941e-02,-2.07304101e-02
-3.44709119e-02,-1.04529852e-02,-4.41307453e-02,-3.95016111e-02,-2.01243287e-02,2.55728165e-03,2.45420778e-02,-9.24148038e-03,9.50262707e-03,-4.55354005e-02,-4.05694306e-02,-6.42418776e-03,1.08104101e-02
-4.14529478e-02,-2.76339903e-02,-8.75837329e-02,-8.00269942e-02,-2.96895019e-02,-1.07300512e-02,2.99008794e-02,-4.22979936e-02,4.30680338e-03,-6.59614830e-02,-4.37880572e-02,-1.78510680e-02,2.26476805e-02
-5.26406714e-02,-5.29392996e-02,-5.31895746e-02,-2.98360451e-02,-5.41363277e-03,1.57658778e-02,3.28933293e-02,-4.03109392e-02,4.67585900e-03,-9.18437230e-02,-1.32485640e-02,-1.65090123e-03,5.98514182e-02
-4.35024423e-02,-5.62412190e-02,-3.73189747e-02,-1.69620958e-02,-3.73671623e-04,2.20753358e-02,4.52465143e-02,-1.97493760e-02,1.36525184e-02,-8.88712534e-02,2.34111448e-03,7.93805847e-03,6.21356219e-02
1.83499589e-02,-3.90724049e-02,-1.08672921e-02,1.42588754e-02,-3.37287454e-03,1.65277309e-02,3.64675629e-02,1.00505966e-02,5.17876091e-02,-5.11481733e-02,1.80134618e-02,-6.82649502e-03,5.12420007e-02
3.65144699e-02,-2.99935333e-02,3.58101620e-02,2.89452950e-02,3.37469750e-03,7.66612362e-03,3.91577644e-02,4.53541051e-02,5.67096366e-02,-1.04081191e-02,2.91374761e-02,1.22769002e-02,4.00279760e-02
1.06290533e-03,-2.93755266e-03,7.54143107e-02,3.94326740e-02,1.58093438e-02,2.61821016e-02,6.97904700e-02,7.10090030e-02,4.60945427e-02,5.96442108e-03,-4.64224104e-03,1.91102110e-02,1.18051890e-02
1.54715942e-02,5.80288623e-02,1.06413233e-01,1.19111725e-01,5.21326319e-02,3.67983892e-02,6.80267548e-02,6.98736964e-02,2.56870134e-02,9.19501111e-03,-2.62290441e-02,1.89453773e-02,1.29559134e-02
1.29682464e-02,1.06786473e-01,7.01010779e-02,1.17809042e-01,4.05893480e-02,5.45850910e-02,7.64778284e-02,2.77766584e-02,-7.22758432e-04,1.82076486e-02,-3.94226619e-02,-2.49459789e-02,-2.81897358e-02
5.74012463e-03,1.12396425e-01,4.84869224e-02,1.31474142e-01,2.18404765e-02,4.05053084e-02,7.46151933e-02,4.81517174e-02,2.67649134e-02,2.20789151e-02,-8.50957145e-03,-2.37815339e-02,-5.42184464e-02
-2.09590376e-02,1.28468176e-01,4.23610284e-02,1.30843823e-01,2.29472523e-02,3.05945238e-02,4.20759474e-02,1.94483086e-02,1.22835523e-03,9.30201000e-03,-5.01273910e-03,-6.45335756e-02,-1.09479350e-01
-1.01374895e-02,1.28819087e-01,2.99579501e-02,1.43148965e-01,5.04249560e-02,4.80760143e-02,3.00304903e-02,7.97767955e-03,-3.14566676e-02,-2.11215580e-02,-3.56349532e-03,-5.57958493e-02,-1.02544536e-01
-5.16854951e-02,7.54873023e-02,-3.91271221e-02,1.33182660e-01,5.74360857e-02,2.22825247e-02,2.61483799e-02,-1.55656483e-02,-4.62346215e-02,-3.49538192e-02,-2.71342871e-02,-5.47164431e-02,-1.15765731e-01
1.99966992e-02,8.15449866e-02,-5.96377790e-02,8.69613572e-02,5.34939876e-02,1.73092811e-02,1.51704506e-02,-2.25080862e-03,-3.52788234e-02,-2.33292168e-02,-2.97630885e-02,-7.57248876e-02,-9.63935642e-02
2.13662414e-02,4.69853992e-02,-2.51597234e-02,3.41980946e-02,4.71853753e-02,-1.97382940e-02,-1.31835782e-02,-6.99487838e-03,-5.06371970e-02,-6.61698210e-03,-1.44229018e-02,-3.17539914e-02,-7.03391747e-02
-1.29705701e-04,2.65536050e-02,-1.36242348e-02,-1.76200166e-02,5.65499439e-02,-2.61307202e-02,9.78475373e-03,6.01855396e-03,-4.08390100e-02,-7.69204518e-03,-2.94780784e-02,1.44168191e-02,-7.62487261e-02
-4.46129675e-03,3.91262877e-02,1.89509834e-02,-1.38165863e-02,8.54732022e-02,-4.04999925e-02,-1.31555346e-02,3.85654148e-03,-5.02262840e-02,-2.17519993e-02,-5.37930723e-02,4.44829130e-02,-5.29847657e-02
5.86296744e-03,5.46850133e-02,3.69551900e-02,-5.13258198e-02,6.20296306e-02,-2.99076406e-02,-4.06072951e-03,-9.95594419e-03,-3.73403395e-02,-1.95338521e-02,-6.20903289e-02,6.20032751e-02,-3.69281601e-02
3.39432860e-02,4.17718101e-02,1.45327057e-02,-8.12308345e-02,3.67093636e-02,-3.09921093e-02,1.41818022e-02,4.00298217e-02,1.49161806e-02,-2.51273291e-02,-4.85358050e-02,6.77219789e-02,-3.07818016e-02
1.73184650e-02,5.46502580e-02,6.34882956e-02,-6.01256072e-02,3.10367800e-02,-2.27508951e-02,-1.25247337e-02,4.81945306e-02,3.56226732e-02,-1.09880982e-02,1.67520105e-03,4.60252718e-02,-3.64065667e-02
4.54210188e-02,4.58891342e-02,6.81735824e-02,-4.09853275e-02,3.99521214e-02,-1.29161125e-02,-1.65619904e-02,3.02208000e-02,1.98830264e-02,-2.43877263e-02,1.81426604e-02,4.22147233e-02,-5.98359049e-04
4.84961505e-02,1.22750142e-03,1.21567603e-02,-2.50421175e-02,3.92113993e-03,-2.05832601e-02,9.54780352e-03,-8.02889676e-03,1.13035653e-02,-5.69678756e-03,2.83381625e-02,8.83739146e-03,6.30178189e-03
4.75120630e-02,1.25308581e-02,7.67886126e-03,-1.89347252e-02,-7.89182875e-03,-2.62273354e-02,1.44016086e-02,-1.06260948e-03,3.12011889e-02,2.40403906e-02,2.35701935e-02,-4.20322759e-02,1.36359169e-02
5.31137298e-02,1.19246434e-02,1.58593795e-02,-2.07978213e-02,-2.97595785e-02,-3.88468412e-02,-1.66031921e-02,-5.29636623e-02,-2.67985339e-03,2.42875012e-02,4.07158849e-02,-1.09323471e-02,3.14540032e-02
7.92900955e-02,1.79907390e-02,1.98426588e-02,-3.05672901e-02,-5.43495145e-02,-2.26167526e-02,-4.34502710e-02,-6.44279923e-02,2.07391232e-02,4.63827822e-02,8.33181772e-02,5.60560314e-03,3.58465995e-02
4.59746897e-02,7.08207387e-03,8.54634657e-04,-4.37904570e-02,-5.28785710e-02,-1.23483154e-02,-3.79853509e-02,-4.76409052e-02,-1.54390904e-03,4.14732807e-02,8.55631654e-02,3.84835142e-03,2.40619955e-02
4.42133727e-02,-8.81188819e-03,2.52381357e-02,-1.91756002e-02,-7.92454662e-02,-2.03439256e-03,-4.90085909e-02,-4.86097331e-02,-2.19343797e-03,5.26433649e-02,7.29260551e-02,-2.33486218e-02,-3.66637475e-03
6.42760938e-02,-3.17756103e-02,1.87996247e-02,-1.94282477e-02,-8.37826172e-02,-2.06409216e-03,-4.51392080e-02,-1.43825862e-02,-1.52929530e-02,6.26054106e-02,4.96985871e-02,-1.19108538e-02,-1.44969925e-02
4.85242731e-02,-1.82828061e-02,1.79113362e-02,9.22143669e-03,-8.90636250e-02,-1.05942539e-02,-5.84404397e-02,1.60234483e-02,-6.39494759e-03,6.68713565e-02,5.06878273e-02,-9.97975292e-03,-6.51218098e-03
2.74155460e-02,-7.14184659e-03,3.79345582e-02,3.36468952e-02,-9.57074900e-02,-8.35626717e-03,-3.58794615e-02,3.46596399e-02,1.53176335e-02,2.91259445e-02,1.14190407e-02,-1.83222291e-02,4.81304897e-02
1.14230694e-02,-2.45767774e-02,3.87476441e-02,6.74365642e-02,-7.12238906e-02,1.49997874e-02,1.86211403e-02,5.10377752e-02,5.17312066e-02,4.51250839e-02,-3.42026602e-02,-2.97209268e-02,7.44347667e-02
-2.20162134e-02,-4.69064770e-02,6.11770382e-02,1.13412187e-01,-1.91647464e-02,2.98849010e-02,4.66033217e-02,7.62782554e-02,9.13809034e-02,6.28455591e-02,-7.55905060e-02,-3.71983722e-02,9.24359660e-02
-2.60959505e-03,-4.78822219e-02,5.76964629e-02,1.44973508e-01,1.53970238e-02,1.47090726e-02,3.96742229e-02,4.91647579e-02,1.09323258e-01,4.63860180e-02,-8.99965925e-02,-7.41315742e-03,7.86466217e-02
-6.19697699e-03,-5.36618164e-02,9.08778683e-02,1.61411801e-01,8.53115763e-02,5.69110713e-02,2.87747139e-02,3.10076286e-02,1.28625888e-01,2.80820165e-02,-9.49170787e-02,1.55243712e-02,9.43723056e-02
-1.84790713e-02,-5.95805296e-02,7.22610266e-02,1.17220869e-01,1.07086533e-01,6.39997139e-02,5.29298366e-02,4.59952907e-02,1.33960152e-01,2.42816192e-02,-7.95452431e-02,5.29407387e-02,9.84557641e-02
8.81537237e-03,-4.49627575e-02,7.61151218e-02,1.33733964e-01,1.21360517e-01,4.56658706e-02,2.36367922e-02,9.63549972e-03,1.04764445e-01,1.73515016e-02,-7.64152771e-02,1.73866796e-02,6.76158308e-02
3.54537443e-02,-6.93190641e-02,6.13719444e-02,1.29294143e-01,1.41532751e-01,4.96868443e-02,4.23902137e-02,1.45737951e-02,6.87820299e-02,4.45728815e-02,-5.35054194e-02,1.56864491e-02,1.81215165e-02
4.17594736e-02,-6.30563075e-02,3.78379155e-02,1.06172590e-01,1.34677694e-01,5.06927643e-02,2.29708353e-02,4.49573662e-03,4.40586110e-02,4.67464740e-02,-2.39276682e-02,2.59954844e-02,-1.84911917e-02
6.40922524e-02,-1.18046168e-02,3.92750109e-02,7.85634778e-02,7.45052503e-02,2.28522367e-02,2.80578215e-02,-1.76943812e-02,1.08651834e-02,-9.05654308e-03,-2.84403522e-02,2.13694786e-02,-1.67235341e-02
-1.27064307e-02,1.03608427e-02,4.28657112e-02,9.18109520e-02,8.87639675e-02,4.74897184e-02,5.98385530e-02,-1.87987444e-03,2.68623647e-02,-4.94694120e-03,-6.04105428e-02,4.94519950e-03,-5.02986166e-02
-2.55925846e-02,-4.22505487e-03,1.90306523e-02,5.42788404e-02,8.76447160e-02,7.13563118e-02,6.49058811e-02,2.22580059e-02,1.94662780e-02,1.33119649e-02,-5.00493207e-02,1.86096354e-02,-2.95826176e-02
9.40467703e-03,2.32633000e-03,3.08920479e-02,5.24539720e-02,5.42070067e-02,4.86434730e-02,1.26109664e-02,1.78904519e-02,2.88227934e-02,6.21752458e-03,-5.02311692e-02,5.79656623e-03,-4.48214530e-02
-2.91739148e-02,-1.02862407e-02,4.06252331e-02,7.17771024e-02,7.86105542e-02,7.04136214e-02,1.79450777e-02,2.42521285e-02,5.68026592e-03,-1.37556577e-02,-6.42857038e-02,-8.29610254e-03,-3.58501074e-02
-3.25561739e-02,-2.35799264e-02,4.83714935e-02,3.02211386e-02,4.91939562e-02,7.64918042e-02,-1.38960405e-03,2.09686073e-02,1.44535968e-02,-1.21205639e-02,-2.14587861e-02,2.88539145e-02,2.19714281e-02
1.43577683e-02,-2.75327947e-03,2.85973977e-02,1.63250386e-03,1.78435313e-02,5.20254866e-02,-3.10813586e-02,4.86845646e-03,-1.31092743e-02,-4.27799994e-03,-6.60117521e-03,1.48783593e-02,4.34449847e-02
3.55945614e-02,-1.28864807e-02,1.80339177e-02,-1.96450031e-03,4.40460498e-03,3.79196131e-02,-1.14059645e-02,1.36102584e-02,8.70160226e-04,1.36248555e-02,-9.81707404e-04,-2.74513544e-03,3.70145434e-02
3.64037743e-02,6.13477437e-03,1.28245338e-02,-2.94085608e-02,6.51086943e-03,3.76004180e-02,-2.83416531e-02,-1.62083125e-04,9.71483370e-03,5.31047598e-03,-1.63890503e-02,2.69818814e-02,4.45038078e-02
6.62598172e-02,3.21297827e-02,2.34922331e-02,-3.49634737e-02,3.79811524e-03,1.15681262e-02,-4.93704181e-02,-4.96726436e-02,-5.94544257e-03,-1.75506985e-02,-1.03587718e-02,3.67022921e-02,5.87299945e-02
3.21480997e-02,4.91862283e-02,2.80985243e-02,-6.99880087e-03,2.86229478e-02,2.21198955e-02,-5.73711834e-03,-4.94335396e-02,-5.58700299e-03,-2.53261754e-02,-3.01170988e-02,7.06888485e-03,2.49015748e-02
2.83515360e-02,4.45474100e-02,1.78198184e-02,-3.69071432e-02,2.85412883e-02,-3.21594263e-03,1.12788103e-03,-3.54427071e-02,2.17447948e-02,5.67014782e-03,-1.95576906e-02,5.18713107e-03,1.00205884e-02
5.75927896e-02,5.19666539e-02,1.93686931e-02,-3.05277132e-02,1.27410225e-02,-1.72723164e-02,-3.43285553e-02,-5.67065168e-02,9.32211012e-03,7.89921310e-03,-2.39664162e-03,1.28541935e-02,-1.88094363e-03
2.88654800e-02,6.97369801e-02,2.05146257e-02,-1.16994813e-02,2.84359617e-02,-1.67682112e-02,-1.67984186e-02,-5.28315073e-02,-2.01232637e-02,-1.72252729e-02,-2.42948198e-02,-6.30495208e-04,-5.37582196e-03
-2.43538353e-03,5.33318334e-02,3.09008426e-02,-6.51299645e-03,2.62747224e-02,1.04581868e-03,-2.32630398e-02,-4.08640610e-02,-2.83618099e-03,-1.70769154e-02,1.74174501e-02,-7.64099984e-03,2.12466960e-03
6.07826669e-03,5.45547132e-02,1.96453123e-03,-1.85470999e-02,-6.66927933e-03,-1.73806614e-02,-2.47710089e-03,-1.33725532e-02,5.76654536e-03,-4.21819125e-03,2.17241464e-02,-2.55474614e-02,-6.99898961e-03
2.16688175e-02,3.62562067e-02,-9.38969926e-03,4.84873849e-03,-3.06740289e-02,-2.45834594e-02,1.41150554e-02,-2.20531329e-03,1.25308101e-02,5.13960646e-03,2.58635787e-02,-3.35960155e-02,-2.48379819e-02
1.44674293e-02,2.16706368e-02,-3.60329392e-02,6.25103121e-03,-2.15673028e-02,-1.00586444e-02,3.95739175e-02,2.80013817e-02,2.35851820e-02,5.13448142e-03,1.47648404e-02,-3.64101488e-02,-3.00007845e-02
1.32694174e-02,1.51489512e-02,-1.80351185e-02,2.37751533e-02,-3.44125900e-02,-3.05249158e-02,1.90857432e-02,1.63682486e-02,2.71109199e-02,6.72846043e-03,3.60780843e-02,-4.16171163e-02,-1.70084247e-02
-1.32628439e-02,-1.05170247e-02,-2.03002672e-02,2.99968279e-02,-2.60823008e-02,-1.66240459e-02,3.57922504e-02,1.64079374e-02,1.74878044e-02,1.48930379e-02,4.76543510e-02,-2.51035410e-02,-9.47836745e-03
-3.31727715e-02,-2.46644498e-02,1.01496227e-02,1.87191657e-02,-3.19553240e-02,-3.86762678e-02,3.09015298e-02,2.51136340e-02,2.50945354e-02,2.85121445e-02,5.08835734e-02,-2.08268615e-02,-2.78587576e-02
-3.10462723e-02,-3.19181853e-02,4.57715464e-03,-1.44168136e-02,-4.89496608e-02,-3.41217974e-02,3.55002897e-02,1.62652644e-02,1.32364832e-02,2.87682189e-02,3.91123170e-02,-2.65595371e-02,-1.95849753e-02
-3.23151626e-02,-9.12436430e-03,2.09304930e-03,-5.55982174e-02,-7.14376790e-02,-1.57535171e-02,1.08096760e-02,-2.54395552e-02,-3.13887649e-02,1.76014586e-02,4.21006564e-02,-1.26065937e-02,-1.06206682e-02
-5.45679761e-02,-1.97544701e-02,-1.91150211e-02,-6.87527092e-02,-7.47927874e-02,8.33934153e-03,1.38354128e-02,5.84207548e-03,7.76043195e-03,1.57642589e-02,3.86891868e-02,-2.08985574e-02,-5.33301187e-03
-5.70550416e-02,9.29045316e-03,7.35323833e-03,-6.92687886e-02,-8.04279902e-02,2.44624294e-02,-1.38685304e-03,1.64638213e-02,2.97651127e-03,-7.87633078e-03,-8.05867263e-03,-2.96854505e-02,5.04354433e-03
-2.59615028e-02,4.10415799e-02,4.18427526e-03,-5.99143646e-02,-8.67641710e-02,2.05727476e-02,-2.92326081e-02,4.40129770e-03,-5.47406374e-03,-2.21097720e-04,-3.22164566e-02,-1.64741137e-02,8.62130667e-03
-1.12732388e-02,3.27276141e-02,-9.62395298e-03,-4.90186783e-02,-5.40332353e-02,4.73515583e-02,-1.91776612e-02,2.54948879e-02,2.33652057e-02,-1.62614787e-02,-4.33642387e-02,-3.00498402e-02,8.36121055e-03
3.12987402e-02,5.20021979e-02,6.28963316e-04,-2.44591969e-02,-5.04644573e-02,3.47825592e-02,-4.51213883e-02,1.74676614e-02,3.78826722e-02,-2.54507397e-02,-5.90314454e-02,-4.36683676e-02,8.54538995e-03
5.27880669e-02,4.29198753e-02,8.27350374e-03,-1.62971657e-02,-3.85070919e-02,3.53389796e-02,-6.64810584e-02,-6.52364584e-03,4.14700369e-02,1.20955764e-02,-5.15897052e-02,-1.60075030e-03,1.64330912e-02
2.53651385e-02,2.03220468e-02,1.97739788e-02,-9.06354516e-03,2.90904841e-02,2.53053037e-02,-8.26543292e-02,-8.64188702e-03,4.06804521e-02,-4.77023845e-03,-2.88934150e-02,1.75095374e-02,2.58153660e-02
2.28910945e-02,1.76310596e-02,2.15673703e-02,-4.26388634e-02,4.69344627e-02,2.07164548e-02,-3.40915540e-02,-1.75136527e-03,4.36643703e-02,-2.45680557e-02,-6.19236274e-02,9.61703305e-03,3.27617458e-02
2.55396322e-02,2.53128157e-02,2.05693390e-02,-4.57015589e-02,5.34251883e-02,1.18791549e-02,-3.08834741e-02,-3.63500586e-02,3.41613173e-02,-3.05636344e-02,-4.83252053e-02,1.53535746e-02,1.35243412e-02
2.12635552e-02,7.26274200e-03,1.97634173e-03,-6.45596364e-02,5.82070981e-02,-8.31469536e-03,5.97900298e-03,-1.90458353e-03,6.14058080e-02,-2.69539116e-02,-2.92035942e-02,8.31607144e-03,8.53951138e-03
-7.91398504e-03,6.42397782e-04,4.36953589e-02,-3.95100122e-02,8.97274418e-02,2.98342725e-03,1.76977662e-02,-9.93129399e-03,2.11117121e-03,-5.05377003e-02,-3.20733279e-02,-2.53413668e-03,1.52151627e-02
-1.95498029e-02,-1.46215357e-02,3.61863748e-02,-5.25217579e-02,5.18231540e-02,-6.88482467e-03,5.01915033e-02,7.86010036e-03,-8.48517842e-03,-3.53581369e-02,-2.71632280e-02,-1.38282306e-02,1.51833186e-02
-4.78733541e-02,-5.55270640e-02,3.79514924e-04,-4.91002725e-02,2.60429361e-02,-1.94041685e-02,5.45176751e-02,1.72552003e-02,4.71194698e-03,-1.08959249e-02,-6.62585156e-03,2.02133245e-02,2.01459668e-02
-4.00372608e-02,-3.07707805e-02,-5.89771316e-03,-2.68633771e-02,-4.65052133e-03,-1.65891867e-02,5.77425317e-02,1.35149673e-02,-1.76137682e-02,-2.64076317e-02,9.37540329e-04,3.22214904e-02,1.48982856e-02
5.78664025e-03,-2.49416429e-02,-1.25519065e-02,-2.35008667e-02,-2.36594016e-02,-4.31077288e-03,2.97515503e-02,1.05533006e-02,-3.15218094e-02,-4.84590980e-03,-4.47789585e-04,4.85245718e-02,9.42030391e-03
-6.39652872e-03,2.20578609e-03,-3.29905088e-03,-2.03905210e-02,-2.01535156e-02,5.82437264e-03,-1.16284157e-02,2.42478696e-02,-1.78532215e-02,-1.50535224e-02,-1.08763797e-02,2.84971186e-02,1.46223923e-02
1.49957740e-03,2.21337510e-02,-1.17294631e-02,-2.81069643e-02,-4.76711032e-02,-1.56361361e-03,-1.39276169e-02,2.25479469e-02,-3.20913906e-03,-2.22464003e-02,-1.11539808e-02,5.32602106e-02,2.11377278e-02
-2.25614899e-04,1.50717955e-02,-5.01757358e-02,-2.84052231e-02,-6.02386617e-02,-8.66894133e-03,-1.77136950e-02,8.21376407e-03,2.40674822e-02,-2.78790821e-02,7.89928108e-05,6.16835170e-02,-4.71777783e-03
-1.43952496e-02,1.45442824e-03,-5.49692463e-02,-1.79961337e-02,-6.24089794e-02,-3.55601544e-02,-4.07039148e-02,1.04308734e-02,5.12971681e-02,-2.29773947e-02,4.22215706e-03,3.84786562e-02,-2.28942013e-02
1.04792506e-03,3.08026265e-02,-1.54395459e-02,1.12714054e-02,-4.04540796e-02,-2.94777082e-02,-4.76159960e-02,-1.20165066e-02,1.78266247e-02,-3.64755611e-02,8.62948972e-03,2.65816099e-02,-5.79371590e-02
-4.05099438e-02,3.41146144e-02,-4.22778460e-03,4.25833759e-02,-4.46641489e-02,-4.48246497e-02,-1.42524255e-02,1.45919536e-02,1.50413428e-02,-2.06972038e-02,-2.11365371e-02,-1.55734638e-02,-7.78101083e-02
-7.16851437e-02,-2.25899151e-03,-6.70644827e-03,5.41622077e-02,-3.52299377e-02,-5.55166882e-02,1.47903173e-02,2.96544058e-02,1.10389207e-02,5.90581119e-03,-5.98354034e-03,-1.50549259e-02,-8.30061211e-02
-7.39535918e-02,-9.36384935e-03,-7.92814359e-03,6.50095876e-02,-4.13861533e-02,-5.17946935e-02,4.53225977e-02,1.56460958e-02,-3.84111742e-02,6.16693875e-03,1.60631799e-02,4.22168748e-03,-8.06101315e-02
-9.25793661e-02,-4.10572905e-02,-2.08673657e-02,2.06209743e-02,-3.48231537e-02,-3.76796730e-02,6.74694128e-02,2.20885342e-02,-8.81668945e-02,-2.67977091e-02,2.92953255e-02,3.51060533e-02,-7.35931409e-02
-9.24860854e-02,-4.19988131e-02,-3.30755236e-02,1.81351552e-02,-5.16288705e-03,-1.50001249e-02,7.02293178e-02,4.89309523e-02,-9.93324345e-02,-3.63706906e-02,1.61325474e-02,8.63338386e-03,-6.65782574e-02
-7.62769481e-02,-1.29723590e-02,-2.64043924e-02,3.37906003e-02,4.61807012e-02,1.03653580e-02,3.99205510e-02,2.22474262e-02,-1.20516696e-01,-5.10918065e-02,2.40003646e-02,1.33761571e-02,-4.53633333e-02
-9.21566067e-02,-5.77434277e-02,-7.23672471e-02,-2.41381676e-02,2.13316713e-02,-2.94322215e-04,4.97093799e-02,3.52241683e-02,-9.87943018e-02,-5.68425320e-02,2.38014870e-02,1.24869540e-02,-2.86323340e-02
-1.03160715e-01,-8.81034341e-02,-9.56331217e-02,-2.76351273e-02,3.55167654e-02,-1.92686938e-02,1.26781362e-02,1.41076080e-02,-5.80891629e-02,-3.95267221e-02,4.83962436e-02,4.57241468e-04,-1.50422952e-02
-3.31478453e-02,-4.99119260e-02,-6.42254259e-02,-3.86870329e-02,2.59718037e-02,3.46563854e-02,3.41805623e-02,2.44679382e-02,-4.62197563e-02,-5.82120784e-02,4.66799748e-02,-6.51066669e-03,-3.40126983e-02
-4.05484093e-02,-5.82659653e-02,-7.63774571e-02,-2.77206267e-02,-4.10278088e-03,9.25733866e-03,-8.18780626e-03,2.36328877e-02,-2.65335584e-03,-2.77553863e-02,2.21196303e-02,-1.99117500e-02,-3.10283509e-03
3.70354902e-03,-7.96640931e-03,-5.59412615e-02,3.98298536e-03,2.05047044e-02,2.69315647e-02,-6.00643600e-03,4.95833165e-02,1.85074386e-02,-1.69771360e-02,2.56545528e-02,-4.80430226e-02,1.67175086e-02
2.68006933e-02,-7.44766937e-03,-3.85865650e-02,1.51567494e-02,-4.50166997e-03,9.12407620e-03,-2.22313405e-02,2.88077137e-02,2.68256439e-02,-2.16276628e-02,6.76813385e-03,-6.06498889e-02,1.95242001e-02
2.76598339e-02,1.14453322e-02,-1.37840533e-02,-7.73998719e-03,-5.85602551e-02,-1.36961776e-02,-7.18955167e-03,1.91963551e-02,1.65581580e-02,-3.38473243e-02,6.69802650e-03,-2.48862854e-02,2.51336386e-02
4.23071305e-02,1.17781148e-02,-2.40793060e-02,-4.89004236e-03,-5.82435512e-02,-1.89719123e-02,-2.38304626e-03,3.04092224e-02,2.09758679e-02,-1.43960293e-02,3.06728373e-02,-1.82936579e-02,1.52455815e-02
6.10275612e-02,5.46527274e-02,1.91781842e-02,3.11568233e-02,-5.44255009e-03,-2.02520016e-02,-3.48376425e-02,-3.78337253e-04,2.22637103e-02,-1.60442566e-02,2.90940358e-02,9.44103921e-03,5.61035951e-03
2.76444580e-02,1.99612881e-02,5.55458325e-03,2.05560016e-02,-3.45535047e-02,-2.51249277e-02,-3.25229181e-02,-1.14118833e-02,1.47838943e-02,-7.15924544e-03,-8.13557734e-03,5.71792629e-03,1.68517769e-02
-4.38376111e-03,2.48425559e-02,1.84341654e-02,5.55614170e-02,1.84663163e-03,-4.36545438e-02,-3.44060695e-02,-1.82978431e-02,4.45408750e-02,2.16349088e-02,5.70615381e-03,6.03919739e-03,-8.01753627e-03
8.08292777e-03,4.39700862e-02,4.26071406e-02,6.54499110e-02,1.76356982e-02,-3.27860429e-02,-1.55650806e-02,-2.75775936e-03,3.11177108e-02,3.24397940e-03,-1.02333692e-02,1.86089571e-03,-2.87787380e-02
8.26848617e-03,2.85709896e-02,4.16885407e-02,3.37813472e-02,-1.28642960e-03,-4.87160442e-02,-2.07652885e-02,-2.92221324e-02,3.49426535e-02,2.20283206e-02,-6.36308864e-03,-4.83783134e-03,-7.44744986e-03
5.14772536e-05,8.79489056e-03,4.26109806e-02,2.53983808e-02,1.07231175e-02,-1.24919224e-02,-2.34382050e-02,-1.08155019e-02,2.67622902e-02,4.27876694e-02,-2.56813921e-02,-2.99669233e-02,9.76820224e-03
-3.22902603e-02,-8.47902811e-03,3.87140659e-02,5.05973941e-04,1.29786475e-02,1.58827458e-02,-1.37326836e-03,-2.24752971e-02,-8.92166455e-03,1.05901776e-02,-2.89217818e-02,-2.96610078e-02,1.52807654e-02
-3.03343544e-02,-2.89111258e-02,2.23866005e-02,4.99371804e-04,2.10615305e-04,-4.68905142e-04,-1.41540753e-02,-2.37613165e-02,-1.78214614e-02,1.76055378e-02,-1.59076959e-02,-2.56380841e-02,3.70258023e-03
1.61245282e-02,-4.31232362e-02,3.12995893e-03,2.81866669e-03,-1.17410000e-02,2.59992055e-02,2.03151439e-02,1.10497383e-03,-4.21551356e-02,-2.00652607e-03,-1.26010192e-03,-2.67561664e-02,1.08285261e-02
3.31505354e-02,-4.51951845e-02,-6.16638977e-03,-1.09905139e-02,-2.75938662e-02,1.78309010e-03,2.80785516e-02,2.29099676e-02,-1.41346433e-02,2.08660639e-02,1.53980991e-02,-2.99626352e-02,-8.39770044e-03
4.64252133e-02,-4.99082988e-02,-2.88852576e-02,-2.60590158e-02,-1.86647289e-02,2.58500462e-02,3.25489534e-02,2.84661727e-02,-3.68373659e-02,2.32665227e-02,2.55622647e-02,-2.81622825e-02,-1.78088987e-02
3.86386686e-02,-2.94083042e-02,-2.78831233e-02,-3.13487377e-02,-1.37282388e-02,3.26184052e-03,2.34843554e-02,2.13247741e-02,-3.52437949e-02,5.10367837e-03,4.18499917e-02,-1.75346530e-02,-3.94089613e-02
4.78201401e-02,-2.91548396e-02,-3.91641899e-02,-1.38889011e-02,8.76113971e-03,-2.03946216e-02,4.48744085e-03,2.74407734e-02,-2.21170060e-02,-1.61758148e-02,3.45017967e-02,-1.40614736e-02,-1.70334129e-02
1.71442643e-02,-5.81239707e-03,-5.04393074e-02,-3.52271338e-02,3.40488047e-02,-1.94023043e-02,3.55247376e-02,2.30971784e-02,-1.88339230e-02,-1.41668305e-02,3.18672260e-02,1.94309500e-02,-1.33359029e-02
-1.39857349e-02,3.16825993e-02,-1.97374210e-03,-3.72556350e-02,6.17081484e-03,-5.75160706e-02,-1.45843766e-03,2.63952382e-02,1.78624654e-02,-2.89723605e-03,-1.72090910e-02,1.89872715e-02,1.60819958e-02
-6.82446959e-02,2.28523245e-02,-8.55237926e-03,-4.52815595e-02,1.72413608e-02,-6.55948875e-03,1.93873774e-02,1.95206920e-02,-1.72767821e-02,-2.41188673e-02,-3.78751485e-02,2.89500458e-02,3.55806014e-02
-9.07321544e-02,3.28706007e-02,-3.32299588e-03,-2.90404419e-02,1.50530824e-02,-1.48842520e-02,2.25436958e-02,1.83843926e-02,-1.68188371e-02,1.12860468e-03,-3.05642113e-02,6.04621401e-02,1.37702631e-02
-7.26375158e-02,4.40372238e-02,3.02281472e-02,1.91618833e-02,1.85365418e-02,-5.53380161e-03,2.69303778e-02,-6.49955989e-03,-5.39997520e-02,-2.55760754e-02,-4.48815284e-02,7.60868026e-02,4.78484046e-02
-9.46010705e-02,8.10570054e-03,8.00005673e-03,5.21169820e-02,1.18701123e-02,1.16444468e-02,5.81392782e-02,-5.39847910e-03,-7.97091605e-02,-1.08986216e-02,-2.53601274e-02,5.35734785e-02,4.42006315e-02
-8.59507203e-02,-3.97810303e-03,2.25739109e-02,9.17663792e-02,4.30328786e-02,3.18643821e-02,9.22877939e-02,1.59469875e-02,-8.35925556e-02,-1.76602688e-02,-3.13621718e-02,1.77115586e-02,1.79358953e-02
-1.07217854e-02,3.14734530e-02,8.82575380e-03,8.46584677e-02,2.55754244e-02,-8.48797390e-03,5.43376554e-02,-3.09417953e-02,-1.02205977e-01,-2.62867051e-02,2.03593749e-04,1.51882518e-02,-2.21000622e-02
7.05698076e-02,4.52148378e-02,3.01020541e-02,9.62990851e-02,2.39796898e-02,-2.62080079e-02,3.71250269e-02,-4.74603715e-02,-9.52955977e-02,-3.70727713e-02,1.10342810e-02,1.01624783e-03,4.43646656e-03
9.55355297e-02,4.74299432e-02,2.63886624e-02,5.87088953e-02,1.80796413e-02,-7.17961457e-03,3.54306888e-02,-2.03352400e-02,-6.30657896e-02,-2.85595763e-02,1.21509753e-02,2.09797354e-02,-1.13907831e-02
9.71117869e-02,5.60319534e-02,2.33795317e-02,2.03072994e-02,5.52299986e-03,-3.70089578e-02,-4.02933942e-03,-4.06122980e-02,-4.70817524e-02,-3.88266956e-02,-8.20136198e-03,1.47169952e-02,-1.23287372e-02
8.70844455e-02,8.06286821e-03,-1.30027976e-02,-3.89076964e-02,-2.16654786e-02,-4.87088333e-02,-3.60608763e-02,-1.92578923e-02,-2.46493189e-02,-3.99479540e-02,-3.02675734e-02,-3.55795438e-02,-5.69528351e-03
8.80153487e-02,-1.49145995e-02,-1.51517052e-02,-5.74260066e-02,-4.26682489e-02,-1.86300812e-02,-2.01847978e-02,6.23953900e-03,4.89952122e-03,-2.99404634e-02,-1.45552910e-02,-2.00498059e-02,-2.07147905e-02
4.27018239e-02,-3.54850213e-02,-2.85387334e-03,-6.56783456e-02,-3.68122770e-02,-1.56286789e-02,-3.07250396e-02,-9.74120769e-04,3.13165930e-02,-2.27100192e-02,-2.85865407e-02,-1.83120152e-02,-1.16636138e-02
-4.00904835e-02,-9.91880615e-02,-4.15399197e-02,-5.81114174e-02,-3.99945321e-02,3.44691294e-02,-1.24039458e-02,1.10375873e-02,3.36294441e-02,-1.93626279e-03,1.44152802e-02,8.35754530e-03,-2.91378496e-03
-8.88505282e-02,-1.34085918e-01,-3.71197170e-02,-1.78283080e-02,-2.18632728e-02,6.66555488e-02,3.90506439e-02,3.01338244e-02,4.18568597e-02,-1.08364166e-02,1.25748013e-02,6.11387960e-03,1.20366238e-03
-7.05104531e-02,-8.81649119e-02,-3.07854774e-02,-4.16524779e-03,-4.24203874e-02,1.54278809e-02,3.75001921e-02,1.42867913e-02,6.36965742e-02,-9.18686746e-03,2.20732930e-02,1.69815977e-02,-6.16297120e-04
-4.74396051e-02,-7.06881109e-02,-2.50638850e-02,1.15670916e-02,-9.66647653e-03,5.80319136e-03,5.24256232e-02,1.09308454e-03,6.66610890e-02,-2.04945267e-02,1.85381124e-02,3.08930832e-02,-1.43448938e-03
-1.18436760e-02,-3.26704127e-02,1.80683583e-02,1.20400136e-02,-1.51927447e-02,8.89327468e-03,5.17613661e-02,-2.90932309e-04,7.18305184e-02,-3.31728091e-02,-7.40612427e-03,3.13711824e-02,-3.58107628e-03
1.46700733e-02,-1.95959078e-02,4.31606708e-02,7.71193608e-04,1.76912795e-02,2.05153172e-02,2.80101012e-02,-2.13507781e-02,8.61995880e-03,-4.73154659e-02,-2.24688261e-02,2.94984846e-02,-1.42641844e-02
4.84915349e-02,1.43267507e-02,2.53088008e-02,-4.22490091e-02,7.38353207e-03,-3.82828810e-02,-1.07178060e-02,-4.29886411e-02,1.41973341e-04,-3.63631824e-02,-4.17187356e-02,-1.89079418e-02,-3.07439047e-02
7.00071393e-02,2.44766843e-02,5.30251118e-02,-4.76842607e-02,6.92433429e-03,-3.56213047e-02,-4.44554538e-03,-4.67003869e-02,-2.64464330e-02,-1.62329605e-02,-5.03889019e-02,-3.90153906e-02,-4.44565123e-02
6.93045840e-02,3.49249477e-02,6.40641662e-02,-2.18376720e-02,3.73365804e-02,-3.12447665e-02,-1.26794520e-03,-4.81549926e-02,-3.00548406e-02,-8.60151481e-03,-7.13956303e-02,-3.09376095e-02,-2.17148139e-02
2.29344554e-02,2.45313630e-02,3.76700828e-02,-3.42903694e-03,4.83142928e-02,9.84718820e-03,-6.88743894e-03,-3.40876622e-02,-2.71350486e-02,1.15297755e-02,-5.90536688e-02,-2.49616906e-02,-3.58544560e-02
2.37923826e-02,3.12904370e-02,2.46736426e-02,5.99611477e-03,6.08657925e-02,3.62070011e-02,1.31945994e-02,4.61938146e-03,-3.35160821e-02,1.48182420e-02,-2.54821001e-03,6.04548858e-03,-3.23404698e-02
2.97148518e-03,4.01083676e-02,-1.93158066e-02,-1.97316703e-03,-1.11234367e-02,-2.64575809e-03,-2.73769257e-02,1.53366246e-02,-1.80636217e-04,2.35234146e-02,7.24104227e-03,2.11362877e-02,-2.43364059e-02
-5.69629414e-02,3.67897061e-02,-6.39676087e-02,-2.28324020e-02,-2.21495209e-02,3.74593101e-03,-2.42442796e-02,2.63584941e-02,1.11308603e-02,5.38951034e-02,2.21554491e-02,4.07704266e-02,-3.84524486e-03
-1.01421484e-01,1.24278305e-02,-8.19023187e-02,-2.04796772e-02,-5.05986980e-02,1.55539928e-02,-3.51196241e-02,2.40830076e-02,3.91301231e-02,4.88843643e-02,3.53085610e-02,3.50130365e-02,5.10257462e-03
-1.17582862e-01,8.50489709e-03,-9.18159322e-02,-3.16915686e-02,-6.19253540e-02,4.01730290e-02,-6.03902471e-02,1.48547477e-02,1.54108988e-02,4.15031038e-02,9.26091714e-02,6.57654448e-02,3.08994540e-02
-9.43426531e-02,1.92894331e-02,-1.28863424e-01,-3.31976262e-02,-6.37720683e-02,4.16140425e-02,-6.07107191e-02,-2.57677710e-02,2.77655514e-03,2.48658023e-02,9.41241358e-02,4.15153712e-02,2.37305694e-02
-4.34186439e-02,1.88763264e-02,-1.16844149e-01,-1.41776379e-02,-8.30110126e-02,2.20232226e-02,-1.61038677e-02,-2.49395141e-02,-5.52561306e-03,4.46105763e-02,6.63301730e-02,2.19603990e-02,-3.87677645e-03
-1.91177675e-02,1.60779316e-02,-9.84679075e-02,1.35377596e-02,-5.79914188e-02,-3.79547170e-04,-1.72557884e-02,-4.50418336e-02,-2.53944329e-02,3.67701328e-02,6.62731687e-02,1.99240380e-02,2.08307181e-02
-1.90195683e-02,1.83813802e-02,-7.50768919e-02,4.53206167e-02,8.57549262e-04,1.59928111e-02,3.09684395e-03,-4.50706895e-02,-1.45632667e-02,4.76802058e-02,4.40365230e-02,-1.21126392e-03,4.34991386e-03
2.27150707e-02,5.69763188e-02,-3.18220246e-03,8.62540733e-02,6.55188747e-02,1.06873691e-02,-1.51882226e-03,-2.84595354e-02,-6.80607869e-03,7.90180304e-03,4.83046890e-02,-2.68817309e-02,-1.75144668e-02
8.03347060e-02,7.93364375e-02,2.36417070e-03,8.85567644e-02,5.61957783e-02,-1.34148051e-02,4.28809902e-03,-1.41258249e-02,8.88405117e-04,1.46339622e-02,1.06686690e-02,-5.17517631e-02,-5.44196167e-02
5.15343736e-02,7.30764171e-02,5.12524432e-02,9.80336862e-02,4.99488081e-02,-5.20657235e-02,-1.89910016e-03,-5.64688871e-03,2.03812091e-02,5.13078208e-02,1.32877100e-03,-6.56153857e-02,-5.13817404e-02
5.59114051e-02,8.04981679e-02,7.10996525e-02,5.89376455e-02,4.52006613e-02,-5.80138647e-02,-2.39845476e-02,2.53168281e-02,5.03322404e-02,4.95472426e-02,-2.43190173e-02,-5.94416179e-02,-2.77416527e-02
-1.50430373e-02,4.10139646e-02,5.18323626e-02,2.10764038e-02,8.68595322e-03,-5.91534270e-02,-5.80566897e-02,1.82335183e-02,5.30181732e-02,2.36528261e-02,-4.96317843e-03,-3.54459385e-02,-1.81643660e-02
2.30065127e-03,5.10910474e-02,3.85800851e-02,-3.10060165e-02,-1.32421881e-02,-4.01015489e-02,-3.07276579e-02,-6.85197406e-04,4.92507560e-02,2.64327001e-02,-9.51826852e-03,-2.53357817e-02,-2.74946904e-02
2.42891492e-02,5.59027190e-02,3.32312969e-02,-3.73028766e-02,-3.28340244e-02,-2.86801052e-02,-2.24101043e-03,-1.19460123e-02,2.75038881e-02,3.98673421e-03,-2.24879779e-02,2.78744646e-02,-1.75413488e-02
-4.77005889e-03,1.79572686e-02,-8.37875113e-03,-5.68007546e-02,-9.29294204e-03,-2.10441022e-02,2.29842777e-02,-6.83221478e-03,-2.24034992e-02,-1.12504103e-02,-1.42825454e-02,2.06621749e-02,2.52539774e-03
-3.13537010e-02,-1.97061638e-02,-5.80202171e-02,-9.75170996e-02,-3.49393739e-03,8.84255172e-03,5.20762236e-02,9.07297699e-03,-2.34646745e-02,4.90551631e-03,3.38317527e-02,3.58459775e-02,3.99988920e-02
-2.59784294e-02,-4.40853344e-03,-5.62047324e-02,-8.47305897e-02,4.24208984e-02,2.88512380e-02,3.59113949e-02,1.91409300e-02,1.57265686e-02,-1.53077957e-02,3.88453030e-02,2.37401331e-02,3.60791043e-02
1.61292660e-02,3.18971527e-02,-5.83604556e-02,-5.17148288e-02,8.88186974e-03,1.85014687e-02,4.71679630e-02,1.39473617e-02,-7.45177516e-03,-1.26050039e-02,2.19373784e-02,-2.14859996e-03,3.34296357e-02
8.76191464e-03,1.11844007e-02,-3.23609048e-02,1.21778705e-02,-1.49631202e-02,-1.47779446e-02,1.59494060e-02,-2.94908582e-02,-1.19474290e-02,2.90958662e-02,3.16164612e-02,-2.67598774e-02,4.39260824e-02
4.24863066e-02,2.04700701e-02,-5.03335544e-02,-1.55531769e-02,-2.88061880e-02,-3.11808151e-02,2.56958548e-02,-2.24769781e-02,9.45886322e-04,1.50245755e-02,8.92727571e-03,-5.57297814e-02,6.54725972e-02
1.61262544e-02,-4.27928809e-03,-2.83981702e-02,-1.70599265e-02,-2.58123360e-02,-3.96880905e-02,-1.42892593e-02,-2.71596588e-02,1.71535777e-02,-1.15857730e-02,-1.71224730e-03,-5.96335063e-02,5.57774462e-02
4.78998307e-02,5.62280919e-03,-3.03743551e-02,-4.57357256e-02,-1.60820185e-02,-9.26987540e-03,-1.66937188e-03,-3.21899995e-02,1.63027009e-02,-1.78209467e-02,-3.19478128e-02,-5.93539554e-02,1.93616504e-02
2.11966314e-02,9.72248022e-03,2.00044315e-02,-1.97268275e-02,-2.15102611e-02,1.29600805e-02,-1.02402539e-02,-4.78352772e-02,-8.03279693e-03,-1.34904444e-02,-1.26267174e-02,-4.63989723e-03,2.68890587e-02
-1.37348527e-02,-2.19032633e-02,2.17588444e-02,-1.26794827e-03,-1.25137972e-03,1.50874683e-02,2.41761863e-02,3.74848487e-04,-2.59277765e-02,2.16853470e-02,-1.08863373e-03,8.56463940e-03,2.21826187e-02
-3.59076444e-02,-4.24784660e-02,-2.10699880e-02,1.67456380e-03,2.01970275e-02,3.17063312e-02,4.70845980e-02,4.48885347e-02,-2.34499175e-02,4.13839384e-03,1.87956854e-02,1.42047097e-02,5.04518419e-02
-1.43814362e-02,-7.38890865e-03,-3.54878844e-03,-3.28961612e-02,4.13639428e-02,4.56387035e-02,4.85210439e-02,8.47488116e-02,8.90205096e-03,2.60768758e-04,1.58396740e-02,4.81490908e-02,2.41852894e-02
-1.35588781e-02,-1.02015441e-02,3.11921227e-02,2.91972036e-02,1.57635491e-03,4.75043122e-02,1.48748214e-02,6.99197989e-02,-8.86085793e-03,-2.19454733e-02,-2.15392294e-03,2.70940843e-02,-5.75705075e-04
-8.66121236e-03,1.91134820e-02,5.75112080e-02,4.60790821e-02,-2.55594599e-02,2.52008314e-02,-1.51905082e-02,1.45086020e-02,-3.40832615e-02,9.46657135e-03,-2.43785343e-02,3.28926870e-03,1.08629117e-02
1.95822212e-02,2.75302786e-02,2.16473659e-02,1.94750895e-02,-3.89162953e-02,7.16258399e-03,-2.39633668e-02,-7.16823707e-03,-1.56820051e-02,5.57199133e-04,-4.23028817e-02,-5.24874049e-02,3.95753229e-03
3.34057809e-02,-6.95937934e-03,-2.43871374e-03,-2.52884020e-02,-6.21205328e-02,2.69489763e-03,-2.52310109e-02,-2.05336717e-02,1.54720354e-02,1.08553099e-02,-1.67438280e-02,-2.23846149e-02,-6.83849823e-03
3.45804655e-02,-4.89935556e-02,-3.76107400e-02,-4.44256376e-02,-5.38601965e-02,2.73463581e-02,-1.37366860e-02,5.53710591e-03,5.69153192e-02,4.50161587e-02,-1.98147251e-02,-2.76899238e-02,-1.85279582e-02
-3.35896244e-03,-7.61349315e-02,-3.94232617e-02,-5.14904544e-02,-2.86001337e-02,8.20043777e-02,3.05259338e-02,1.30517657e-02,3.64229968e-02,6.95092051e-02,4.54500844e-03,-7.13584166e-03,-1.63746991e-02
-2.09282228e-02,-1.10706236e-01,-5.83240864e-02,-6.20328720e-02,-1.74511102e-02,1.96285102e-02,2.46493727e-02,5.48672858e-03,1.58411649e-02,8.22283341e-02,1.98943214e-02,1.84994925e-02,-2.49005839e-02
-2.28597861e-02,-7.83949745e-02,-9.60396438e-02,-3.94912692e-02,1.56997709e-02,1.21752470e-02,3.36074950e-02,9.03726013e-03,5.91143624e-03,4.61354209e-02,1.32315673e-02,1.29833961e-02,-1.49969234e-02
-3.66961539e-02,-6.92282044e-02,-1.00726547e-01,-5.62863545e-02,2.16544859e-02,-1.36515880e-02,1.29967753e-02,2.07275380e-02,4.71673260e-03,1.90565748e-02,3.31106070e-02,5.13891370e-02,-2.21226065e-02
-1.26698759e-01,-9.06854694e-02,-3.91514245e-02,6.38143921e-03,5.19790910e-03,-2.14924353e-02,-6.61180583e-03,2.55784065e-02,2.56411992e-02,9.58579651e-04,4.46683789e-02,3.77910587e-02,-3.90480805e-02
-1.28582288e-01,-2.02599514e-02,1.33780723e-02,2.31510962e-02,2.21929606e-03,-2.23034216e-02,2.08026556e-03,-1.27413975e-02,1.61601448e-02,-2.05020168e-02,2.69252042e-02,1.04293868e-02,-5.84755673e-02
-8.16104828e-02,6.71225917e-02,5.72829816e-02,2.05041487e-02,6.31424867e-02,-3.86978834e-03,-2.48206622e-02,-5.36124680e-02,-1.08046394e-02,-9.19659423e-02,1.00332891e-02,-4.60248222e-04,-4.73759873e-02
-4.29264269e-02,7.96789055e-02,8.64472874e-02,-2.60121590e-03,-4.96334414e-03,-3.91238299e-02,-2.49093971e-02,-7.39201213e-02,-4.39908602e-02,-1.41877330e-01,1.73044411e-02,2.68898625e-02,-1.95056378e-02
-1.49223980e-02,7.35075562e-02,1.12196653e-01,7.13475911e-03,-2.30258222e-02,-1.13828236e-02,-6.68992884e-03,-6.53824801e-02,-2.77854096e-02,-8.89602302e-02,3.60596506e-02,-1.43379815e-04,-3.10421386e-02
2.24667938e-02,5.29664187e-02,8.53198277e-02,9.94712077e-03,-6.30256028e-03,4.43340404e-02,1.88655818e-02,-3.14368522e-02,-2.42016574e-02,-6.17365678e-02,2.47555822e-02,4.61368244e-03,-3.49985871e-04
4.54683875e-02,1.90172006e-02,6.77291941e-02,9.28236382e-03,-2.14456661e-03,1.70560412e-02,-8.27306287e-04,-3.28411499e-02,-4.95437029e-02,-6.69008375e-02,-1.13970420e-02,-1.85198558e-03,1.82042715e-02
6.71689387e-02,2.15492980e-02,6.91862190e-02,5.20942277e-02,2.09575296e-02,3.92053193e-02,-2.01320672e-02,-6.86253621e-02,-1.06372063e-01,-4.88150970e-02,-7.60483925e-03,4.34582898e-03,2.91313488e-02
7.04942864e-02,-1.59951762e-03,2.69109197e-02,1.42683242e-02,-1.68696832e-02,8.96638590e-03,-1.85004588e-02,-3.95091847e-02,-8.61137279e-02,-3.36888728e-02,9.64431348e-03,2.06204074e-02,3.26940455e-02
-2.68905138e-02,-6.31277238e-02,-2.05084118e-02,2.90685682e-02,-1.59149315e-02,1.14541279e-02,-1.95722398e-02,-1.10025698e-02,-2.38627386e-02,4.42762325e-03,1.02480431e-02,-1.62041747e-02,1.61889920e-02
-2.85915574e-02,-3.58122042e-02,-6.16025835e-02,2.90896311e-02,-1.06442564e-02,2.54128211e-02,-7.48885826e-03,-9.11457346e-03,9.28263050e-03,3.40656550e-02,-2.33623460e-03,-3.77976289e-02,4.56991898e-03
-4.57649135e-02,2.29540871e-02,-4.16767009e-02,1.44024509e-02,2.16179743e-02,3.78287018e-02,-6.19909020e-03,-3.88335546e-03,2.41309961e-02,1.73204433e-02,-1.97129361e-02,-3.92411393e-02,2.77138832e-02
-6.96517068e-02,4.08210250e-02,-3.11249290e-02,-1.93607640e-02,2.53573471e-02,2.05515388e-02,-1.12506809e-02,-1.27025230e-02,9.76806331e-03,1.37296066e-03,-2.79105072e-02,-4.44372992e-02,4.15785757e-02
-7.37753632e-02,7.06916531e-02,-2.08178093e-02,-4.82708780e-02,4.05546299e-02,3.20322165e-02,2.06874902e-03,-3.16379714e-02,-1.24308989e-02,-1.99718347e-02,-3.07989181e-02,-4.76059024e-02,-8.33607692e-04
-5.70617175e-02,7.03156575e-02,-2.11570203e-02,-5.72196085e-02,5.37482932e-02,3.05584842e-02,-2.24893513e-02,-4.29415956e-02,6.25361592e-03,1.11977239e-02,-5.14196478e-02,-3.44729469e-02,1.89483677e-02
-4.85547502e-02,1.92938613e-02,-2.92300745e-02,-4.92218342e-02,4.96565395e-02,2.64025662e-02,-3.51673899e-02,-2.34292174e-02,1.19736803e-02,1.52363672e-02,-4.92511291e-02,-2.32129311e-02,2.71042214e-02
-3.49025126e-02,-2.12848942e-03,2.22303538e-02,3.60745232e-03,8.70759750e-02,4.23360296e-02,-3.47281765e-02,-2.14673283e-02,-2.24857701e-02,3.25032839e-03,-2.79053387e-02,7.91807036e-04,2.90491680e-02
-1.23312832e-03,-1.03991872e-02,7.00278907e-02,7.43526298e-03,7.45306768e-02,1.24502277e-02,-2.35035623e-02,-2.12558579e-03,-2.02157154e-02,-1.76371393e-02,-3.58046332e-03,2.97625260e-02,3.48892405e-02
-2.10068556e-02,-8.91053097e-02,2.22882305e-02,-2.38581839e-03,4.90121644e-02,1.63537245e-02,7.19094804e-03,3.34229086e-02,5.44389446e-03,-2.12275214e-03,3.15447173e-02,4.44758072e-02,8.03925215e-03
6.91540457e-02,-5.96911664e-02,1.41735185e-02,4.74293817e-02,1.46305729e-02,3.73056479e-03,-1.12428611e-02,4.27124685e-02,5.17566878e-03,-1.56818869e-02,3.08403928e-02,4.87928870e-02,-1.96633132e-03
5.31663626e-02,-4.54586197e-02,3.95587785e-02,8.28971601e-02,-6.16767231e-02,-7.89161686e-02,-3.68177948e-02,3.09196521e-02,-7.60421371e-04,-1.50092621e-02,3.29300056e-03,2.97659642e-02,3.65093426e-03
7.57377522e-02,-3.54186825e-02,1.72817367e-02,8.39437123e-02,-6.06306891e-02,-8.35260122e-02,-4.87277942e-02,2.87100806e-02,-1.15423369e-02,-2.29367459e-02,2.92740267e-03,-4.58543539e-03,-1.14612820e-02
7.85073849e-02,1.21612090e-02,1.67287934e-02,7.86665601e-02,-8.69895021e-02,-9.74481961e-02,-6.09649947e-02,1.30520473e-02,-1.23277987e-02,-9.72847137e-03,8.62231013e-03,-4.18782177e-03,-1.11101918e-02
5.78156566e-02,3.28136707e-02,-8.27532276e-03,5.15058123e-02,-9.48129914e-02,-1.04473902e-01,-5.28198905e-02,1.09772754e-02,7.35404895e-03,2.24830061e-02,2.84862167e-02,-7.44541932e-03,1.77156979e-02
-4.26445209e-03,-9.61470002e-03,-3.96322309e-02,2.87510676e-02,-1.11739981e-01,-1.03077951e-01,-3.42839358e-02,-1.77850409e-02,-2.00625109e-02,4.33361009e-02,3.02063493e-02,-1.04224265e-02,1.53910101e-02
-4.05611063e-02,3.90673068e-04,-3.56259018e-02,-1.49111751e-02,-1.17147752e-01,-8.89073663e-02,-2.02457928e-02,-2.04263093e-02,-1.99166640e-02,2.95627714e-02,7.49994835e-03,-1.54589464e-02,1.58602492e-02
-1.16447451e-02,2.09600154e-02,-9.95731730e-03,-7.49421196e-03,-2.75962709e-02,-5.15939461e-02,-2.88523263e-02,-5.76624532e-02,-3.33441883e-03,7.85840238e-03,-3.08373914e-03,-6.08118986e-03,5.01221589e-03
-3.27057775e-02,-1.44972930e-02,-1.40706390e-02,-6.06688693e-02,-5.49338417e-03,7.82000907e-03,1.72494098e-02,-2.85146036e-02,1.51532252e-02,2.83944286e-02,5.09293403e-03,1.28032706e-02,-9.23166298e-03
-1.98538942e-02,-2.08589837e-02,-1.96939444e-02,-3.85251318e-02,7.23381520e-03,3.94186121e-02,3.84471793e-02,-1.20554880e-02,3.57652529e-03,1.13614630e-02,-1.58685816e-02,2.43789544e-02,-2.95372223e-03
-1.88426004e-02,-4.09036110e-02,8.92986271e-03,6.43992134e-03,-3.23656580e-03,5.89020359e-03,2.12165758e-02,-5.28401840e-02,2.19291975e-03,3.28260421e-02,-2.80904595e-02,3.36628246e-02,2.56678086e-03
2.37939837e-02,-4.23887277e-02,1.58261057e-02,1.53980123e-02,3.01805203e-02,2.21462110e-02,4.16446878e-02,-2.68291254e-03,2.33155959e-02,1.09719151e-02,-4.56164297e-02,3.20722567e-02,-2.10300615e-02
7.90895465e-02,-1.03458713e-02,5.33781618e-02,4.89549456e-02,3.92909622e-02,4.60241097e-02,2.51274906e-02,-3.59152962e-03,1.80985879e-02,1.15077510e-02,-4.57228638e-02,3.34305622e-02,-5.60464078e-03
1.18072120e-01,1.33175787e-02,1.88215752e-02,3.70758646e-02,5.16595595e-02,4.35612340e-02,2.90142685e-02,3.64659520e-02,4.52260419e-02,-8.22485959e-03,-3.74597952e-02,2.85297687e-02,1.59388771e-02
5.27572211e-02,1.55906090e-02,2.86656185e-02,6.34956284e-02,7.65725761e-02,3.21611951e-02,5.59417421e-02,3.32805207e-02,1.75918239e-02,1.26837141e-02,-2.78801836e-02,1.26723543e-02,2.26374667e-02
4.58759317e-02,1.13515504e-02,5.73731641e-03,2.66634641e-02,3.86439031e-02,-6.05212197e-03,6.91823744e-02,3.52464430e-02,-1.68627248e-02,-1.26117866e-02,-1.07587972e-02,-2.23710275e-02,3.58355533e-02
6.40553817e-02,3.49986229e-02,6.47473468e-03,7.69538183e-03,7.05913623e-02,-2.30997720e-02,4.22514864e-02,1.52263021e-02,-4.44601253e-03,-2.66096354e-02,-6.23232729e-03,-3.10134250e-02,3.30905678e-03
1.16052371e-02,-6.20274971e-03,-1.96755480e-02,-5.27764124e-02,4.92682989e-02,-3.12958776e-02,1.02371334e-02,1.85997222e-02,1.78142368e-02,-3.78486799e-02,-8.21070894e-03,-3.94186275e-02,-2.25019620e-02
-3.03674510e-02,-3.84155559e-02,-3.94251870e-02,-8.43985901e-02,2.11855007e-02,-6.01106111e-02,-1.62926788e-02,-8.60649830e-03,-1.55013266e-02,-5.34612890e-02,-1.20691712e-02,-4.22452123e-02,-2.80418418e-02
-4.80422317e-02,-6.81246962e-02,-6.82748642e-02,-8.52423995e-02,-1.78195017e-02,-5.49500156e-02,-2.64555084e-03,-2.49047799e-02,1.06264742e-03,-2.87633779e-02,-3.16391356e-03,-5.28364905e-02,-3.47835189e-02
-3.25473297e-02,-4.13331603e-02,-5.35772814e-02,-8.40136746e-02,-1.88184426e-02,-2.49471887e-02,9.72010083e-03,-1.79557239e-02,3.67842599e-02,-1.48043605e-02,-1.93090059e-02,-3.75930457e-02,-3.98737493e-02
3.78399064e-02,-6.33295536e-03,-4.01967155e-02,-6.04880018e-02,-1.81419332e-02,5.26184768e-03,-3.98287401e-03,-2.64636767e-02,3.51285625e-02,-3.94815720e-02,-3.33031369e-02,-2.15980492e-02,-4.68720689e-02
7.52581237e-02,2.04027299e-02,-1.07206636e-02,-3.96447243e-02,-4.47083657e-02,2.10118879e-02,-9.99445459e-03,-1.45065588e-02,6.62999543e-02,-5.37866917e-02,-3.09354512e-02,1.64715691e-03,-4.48007701e-02
4.51713491e-02,6.78787055e-03,-9.00317257e-03,1.21777980e-02,-1.25650114e-02,4.90185633e-02,2.79379588e-04,3.61947320e-03,6.87819784e-02,-7.32470083e-03,-2.86358067e-02,1.18938783e-02,-2.52103434e-02
8.12165479e-02,1.54808341e-02,-1.87457228e-03,3.16074626e-02,-1.60216855e-02,5.35548746e-02,2.01930810e-02,-3.13158646e-02,3.20860677e-02,-2.57471886e-02,-9.51109660e-03,1.68101745e-02,-4.86469990e-04
4.53823141e-02,3.38666557e-03,5.40919620e-03,-5.91455951e-03,-1.46520443e-02,3.02744863e-02,2.67092441e-02,-1.68216474e-02,2.79117666e-02,-1.40617992e-02,-6.71712724e-03,2.03911810e-03,2.36538520e-02
-1.15608471e-02,-2.85065119e-02,1.91030618e-02,-2.06335541e-02,-5.43707104e-03,9.25432392e-03,2.08540384e-03,-1.42299388e-03,1.48316279e-02,-1.26741216e-03,8.02210366e-03,1.43256233e-02,4.84752836e-02
-4.23716079e-02,-1.49068879e-02,4.27386223e-02,-3.53100093e-02,1.94889326e-02,-1.45634443e-02,-3.22974446e-02,2.96899515e-02,9.99095042e-03,1.25608590e-02,1.08964499e-03,4.08032272e-02,4.11453946e-02
-9.20910923e-02,-4.53485907e-03,1.93650623e-02,-3.84787951e-02,-3.32118912e-03,2.03178673e-02,-2.11467006e-02,4.15542505e-02,2.00261963e-03,1.35066620e-02,-1.84602391e-03,1.12113162e-02,3.82096752e-02
-9.83053477e-02,2.92635072e-02,2.75506795e-02,-2.37020622e-02,-2.03920390e-02,4.02800619e-02,-4.08680465e-02,2.67806218e-02,-1.44322139e-02,2.16554645e-02,-2.98485755e-04,-1.37118444e-02,4.47477108e-02
-8.11141636e-02,4.35583171e-02,1.14518738e-03,-2.40408401e-02,-2.57513623e-02,4.60744002e-02,-1.64459205e-02,5.64639759e-02,-5.11389072e-03,3.15317587e-02,2.17411067e-02,8.35469464e-03,4.12854329e-02
-4.69101012e-02,7.72251995e-02,4.19824034e-02,3.04676972e-02,-2.24597706e-02,5.26225451e-02,-2.77657743e-03,4.61618819e-02,-3.51298438e-02,-4.77648988e-03,3.74371955e-02,9.03136795e-03,2.09504129e-02
-1.14671554e-02,6.14816080e-02,1.16225212e-02,5.33478705e-02,-5.85654428e-03,4.55355783e-02,-7.60378645e-03,5.83194754e-02,-6.30802578e-02,1.20802288e-02,3.12242685e-02,-3.35553445e-03,-7.37269126e-04
1.30239626e-02,5.72816620e-02,1.09399404e-02,8.68663161e-02,2.10330516e-02,4.08345665e-02,-1.61148280e-02,1.33799560e-02,-7.26391509e-02,5.35679693e-03,2.03899663e-02,9.37404949e-03,-1.98378171e-03
9.44961362e-03,2.99203088e-02,-4.35116268e-02,1.40568536e-02,5.67660175e-03,2.07383091e-02,-2.00880753e-02,-1.62547508e-02,-5.52104300e-02,-4.40014218e-03,-8.06095885e-03,-3.97242523e-02,-1.50587675e-02
4.91999385e-04,-2.30117856e-02,-3.26179708e-02,-3.14449617e-03,2.83209447e-02,-4.29013450e-03,-1.17816897e-02,-2.35791874e-02,-6.35819208e-02,-8.87732938e-03,-1.29174282e-02,-2.98844571e-02,3.94430615e-03
2.79804056e-02,1.22354006e-03,-1.14225967e-02,-5.92285008e-05,6.29121931e-02,-7.06220250e-03,-2.02629595e-03,1.27679619e-03,-5.01713721e-02,2.84777666e-03,-2.97890166e-02,1.23410279e-02,-4.43777055e-02
3.74104119e-02,7.03576049e-03,1.21860971e-02,3.05197046e-02,7.05084039e-02,-1.31553889e-02,-2.21493453e-02,-3.85564629e-02,-6.01263114e-02,-1.11719981e-02,-4.15599452e-02,1.18596553e-02,-4.32392317e-02
3.09686648e-02,1.18942959e-02,2.30830649e-02,1.78625841e-02,3.24083508e-02,-4.55607025e-03,-6.63494225e-03,-1.57306756e-02,-4.64635176e-02,6.87942125e-03,-4.91963267e-02,-3.06071159e-02,-5.51484583e-02
5.16143507e-02,-2.39662904e-02,2.35397913e-02,-1.10073681e-02,1.89873918e-03,3.08634084e-04,2.35243718e-02,2.77742377e-02,-1.09114979e-02,2.11500567e-02,-2.62524324e-02,-1.40396576e-02,-1.90611207e-02
7.03875966e-02,-5.50085756e-05,6.08014934e-02,5.62699736e-04,9.64903885e-04,4.62851999e-02,1.80511905e-02,1.40133088e-02,-2.80437306e-02,-1.45873823e-02,-1.23908381e-02,-1.07137199e-02,-1.04595815e-02
5.95691207e-02,6.93497591e-03,8.37485104e-02,2.02777629e-02,2.63937189e-03,1.70383889e-02,-2.87723939e-02,5.31375426e-03,-3.86442712e-02,-2.29745749e-02,1.12988305e-02,2.44514621e-02,1.88410342e-02
3.24341191e-02,-5.27905627e-03,7.00476555e-02,2.81016686e-02,-4.77776815e-03,2.43390608e-02,-2.14992000e-02,1.34385575e-02,-2.30716509e-02,-1.79183146e-02,1.96941925e-02,2.56825082e-02,1.50876914e-02
3.21277452e-02,-1.70337443e-04,2.80470377e-02,-2.52641099e-02,-4.70169891e-02,2.64852852e-02,-5.90014263e-03,8.92584784e-03,-1.89784098e-03,-2.15067776e-02,3.16840889e-03,-3.92972221e-02,-1.71020098e-02
-2.34415070e-02,-4.57264671e-02,-1.37042840e-02,-3.27803348e-02,-2.88670047e-02,3.75479240e-03,8.39075269e-03,4.38937786e-03,2.37937261e-02,-1.59766343e-02,1.49047187e-02,-5.07298779e-02,-1.51736601e-02
-1.07056324e-02,-1.85628993e-02,-3.61845050e-02,-3.78848349e-02,5.34296891e-03,8.19732483e-03,2.46626687e-02,-1.84498953e-02,2.03789293e-02,-2.36254909e-02,2.06291400e-02,-3.53806701e-02,-5.11326499e-02
-1.53550547e-02,-2.73224358e-02,-4.31429350e-02,-4.47760914e-03,1.81704384e-02,-2.55497979e-02,3.05710826e-02,-3.57306336e-02,2.70991205e-02,-4.46317896e-02,-1.02613151e-02,-3.61107549e-02,-4.57520367e-02
-3.49818371e-02,-3.67320353e-02,-7.69149649e-02,-3.87591438e-02,-1.58238466e-02,-3.40179731e-02,8.89902270e-02,-5.39306498e-03,7.38890197e-02,-2.05220884e-02,-3.43020057e-02,-4.77712512e-02,-5.73963212e-02
-2.43947677e-02,-8.35083242e-02,-8.98699707e-02,2.12158271e-03,-8.12026517e-03,-3.46171330e-02,1.01535160e-01,1.15480505e-03,7.60725372e-02,-1.91688869e-02,-5.25819278e-02,-3.40962843e-02,-4.91122554e-02
-1.85798517e-02,-5.64804683e-02,-8.30877090e-02,-4.86359862e-03,-8.16592873e-03,-2.46157522e-02,9.06330611e-02,1.03479168e-02,6.44614577e-02,-5.11149489e-03,-2.58375554e-02,-1.24420230e-02,-3.78404712e-02
2.28844820e-02,-1.86712339e-02,-7.37172409e-02,2.23382947e-02,6.13891008e-03,-5.93007687e-02,1.35778770e-02,2.24015544e-02,5.32672364e-02,-1.74799263e-02,-6.35925032e-03,5.19630184e-02,2.53804682e-02
3.28822291e-02,7.97630722e-03,-6.54960010e-02,1.98371490e-02,-6.88466770e-03,-3.01311942e-02,9.81571649e-03,3.96069465e-02,2.92159909e-02,-3.50343774e-03,2.24518308e-02,5.29258754e-02,2.15590992e-02
2.31053311e-02,1.69168352e-02,-5.58795842e-02,3.74527249e-03,-4.70688692e-02,-9.39671322e-03,-2.03000641e-03,4.96183295e-02,3.87463305e-02,3.15310727e-02,4.93284303e-02,1.92877149e-02,3.45141593e-02
-5.74043437e-04,-1.18579084e-03,-2.92541804e-02,3.20859127e-02,-3.04370429e-02,2.03769772e-02,-1.53501254e-02,3.95098918e-02,7.97543655e-03,3.63903672e-02,5.31678523e-02,2.29036511e-02,4.01293973e-02
-8.26425114e-03,4.72991935e-04,-2.80081371e-02,-2.64848168e-03,-1.18286861e-02,1.84952731e-02,-3.98163413e-02,2.46409834e-02,-1.62051110e-02,5.63493654e-02,6.24759724e-02,9.32850274e-03,3.94424096e-02
-4.61416083e-02,3.25012263e-02,1.72586824e-02,-2.32624697e-02,1.93233573e-02,2.00723541e-02,-4.63232338e-02,4.19225437e-02,1.54682942e-03,5.58001682e-02,3.51489264e-02,1.04572182e-02,5.97554160e-02
-6.68253387e-02,4.33063872e-02,5.18641022e-02,-1.83464374e-02,3.41970348e-02,3.90417717e-02,-1.38682008e-02,3.80188371e-02,1.42470683e-02,6.67081246e-02,-1.16843132e-02,-1.40792008e-03,6.89390780e-02
-4.22512487e-02,5.55844018e-02,5.76269869e-02,2.51354558e-02,3.40927453e-02,7.10936815e-02,-2.18849988e-02,-9.94458888e-04,-3.78419950e-04,6.84652631e-02,-1.94876268e-02,-8.09424763e-03,6.51921569e-02
-4.52894913e-02,6.28891020e-02,4.87673735e-02,1.00103817e-02,5.24165475e-03,7.20397202e-02,4.50685137e-03,-2.04703615e-02,-1.69810156e-02,7.47957846e-02,-1.92717349e-02,-4.18676818e-02,4.82780045e-02
-7.57200087e-03,7.38726293e-02,4.58773443e-02,2.22229455e-02,-2.79266941e-02,1.89032437e-02,-4.55033940e-02,1.51135324e-02,-8.55175096e-03,4.15432121e-02,-3.67680689e-02,-3.28179378e-02,4.53854195e-02
7.25601827e-03,2.79895637e-02,1.53218537e-02,4.29061006e-02,4.24723434e-03,2.47194365e-02,-2.91033091e-03,5.02290988e-02,-1.13374849e-02,1.87055132e-02,-2.76739613e-02,-3.90259030e-02,-1.33613392e-02
2.09847867e-02,1.97458461e-02,1.65975098e-02,5.39466990e-02,-1.09603776e-02,6.18295195e-03,-2.49723575e-03,3.12868569e-02,3.35761067e-02,2.47631829e-02,2.15488592e-02,-2.10414363e-02,-3.37496500e-02
5.46838895e-02,-1.59528246e-02,2.11631745e-02,4.85263313e-02,1.04955635e-02,-7.35132877e-03,-4.53534694e-03,1.73726245e-02,4.77345503e-02,-1.02050093e-03,-4.05304160e-03,4.91706859e-03,-3.94160869e-02
3.63127532e-02,-6.47124509e-02,-1.84969150e-02,-2.52976585e-04,-7.44965709e-03,-4.23980934e-02,-1.25665834e-02,-8.95598888e-03,3.69558858e-02,1.15764147e-02,2.93665542e-02,4.29392190e-02,-3.43085689e-02
-1.07746071e-02,-6.86017702e-02,8.89191667e-04,-3.30190732e-02,1.92760230e-02,-7.30823136e-02,-1.88551063e-02,2.72016400e-02,6.60550188e-02,9.68367837e-03,4.97594190e-02,6.84407033e-02,-2.53399406e-02
-3.03504765e-02,-7.57059183e-02,4.74755755e-02,-3.80675087e-03,3.51041727e-02,-7.22828737e-02,2.21775821e-02,1.81945616e-02,3.80636669e-02,7.03231266e-03,5.98865929e-02,8.19587823e-02,-3.23023873e-02
-7.99659683e-03,-6.87976967e-02,3.34463486e-02,-1.33383630e-02,5.05803582e-02,-2.26831291e-02,5.10189234e-02,1.07293380e-02,2.03149274e-02,2.67902557e-02,5.47788776e-02,7.67714538e-02,-2.67603804e-02
-2.24531003e-02,-2.71547541e-02,3.50530076e-02,-1.05123381e-02,3.40387235e-02,-4.01817981e-03,6.82102765e-02,-1.84866314e-02,5.32549626e-03,3.80441625e-02,7.15858056e-02,3.71009325e-02,-2.44297590e-02
-1.30711625e-02,2.32835877e-02,7.34621406e-02,-2.75783419e-03,-6.37731351e-03,-2.05164152e-02,3.72628012e-02,-2.03349920e-02,-2.32838620e-03,2.53317341e-02,3.59597189e-02,6.71684632e-03,6.16019256e-03
-2.18017908e-02,2.56278227e-02,3.09972739e-02,1.48230752e-02,-1.48371609e-03,2.01615316e-02,7.02116481e-02,-1.14931804e-02,-5.97662400e-04,7.52991146e-03,-9.04069428e-03,-4.90185078e-02,-7.98915461e-03
-3.54337778e-02,3.22486454e-02,1.00588203e-02,3.29726946e-02,7.36042026e-04,3.31815892e-02,6.26618960e-02,-8.03815194e-03,3.46472448e-02,9.47118157e-03,-4.90353411e-03,-4.75604181e-02,-1.05253571e-02
2.73355784e-03,3.33706060e-02,2.36687876e-04,3.65364724e-02,4.88422961e-03,4.49143953e-02,6.26890370e-02,-3.44365102e-02,4.07601457e-02,4.34750081e-03,-3.96217896e-02,-6.35455372e-02,-1.96136462e-02
-4.24027096e-03,4.99606361e-03,-1.76598789e-02,2.45974954e-02,1.44970450e-02,4.95002715e-02,4.90570757e-02,-5.77960841e-02,2.74321898e-02,-3.06256769e-03,-2.98120655e-02,-5.26165689e-02,-1.22794899e-02
-1.69426187e-02,-6.72468627e-03,-6.20901733e-02,3.06986154e-03,1.40799510e-02,1.87514069e-02,1.99053891e-02,-1.30514363e-02,5.49744868e-02,6.44580524e-03,-2.74386346e-02,-2.71539453e-02,-1.01810504e-02
1.69408817e-02,-7.42031068e-03,-4.55886907e-02,-1.30492934e-02,-1.56418633e-02,1.89053540e-02,8.25900881e-04,-2.93931028e-02,1.84443653e-02,-2.43229120e-02,3.43281221e-03,-2.44200971e-02,-2.57793832e-02
1.67395765e-02,-4.47546032e-02,-4.82373625e-02,-5.53624237e-02,-4.29571240e-02,2.36786505e-02,2.07379570e-02,7.86775332e-03,3.07511240e-02,-6.46113652e-03,-8.64319597e-03,-1.70946543e-02,-2.63125823e-02
-1.95815074e-03,-3.25145052e-02,-2.99143910e-02,-3.73047449e-02,-3.77315987e-02,1.54501957e-02,8.11791294e-03,3.36030015e-02,2.32386300e-02,-1.54479067e-02,1.50478963e-02,7.24143720e-03,-2.61009437e-02
1.74614638e-02,7.91484207e-03,3.72913344e-02,-8.61944209e-03,-2.69729395e-03,-1.01174729e-02,-4.79892655e-02,1.39498487e-02,-1.40720155e-02,-2.58277426e-02,1.18490468e-02,2.62780117e-02,-1.39797898e-02
4.57039250e-03,4.83596038e-02,6.25451052e-02,-1.20234374e-02,-1.67606007e-02,-1.63964357e-02,-2.79340790e-02,1.34666543e-02,-1.83970642e-02,-1.46717099e-02,-1.29336370e-03,2.13023081e-03,-1.54154284e-02
-9.44569186e-03,4.59157553e-02,4.09372192e-02,-2.10617712e-02,5.40324955e-03,-2.14481060e-02,-3.00034493e-02,2.35223021e-02,-1.62953667e-02,-5.57083940e-03,-1.11511297e-02,-4.43888082e-03,2.85644552e-03
7.48167814e-03,5.90696964e-02,4.64499428e-02,-1.40804458e-02,2.61769734e-02,-2.37143297e-03,2.23100853e-03,2.45205491e-02,-4.57505043e-02,-3.20186122e-02,-2.56659601e-02,-1.22364891e-02,1.13764170e-02
-3.31004482e-02,4.35436847e-02,8.00326869e-02,-7.82396754e-03,2.35812180e-03,4.10576046e-03,2.57429251e-03,1.76736925e-02,-2.53596510e-02,1.09376662e-02,-2.66704869e-02,-5.01526656e-02,3.05763417e-02
-3.59569733e-02,4.20655277e-02,4.98598494e-02,-3.26639739e-02,-4.26833905e-02,-5.03139484e-02,-2.50938201e-02,4.49636688e-03,-5.09546567e-02,4.20259809e-02,-5.52173831e-03,7.47132020e-04,4.64005636e-02
-2.66962974e-02,3.37754406e-02,3.67077467e-02,-4.18156335e-02,-6.49750744e-02,-6.24922267e-02,-4.24925156e-02,1.11235470e-02,-7.99555186e-02,4.41100508e-02,-6.59563638e-03,-1.31775351e-02,6.46504209e-02
-1.95356428e-02,2.12539391e-02,1.34180261e-02,-1.06504160e-01,-1.65819680e-01,-1.12649960e-01,-4.65204446e-02,2.08733013e-03,-1.04414666e-01,3.04611692e-02,2.29913632e-03,1.59751517e-02,1.10566719e-01
9.83231923e-03,3.03651557e-02,2.77257102e-02,-1.04209319e-01,-1.82754116e-01,-1.06134821e-01,-8.51797340e-02,-1.26049472e-02,-8.64666328e-02,4.95443363e-02,2.40591921e-02,2.76646455e-02,1.21514071e-01
5.48866091e-02,3.92269752e-02,6.74046651e-02,-7.24551073e-02,-1.61314164e-01,-1.07186968e-01,-1.28440081e-01,-2.68124430e-02,-1.12295670e-01,3.45813555e-02,2.46816147e-02,5.55713427e-02,1.16445782e-01
5.46860574e-02,6.31217212e-02,1.10940225e-01,-4.52336044e-02,-1.35157241e-01,-8.28558798e-02,-1.22076262e-01,-3.82309901e-02,-8.85686080e-02,3.74692536e-02,2.45953486e-02,5.55128953e-02,1.02422747e-01
7.24226415e-02,4.85138460e-02,1.08600061e-01,-2.54110581e-02,-7.74313431e-02,-4.79203722e-02,-1.01164974e-01,-7.41764229e-02,-8.79661175e-02,1.67372039e-02,2.42410560e-02,5.43024990e-02,6.87522604e-02
9.96043374e-02,1.14156993e-02,9.56023095e-02,-9.88316040e-03,4.03581974e-03,7.64390942e-03,-5.07019962e-02,-5.09009158e-02,-7.38770257e-02,-3.93451044e-02,3.24240296e-02,5.70906063e-02,5.78725520e-02
6.25580445e-02,-1.22375361e-02,8.87971362e-02,-4.91876904e-03,3.14756979e-02,4.42007950e-02,-2.16184034e-02,-3.45615686e-02,-8.81332807e-03,-2.06018180e-02,3.93106192e-02,3.18167365e-02,3.24329809e-02
6.03848157e-02,-2.09702018e-02,7.58926638e-02,-2.00748108e-03,3.70713804e-02,3.21866646e-02,-3.14136328e-02,-4.24280650e-02,-4.18801409e-03,-2.24676452e-02,3.56520873e-02,2.65129728e-02,6.53954618e-03
4.77966510e-02,-5.64382215e-02,3.44377858e-02,-9.55653020e-03,5.51869281e-02,2.38657170e-02,-2.59890601e-02,-7.46491504e-03,9.04724199e-03,-1.18926643e-02,2.63540236e-02,6.16055919e-03,2.99759184e-03
2.28739100e-02,-9.74780627e-02,-4.40618028e-02,-4.74974860e-02,-2.24418637e-03,1.52677915e-03,-3.73326856e-05,4.76883635e-03,-1.79185593e-02,-1.71004541e-02,4.69995956e-02,4.60092604e-02,1.46939974e-02
-5.50501865e-03,-9.44061080e-02,-3.66084176e-02,-5.64443400e-02,-2.62630211e-02,-2.81325938e-02,-2.47753293e-02,4.28157749e-03,1.16219239e-02,8.48437203e-04,5.18185700e-02,2.67750759e-02,1.08154943e-02
9.77971169e-03,-7.21325097e-02,-3.48405330e-02,-6.50497559e-02,-4.81649601e-02,-4.42056961e-02,6.35037963e-03,2.99598375e-02,1.04804267e-02,-7.71311905e-03,3.41216446e-02,2.46356696e-02,1.01073912e-02
1.18370652e-02,-2.64521532e-02,-3.03755058e-02,-3.58861806e-02,-4.11607929e-02,-5.39884183e-02,9.18317863e-03,4.30189080e-02,4.79691874e-02,9.80455905e-03,6.06858440e-03,9.00132203e-03,1.36005119e-02
2.06875146e-03,3.32512898e-02,1.04816186e-02,8.14377486e-03,-3.05361543e-02,-6.69939731e-02,2.95144628e-03,1.03539381e-02,3.13009202e-02,-7.30193309e-03,-5.14904166e-03,1.42595714e-03,-3.80978492e-03
7.17535893e-03,5.17306654e-02,5.25752341e-04,3.48208462e-02,-2.82254225e-02,-4.53460699e-02,2.01270835e-02,1.00821693e-02,1.69130868e-02,-1.32704010e-02,4.22000413e-03,3.24586853e-03,-7.02479643e-03
1.04166681e-02,6.99673171e-02,-2.30455124e-02,4.75996417e-02,-2.59162037e-02,-4.02987816e-02,3.71521013e-02,2.06929484e-02,1.15217841e-02,-2.16072895e-02,-4.06966023e-03,5.99274714e-03,-1.28352889e-02
-4.71410401e-03,9.04519626e-02,-2.38590006e-02,3.33611160e-02,-3.88115042e-02,-5.95165792e-02,3.16864634e-02,2.77619140e-02,1.12108650e-02,-2.33060311e-02,-5.43404848e-02,-4.72574462e-02,-3.31359433e-02
1.09520968e-02,6.71034873e-02,-6.65530678e-02,1.66824472e-02,4.12072682e-03,-3.23228543e-02,8.97161599e-03,-6.05144038e-03,-2.34025508e-02,-2.68938601e-02,-4.66648809e-02,-5.69278687e-02,-1.78533158e-02
-2.45739906e-02,1.26161974e-02,-9.15846845e-02,2.80842769e-02,2.05416575e-02,-9.17041909e-03,7.03941868e-03,-2.78341563e-02,-6.00246453e-02,-1.01653183e-02,-1.10755020e-02,-1.06385110e-02,1.06893453e-02
-5.41333613e-02,-5.66988750e-03,-6.20279099e-02,2.79237969e-02,-8.23840798e-03,-3.37380974e-02,3.23977202e-03,-9.42537156e-03,-5.10137257e-02,-5.96795571e-03,-2.97843858e-02,-2.08734682e-02,1.69260665e-02
-2.87509690e-02,-1.19767900e-02,-6.75087007e-02,-1.24331974e-02,-5.39713067e-03,-1.47277587e-02,2.79977173e-02,-2.58608686e-02,-2.92605178e-02,1.24697587e-02,-2.16312908e-02,-3.90589355e-02,1.72907285e-02
-2.22846532e-02,-2.25803007e-02,-6.78991150e-02,-2.60277581e-02,1.10325849e-02,-4.09713287e-03,3.24696234e-02,-2.44840475e-02,1.81414247e-02,3.18995081e-02,-2.07926160e-02,-3.99091207e-02,2.60303898e-02
-2.77063153e-02,-2.24149354e-02,-9.24722078e-03,1.80249156e-03,4.67190803e-02,-5.23227668e-04,5.68813410e-03,-6.09638454e-02,2.47316144e-02,1.94416971e-02,-1.94574173e-02,-3.73368527e-02,2.65471384e-02
9.12102603e-03,-4.44801696e-03,8.79570066e-03,-3.36469658e-03,6.26468625e-02,2.76456333e-02,-1.01751365e-04,-6.93027127e-02,1.37363284e-02,6.38285224e-03,6.92379442e-03,-1.83966611e-02,2.14017321e-02
5.06125604e-02,-2.66167238e-02,-4.74746330e-03,1.05235787e-02,6.93723292e-02,2.49703285e-02,2.58571083e-02,-1.22680911e-02,5.35637303e-02,-1.49428418e-03,1.69687173e-02,-8.38485866e-03,3.45677831e-02
2.17339991e-02,7.75260492e-03,9.20809135e-03,1.04592618e-02,3.59089650e-02,1.37559284e-02,4.96343216e-02,3.21303709e-02,4.33118344e-02,-6.85350822e-03,-2.10146570e-02,-1.62373538e-02,-1.46844884e-02
3.44291351e-02,6.64421143e-03,-2.22767971e-02,1.96319720e-02,4.36990900e-02,5.47914956e-02,5.48310633e-02,3.03914337e-02,2.55365654e-02,-1.36000683e-02,3.00399722e-03,-5.97251493e-03,-3.60909043e-02
4.54720301e-03,3.14946803e-03,-3.25565791e-02,5.54190143e-02,3.67654688e-02,7.36491968e-02,3.70853789e-02,6.58870439e-03,9.07546396e-04,-1.65785558e-02,1.64124209e-02,1.30034505e-02,-3.92054740e-02
-1.64160845e-02,2.91327998e-02,-2.95204633e-02,5.43621632e-02,-1.64523062e-03,6.86034594e-02,1.23255135e-02,4.15581531e-02,-1.65532775e-02,-1.35625555e-02,-8.21856695e-03,-1.21303220e-03,-4.37062138e-02
-4.91083181e-03,3.03081846e-02,-1.00745602e-01,-1.22071034e-02,-2.94601327e-02,7.68992098e-02,1.13892130e-02,3.51368771e-02,-2.93322188e-03,1.60522581e-02,-9.11744480e-03,-1.86165223e-02,-5.69521301e-02
-3.45587052e-02,3.72239576e-02,-9.00461714e-02,-5.26403436e-02,-6.62160883e-02,5.50207300e-02,1.10392595e-02,4.26180826e-02,1.59854073e-02,1.00726832e-02,4.88485070e-03,-3.40080880e-02,-7.04100237e-02
-4.56045310e-02,-1.00170270e-02,-8.72878889e-02,-3.14126637e-02,-4.07256592e-02,3.84164446e-02,-2.49379384e-02,-5.81371292e-03,2.85850401e-02,2.50503401e-02,1.68785740e-02,-3.43922272e-02,-7.44944424e-02
-4.98246857e-02,-2.68827085e-02,-1.00984356e-01,-5.42374662e-02,-4.71164121e-02,3.09389213e-02,-1.82908614e-02,-3.82270855e-02,2.83150651e-03,2.57757498e-02,4.02139723e-02,1.13276990e-02,-7.67078708e-02
-4.71469547e-02,-7.75264868e-02,-1.09344724e-01,-6.50113495e-02,-1.20503925e-02,8.05021927e-03,-6.15342324e-03,3.95313112e-03,3.80179148e-02,1.78174888e-02,2.41525761e-02,-3.15635092e-03,-4.10546036e-02
-6.04060476e-02,-5.34360703e-02,-9.44518744e-02,-3.61902490e-02,2.61339534e-02,-2.99571020e-03,1.72987201e-02,1.69117383e-02,1.75792163e-02,-1.64112414e-03,-2.10400002e-02,6.17528062e-03,-4.30477650e-02
-6.80921205e-02,-5.13403979e-02,-6.92836739e-02,-2.30118271e-02,5.58603406e-02,2.97179812e-03,2.95828088e-02,2.01336267e-02,-3.02765710e-04,-3.68604147e-02,-2.21961807e-02,1.38244888e-02,-5.84674921e-02
-7.91611510e-02,-4.57191872e-02,-1.16828640e-02,2.18752032e-02,4.20696263e-02,-1.11747261e-02,2.49555592e-02,-1.10727063e-02,-1.76951521e-02,-2.05105176e-02,6.30499373e-03,2.92238276e-02,-8.03800261e-02
-7.12093124e-02,-4.37574656e-02,-3.37703444e-03,2.89217495e-03,3.56045451e-02,-3.60880795e-02,-9.50204490e-03,-3.78549242e-02,-3.58081606e-02,-3.13296441e-02,8.10789040e-03,3.30797304e-02,-6.18957542e-02
-2.92971199e-02,-7.83235974e-04,-8.92476679e-03,-1.12379455e-02,5.09423891e-02,-1.45779883e-02,-4.57690361e-04,-4.96289642e-02,-2.63254167e-02,-1.53231373e-02,-2.86552745e-03,3.41171429e-02,-5.18305491e-02
4.45428812e-03,3.21073740e-02,8.52267306e-03,-1.17462038e-02,2.83751144e-02,-7.70266886e-03,5.84168215e-03,-4.28803740e-02,7.23860858e-03,-1.77619799e-02,-3.67326875e-03,1.02217671e-02,-3.91015514e-02
3.27512569e-02,4.54493862e-02,2.08507722e-02,1.12857272e-02,2.86854196e-02,2.86697280e-03,-1.95670677e-02,-8.59077457e-02,9.73179371e-04,-2.98426664e-02,8.71195763e-03,3.12184604e-03,-2.03794897e-02
1.81833317e-02,5.30379852e-02,1.55720534e-02,3.57390761e-02,7.61539794e-03,1.11693955e-02,8.40083993e-04,-9.15083189e-02,-4.66436154e-03,7.33362086e-03,2.84843710e-02,1.49589023e-02,-2.72176530e-02
1.26836758e-02,6.42537308e-02,3.34427914e-02,3.35622050e-02,1.92964977e-03,3.54201271e-02,1.30590503e-04,-5.78439215e-02,1.30921454e-02,2.67436022e-02,2.01452593e-02,-9.14899685e-03,-1.40734145e-02
2.08890735e-02,3.45255280e-02,-1.13070272e-02,3.13919243e-02,-1.75838662e-02,5.85385951e-02,1.59182513e-02,-1.24876024e-02,5.75953740e-02,4.32847171e-02,2.40220662e-02,-1.77670910e-02,1.96140265e-02
4.80190884e-02,5.71507421e-02,4.13162167e-05,2.85565248e-02,-1.39058719e-02,6.54872176e-02,-1.37684522e-03,-6.34556433e-03,5.38247130e-02,2.09643320e-02,-4.16094288e-03,-5.21531781e-02,1.23597606e-02
3.59595951e-02,4.66729719e-02,3.58646136e-02,3.14012587e-02,-2.73801787e-02,7.24590677e-02,1.03794544e-02,2.41337273e-02,3.04981500e-02,1.98644421e-02,8.77349461e-03,-4.62367003e-02,-8.73600445e-03
3.92954258e-02,1.88274606e-02,1.79166842e-02,1.12012159e-02,-4.56220646e-02,2.63053152e-03,-3.07516274e-02,-2.38873381e-03,-5.82989205e-03,6.24411014e-03,5.68114983e-03,-2.79393651e-02,-1.10700841e-02
4.59212414e-02,1.38790469e-02,3.04042581e-02,1.39489017e-02,-1.02293834e-02,-1.39540273e-02,-1.77136964e-02,1.97950704e-02,-1.11561942e-03,5.63149624e-03,-5.03078569e-03,-2.75439426e-02,-1.91857572e-02
4.45231765e-02,-2.25691320e-02,-9.17320883e-03,2.99079798e-03,4.09397470e-03,-3.00729204e-02,-9.36363900e-03,3.04008844e-02,4.93851312e-03,-7.35901774e-03,-2.74335244e-02,-3.96084866e-02,-1.06784659e-02
1.38072712e-02,-5.30558936e-02,-4.35652315e-02,-4.93391712e-02,-4.43064888e-03,-7.61383512e-02,-3.36945111e-02,-9.31434483e-03,-4.50181409e-02,-5.99139031e-02,-4.75751233e-02,-4.18431953e-02,1.36876799e-02
-2.56486352e-02,-5.32782239e-02,-3.75167807e-02,-4.30277170e-02,3.96384565e-02,-9.17482370e-02,-4.16401962e-02,-2.85064962e-02,-2.26227212e-02,-2.05696545e-02,-4.56415022e-02,-5.38375526e-02,2.87873832e-02
-3.15696166e-02,-2.73572279e-02,-1.18664636e-02,-5.89392151e-02,6.65810998e-02,-7.53630113e-02,-2.76469003e-02,-3.38820893e-02,-1.35733892e-02,1.05275068e-02,-2.80007416e-02,-4.19759675e-02,3.84955512e-02
-4.77738873e-02,-8.34408534e-02,-3.21776270e-02,-5.74809634e-02,5.11469013e-02,-5.51275529e-02,9.51152006e-03,1.41385185e-02,3.33947718e-02,3.74568492e-02,1.08146625e-02,-1.78721739e-02,6.08813864e-02
-5.55261211e-03,-5.60045080e-02,-5.35122599e-03,-3.49733657e-02,4.22164715e-02,-6.22577951e-02,1.16500030e-02,5.60103958e-03,3.27731740e-02,3.19340781e-02,4.81695602e-03,-1.49889512e-02,6.65165438e-02
-8.41767471e-03,-5.60223216e-02,4.95742330e-02,-4.15792931e-03,3.78787668e-02,-1.87843733e-02,2.76577192e-02,5.66654354e-02,4.34750782e-02,-1.16513247e-03,-1.43539764e-02,1.05554115e-02,3.50719389e-02
7.75391342e-03,-2.58148891e-02,7.67346530e-02,2.87335759e-02,2.84744831e-02,-1.55354102e-02,-1.07641580e-02,5.59259132e-02,1.76005295e-02,-3.87054994e-02,-3.91831244e-02,5.98494125e-02,3.85974657e-02
5.85715570e-03,2.82088567e-03,1.36833002e-01,9.70350031e-02,5.23355117e-02,3.81184322e-03,-9.92551934e-03,7.81885632e-02,1.49252078e-02,-5.65230999e-02,-3.81622955e-02,1.05274434e-01,2.41912173e-02
3.36461996e-03,4.79330849e-03,1.31175226e-01,1.13044062e-01,5.67976371e-02,6.18318375e-03,-7.31279097e-03,9.07424476e-02,-1.26838674e-02,-9.60064208e-02,-4.55430639e-02,1.31383570e-01,2.55096522e-02
-2.55123768e-02,3.66465175e-03,1.29969628e-01,1.29680680e-01,4.71919827e-02,-1.28845576e-02,-1.49327830e-02,8.25797801e-02,-5.52700108e-02,-1.33231197e-01,-8.34705927e-02,1.09717036e-01,1.07381720e-03
-4.75147937e-02,2.79947016e-02,9.84966898e-02,9.49947681e-02,4.19591796e-02,-3.43842092e-02,-3.71281364e-02,6.35533314e-02,-6.03494645e-02,-1.12044193e-01,-5.07685555e-02,9.48244866e-02,-8.16880473e-03
-4.78412558e-02,5.21344003e-02,6.85459161e-02,5.84849109e-02,5.83595174e-02,-9.73354493e-03,-9.92362587e-03,6.57925355e-02,-4.82803714e-02,-5.74287860e-02,-1.58831980e-02,7.46865922e-02,-1.96898727e-02
-3.65356022e-02,4.18986576e-02,5.83290525e-02,4.23093766e-02,3.42284137e-02,1.97280349e-04,2.57435628e-02,8.18882505e-02,-3.36081525e-02,2.08362549e-03,2.81504486e-02,2.56592982e-02,-3.27234364e-02
1.70831320e-02,7.06969884e-02,2.72404116e-02,1.82017154e-02,2.44011579e-02,5.90408624e-03,5.93868475e-02,7.03552433e-02,-4.27356393e-02,3.62898418e-02,5.53319979e-02,-1.70711146e-02,-4.12278928e-02
3.52272916e-02,5.89572498e-02,1.36681684e-02,1.61009851e-03,8.00023216e-05,1.12036025e-02,6.44225186e-02,1.07161899e-01,-2.43945686e-02,4.92791371e-02,3.76919023e-02,-5.18168947e-02,-6.37869669e-02
4.30363504e-02,3.13007038e-02,-3.01499134e-02,-1.08116888e-02,-1.90533601e-02,2.83009170e-02,5.49606515e-02,1.03440520e-01,-1.05848279e-02,5.72571745e-02,2.05038953e-02,-6.44458835e-02,-5.08296302e-02
5.25241677e-02,2.54482134e-02,-1.04212045e-02,3.98000791e-03,-1.17451051e-02,2.87189036e-02,5.47884932e-02,8.57014585e-02,-3.23122791e-02,3.79152838e-02,1.92770581e-02,-5.48370461e-02,-3.81012423e-02
5.51482357e-02,-2.60357118e-02,-4.03445039e-02,-4.77560892e-03,-1.74005183e-02,1.81613483e-02,6.03186594e-02,7.93962244e-02,-1.51185565e-02,1.87808880e-02,1.63709714e-02,-4.90559334e-02,-1.23830400e-04
3.48497395e-02,-4.09532426e-02,-1.75520262e-02,5.39602860e-03,-1.76015294e-02,-3.11152673e-03,3.40298146e-02,3.66050242e-02,-2.21798669e-02,-5.24751929e-02,-4.01564235e-02,-5.88238570e-02,-2.45096780e-02
4.34304853e-02,-6.41264496e-02,-4.42368975e-02,-8.19855829e-03,-1.56251188e-02,-3.55057929e-02,-1.15175876e-02,-1.73008465e-02,-3.39463294e-02,-8.54443473e-02,-2.26906088e-02,-1.69352000e-02,-3.58090970e-02
2.64707399e-02,-8.01866828e-02,-4.70794079e-02,-1.66046127e-02,-2.04385903e-02,-2.88255637e-02,-1.27808588e-02,-3.17940333e-02,-1.31872790e-02,-7.09756010e-02,3.18716970e-03,2.41371826e-02,-2.52259545e-02
4.95980298e-02,-6.89821485e-02,2.34597897e-03,-1.00862985e-02,-4.73431097e-02,-2.95929402e-02,-2.36602759e-02,-6.04957026e-02,6.41582562e-03,-4.99481746e-02,2.10519199e-02,2.75218174e-02,-2.03623654e-02
5.34218538e-02,-2.11288009e-02,5.09260503e-02,-6.06865827e-03,-3.61349902e-02,5.88099486e-03,-8.36480061e-03,-8.01246278e-02,8.10181899e-03,-3.59911053e-02,4.88959627e-02,4.76859809e-02,-1.92587869e-02
4.31193137e-02,-1.60630062e-02,8.11937952e-02,8.90655314e-03,-2.41431662e-02,1.83530989e-02,1.67862976e-03,-6.69436150e-02,1.87194795e-02,-2.33877663e-02,2.75334266e-02,5.14580820e-02,7.90041243e-03
1.72430113e-02,-4.57362293e-02,7.03920431e-02,2.48874737e-02,-1.79350924e-02,4.26046292e-02,1.54418655e-02,-5.64496458e-02,4.25591229e-02,2.47880944e-02,1.43646815e-02,4.22554670e-02,4.08012459e-03
-3.56376178e-03,-1.79716805e-02,7.25630893e-02,2.44454605e-02,5.16577282e-03,5.50025573e-02,3.67884059e-02,-5.40448192e-02,3.43120013e-02,3.59318523e-02,-5.92381442e-04,2.90580597e-02,7.57615444e-03
-3.99990318e-02,-1.51637493e-02,6.07779649e-02,3.51841360e-02,9.60784959e-03,7.54951001e-02,5.79939470e-02,-4.50797857e-02,2.59108044e-02,3.64998165e-02,-2.51259776e-02,2.67156440e-03,4.07544234e-02
-5.05148604e-02,3.85664403e-03,4.81259530e-02,-9.32663096e-03,-4.00938094e-03,4.50648601e-02,4.42811970e-02,-5.63025716e-02,8.01545662e-03,9.40483760e-03,-6.18538835e-02,-3.50903174e-02,1.21152742e-02
-1.38011007e-02,1.36529886e-02,1.82217639e-02,-2.46039327e-02,1.37169316e-02,1.68130656e-02,-1.96753543e-03,-6.34242680e-02,2.84683930e-03,1.08984220e-02,-6.08327317e-02,-4.30334342e-02,-5.00071408e-03
-2.73563912e-02,1.75857272e-02,-6.65712553e-03,-3.55669110e-02,-3.29235660e-03,-7.34124919e-03,-5.76622357e-03,-2.97075854e-02,1.36309952e-02,2.93476191e-02,-3.90016887e-02,-1.36528523e-02,2.90292430e-02
-8.18214145e-03,6.08319745e-02,2.83700360e-03,-1.90209457e-02,-1.70205751e-02,-2.14733277e-02,-4.87327630e-02,-4.27882954e-02,1.43394867e-02,4.80636753e-02,-4.84578878e-03,9.02356347e-03,1.97167374e-02
1.40104096e-02,8.33032122e-02,-3.36582994e-02,-1.39362766e-02,-3.83764225e-02,-5.58475265e-03,-7.89480469e-02,-7.06587378e-02,-1.01470588e-02,6.71789009e-02,3.17144375e-02,5.79589681e-03,-2.99043220e-02
-3.14153365e-03,3.26525761e-02,-9.41134097e-02,1.44617322e-02,-3.16243110e-02,2.27657808e-02,-8.59043211e-02,-5.14390861e-02,2.60867321e-02,5.87498792e-02,3.01297791e-02,4.16747256e-03,-1.92718390e-02
-3.62599859e-03,-1.53852465e-02,-1.24577284e-01,2.87994872e-02,-1.98129499e-02,4.41590256e-02,-8.34802594e-02,-2.56616493e-02,2.43420990e-02,4.37835125e-02,4.17972096e-02,2.94444268e-03,-1.60925401e-02
-6.74302837e-03,-2.84122770e-02,-1.35255671e-01,4.40933351e-02,-3.44371743e-03,6.93886060e-02,-5.14940662e-02,1.23092691e-02,3.07226506e-02,4.32045721e-02,3.74177275e-02,-2.50070751e-02,-3.99814650e-02
-1.68030612e-02,-5.40239614e-02,-1.47690230e-01,3.75520661e-02,-1.05366583e-03,7.12220793e-02,-4.13586268e-02,3.05517302e-02,2.03641496e-02,1.18772799e-02,4.60718013e-02,-1.68280959e-02,-1.00999255e-02
-1.49037062e-02,-6.30780348e-02,-1.48469782e-01,1.14607098e-02,7.17726393e-03,6.36566749e-02,-3.32916114e-02,3.85978494e-02,1.91375994e-02,9.26275737e-03,4.16992867e-02,-8.50648658e-03,-3.19945944e-02
3.52565413e-02,-5.09464324e-02,-1.10663515e-01,-7.00411464e-03,-2.43825855e-02,7.75411976e-03,-4.70118437e-02,3.89269439e-02,2.96630776e-02,1.70250495e-02,3.52477629e-02,-1.67989546e-02,-2.72427962e-02
1.40233363e-02,-4.75402965e-02,-8.05818965e-02,-3.54498497e-02,-3.42469131e-02,-3.30301731e-02,-2.61847422e-02,8.51799190e-02,4.80924152e-02,4.75619768e-02,4.65833655e-02,9.97335497e-03,4.79021498e-03
2.94907489e-02,1.14001054e-02,2.04639180e-02,-3.62445962e-02,-1.96195351e-02,-4.27211215e-02,-3.37530328e-02,4.44381679e-02,1.99440976e-02,4.20657715e-02,5.01683948e-02,2.40069052e-02,2.09973247e-02
4.60520502e-02,2.56980817e-02,2.99787925e-02,-6.38774921e-02,-3.33789378e-02,-4.75099606e-02,-7.03261721e-02,-1.24833998e-02,-1.36343172e-02,7.38526411e-02,2.76471440e-02,4.58251364e-05,-2.68196294e-02
5.26957233e-03,2.38394835e-03,-1.64988884e-02,-1.05166904e-01,-2.85006332e-02,-3.38335301e-02,-9.82988840e-02,-3.62513938e-02,2.04773879e-02,6.75752464e-02,-1.95643256e-03,-2.11228733e-02,-3.02745226e-02
-1.81256176e-02,2.98834304e-02,2.43848508e-03,-8.93446419e-02,-1.28113011e-02,-9.20600079e-03,-8.74228730e-02,-7.71666838e-02,1.32460080e-02,5.38784041e-02,-1.64442585e-02,-3.47772300e-02,-1.60922782e-02
-2.67213844e-02,3.09344722e-02,1.18893751e-02,-6.85837950e-02,-1.82452303e-04,2.90254509e-02,-4.82272455e-02,-9.48057568e-02,9.38849285e-03,4.39557880e-02,-2.94420648e-02,-5.58230070e-02,-2.71341287e-02
-2.32193595e-02,1.12757106e-02,-1.72263971e-02,-7.29120505e-02,-5.81503569e-03,3.13331215e-02,-3.32183351e-02,-9.70571744e-02,3.06585858e-02,2.02647843e-02,-1.96680934e-02,-4.11445752e-02,-2.67378327e-02
-4.64326929e-02,-5.07058786e-03,-4.89923219e-02,-4.43072198e-02,2.85335144e-02,5.42721752e-02,-1.01936429e-02,-8.11878969e-02,5.65891809e-02,3.06944279e-04,-2.35226894e-02,-1.21559743e-02,-2.11431777e-02
-1.70839676e-02,2.75260354e-02,-2.44475755e-02,4.10918330e-03,2.63040554e-02,3.38875778e-02,2.17179111e-02,-7.38651802e-02,4.89203175e-02,-3.38290345e-02,-2.60145563e-02,-7.30477808e-03,-3.34640614e-03
-4.54946388e-02,3.91980104e-03,-4.45977822e-02,1.15377984e-02,7.95538573e-04,-1.56151226e-02,2.84647618e-02,-3.34922372e-02,5.20167692e-02,-2.15017011e-02,-3.16789288e-04,3.05057814e-03,-5.19169298e-03
-1.34088673e-03,4.35471850e-03,7.88517384e-03,3.04160361e-02,6.51814047e-03,-5.64164266e-03,5.07248652e-02,-3.38153953e-02,1.75607766e-02,-3.26811730e-02,8.25511693e-03,4.91542075e-03,-6.06166806e-03
4.33976546e-03,-2.18506626e-02,5.15374292e-03,3.32397284e-02,2.50855325e-03,-1.25166175e-02,2.92282835e-02,-2.93847911e-02,-1.38207794e-02,-6.24377626e-02,-1.61863769e-02,-1.65179591e-02,-2.92790364e-02
-2.38553740e-02,-6.45198453e-02,-3.79080146e-02,-2.19088740e-03,-1.78584656e-02,-1.71663062e-02,1.66664455e-02,-1.83073397e-02,-1.51345488e-02,-6.12591387e-02,-2.78333356e-02,-2.99514522e-02,-3.06431496e-02
-1.28058034e-02,-4.09672417e-02,-1.74966264e-02,4.17025938e-03,-1.28868423e-02,-1.00687264e-02,2.15280506e-02,-1.31360472e-02,-1.95284099e-02,-4.59553052e-02,-5.26198669e-02,-5.74777003e-02,-4.89574886e-02
-1.51981362e-02,-3.08282122e-02,-3.28321723e-02,9.78904041e-03,8.74496270e-04,1.92472227e-02,3.76093509e-02,-1.35648277e-02,-2.44440475e-02,-3.65099402e-02,-3.66055518e-02,-5.01421605e-02,-6.30304689e-02
-2.66679393e-02,-1.74182058e-02,-4.21966620e-02,-3.08293792e-02,-3.06203654e-03,1.62356386e-02,2.63125664e-02,-1.07935861e-02,-2.61299971e-02,-5.25738357e-03,-4.45956381e-04,-2.05880270e-02,-4.54567893e-02
-2.93081780e-02,-3.13622008e-02,-4.51367127e-02,-3.06500528e-02,1.32449678e-02,1.47274211e-02,1.75563726e-02,2.51512336e-02,1.77013395e-02,2.71745866e-02,1.47502532e-02,-3.90813249e-03,-1.17204424e-02
-2.47203748e-02,2.49143023e-02,-5.65537361e-03,-3.24944121e-02,4.50604614e-02,2.97860649e-02,3.73337275e-02,5.45649906e-02,2.18686952e-02,4.13070417e-02,3.05546701e-02,7.24460240e-03,3.84862860e-03
-3.82348034e-02,2.47226361e-02,-5.16705146e-04,-2.13114678e-02,3.84883929e-02,1.48185136e-02,2.97218713e-02,5.74839672e-02,2.69596630e-02,5.00283892e-02,3.88571445e-02,5.34039425e-03,3.11009538e-02
-5.45251707e-02,-8.76934149e-03,-9.09224908e-03,-6.50299547e-02,2.67591462e-02,5.31366961e-03,3.25892367e-02,6.25450917e-02,2.46411869e-02,7.49097277e-02,5.26967232e-02,1.95943100e-02,3.19035398e-02
-3.45437533e-02,3.83607474e-03,1.81080386e-02,-5.80553980e-02,2.19624304e-02,-6.11755091e-03,1.13745636e-02,5.52592630e-02,1.79244481e-04,6.35025052e-02,4.41063014e-02,6.38313919e-03,3.66337383e-02
-1.05715107e-01,-2.35625558e-02,3.11728688e-02,-6.42422367e-02,-2.43015629e-02,-3.27494338e-02,-2.62867332e-02,1.29049713e-02,-3.88632960e-02,6.39587575e-02,1.56857783e-02,-2.55256189e-02,6.68642147e-02
-5.26560819e-02,1.14855845e-04,5.74667860e-02,-7.41222482e-02,-4.32718426e-02,-3.66080439e-02,-2.88029933e-02,-8.62119862e-03,-7.15143781e-02,6.52179482e-02,6.89660268e-05,-4.11126356e-02,7.61617186e-02
-8.09894941e-04,1.54350901e-02,5.82946810e-02,-6.24497501e-02,-5.89788844e-02,-1.69109909e-02,-1.86630935e-02,-1.63277932e-02,-1.03989314e-01,5.99579628e-02,-1.60779448e-02,-1.78288997e-02,5.91550956e-02
3.42894286e-02,5.40139028e-02,8.03466644e-02,-7.00692901e-02,-8.26828962e-02,-3.48124710e-02,-5.41254019e-02,-6.17608106e-02,-1.46048040e-01,4.59529794e-02,-1.14120434e-02,3.02348641e-02,8.13148476e-02
7.56469324e-02,5.63146189e-02,1.04293969e-01,-5.09625469e-02,-7.64389692e-02,-3.11971425e-02,-7.35691928e-02,-5.75126674e-02,-1.42278044e-01,6.06193055e-02,4.83118117e-03,4.32393433e-02,8.75891929e-02
1.30174619e-01,8.60008641e-02,1.33535711e-01,-6.36951576e-02,-7.82749304e-02,-1.97982161e-02,-8.45855444e-02,-3.91369729e-02,-1.42963375e-01,4.98758301e-02,-2.91501661e-04,3.39010623e-02,6.55918206e-02
1.08625236e-01,5.69549053e-02,1.04458832e-01,-6.26760631e-02,-7.26795630e-02,1.17951206e-02,-7.19100089e-02,-4.92861483e-02,-1.09149154e-01,4.72457889e-02,3.13883974e-02,3.57164532e-02,7.34095954e-02
7.75896661e-02,-1.11178350e-02,5.60637506e-02,-6.89770470e-02,-5.48927016e-02,8.32060437e-03,-6.91404946e-02,-3.75284046e-02,-6.40860426e-02,1.04979804e-02,4.33995017e-02,2.47426993e-02,6.44087654e-02
8.36033448e-02,-3.17507562e-02,6.02155967e-02,-3.73966914e-02,-1.30045729e-02,4.66472076e-03,-4.28956306e-02,3.37448785e-03,-1.07615713e-02,2.63732667e-03,3.28242153e-02,2.96476261e-02,3.68688488e-02
5.19183807e-03,-8.00240807e-02,4.45189702e-02,-2.00875418e-03,-1.47018923e-02,-3.08649635e-02,-5.22578769e-02,-4.24742666e-03,1.43447514e-02,-3.53109781e-02,3.88116629e-03,-2.00634251e-02,2.50524725e-02
-1.58919021e-02,-6.35345275e-02,3.41680921e-02,3.24321307e-02,-1.89792989e-02,-4.80821874e-02,-1.65977916e-02,5.03263019e-03,1.69379928e-02,-7.39088372e-02,-6.84593837e-03,-3.92127793e-02,3.56649316e-02
-8.44672597e-03,-6.19414138e-02,2.78792883e-02,4.63514096e-02,-9.41677204e-03,-5.20123971e-02,2.42207040e-02,3.85857595e-02,2.98199138e-02,-7.99131586e-02,-2.15671046e-02,-3.52195157e-02,3.81284372e-02
3.15580381e-02,-5.28367701e-02,5.01625092e-02,5.62813388e-02,7.94432514e-04,-8.26727158e-02,2.77903182e-02,4.98347360e-02,3.40184153e-02,-9.16725327e-02,-3.43896871e-02,-5.01438567e-03,3.17242159e-02
1.81832740e-02,-5.48367753e-02,4.33306737e-02,7.48212411e-02,1.28462502e-02,-9.46099539e-02,2.52084198e-02,4.02566857e-02,2.38190220e-02,-7.56523003e-02,-1.66973578e-02,-8.71542405e-03,-2.63264459e-03
3.50662387e-02,-1.89010979e-02,5.01516030e-02,8.65085042e-02,2.18710497e-02,-8.40372924e-02,1.35053958e-02,2.29688327e-02,-3.65562489e-04,-8.14538305e-02,-2.02061635e-02,-1.82450905e-03,-1.47914842e-02
6.82552564e-03,-2.06575498e-02,-3.89004913e-03,6.72548147e-02,4.70465576e-03,-6.26184605e-02,1.78579083e-02,7.40913126e-03,5.11117275e-04,-3.35085568e-02,2.92982604e-02,3.13680643e-02,-1.29328220e-02
4.92888570e-03,5.74208068e-03,-4.52724613e-03,8.73544098e-02,-8.39401341e-03,-5.99685769e-02,-1.98488377e-03,1.03053988e-02,3.32316347e-02,-9.00205000e-03,4.04722176e-02,2.09857273e-02,-1.87395380e-02
-6.24028790e-03,3.12118560e-02,5.97119280e-03,8.35290039e-02,1.74146984e-02,-3.39431758e-02,-1.05115083e-02,1.23988528e-03,1.85110914e-02,4.10696438e-03,3.29821662e-02,2.74095880e-02,-3.20648441e-02
-2.16646360e-02,3.50156023e-02,-2.25899088e-02,6.48736669e-02,2.44439136e-02,-5.98895376e-03,-2.44934305e-02,-1.89837383e-02,1.84526240e-03,2.50259060e-02,2.88248593e-02,2.08019632e-02,-4.25388818e-02
-2.60765498e-02,6.96375186e-02,-4.46943902e-02,5.41920023e-02,2.37805688e-02,1.46048609e-02,-1.02124053e-02,-8.50176404e-03,8.25299695e-04,1.73653160e-02,1.16507720e-02,2.22582283e-02,-2.19096964e-02
-3.15528688e-02,1.01011018e-01,-6.36450575e-02,2.64218400e-02,1.93124683e-02,3.08019811e-02,8.36450792e-03,-1.47766324e-02,8.53954335e-03,2.54488545e-02,3.90055636e-03,6.69731256e-03,6.32603583e-03
5.51658691e-03,1.13914467e-01,-5.39441164e-02,-6.39952708e-03,2.79524921e-02,4.13295829e-02,4.70752164e-02,-4.13970272e-03,2.12212671e-02,5.21408640e-02,-1.05736949e-02,-3.27980149e-03,3.66877973e-02
1.92682209e-02,1.06869421e-01,-7.60292596e-02,-6.32471878e-02,2.81918382e-02,5.14688298e-02,3.84747647e-02,-2.57631431e-02,4.99766080e-02,6.98520915e-02,-3.08451106e-02,-5.97342593e-02,4.04749376e-02
1.18016574e-02,1.16889211e-01,-5.33348973e-02,-7.42873697e-02,4.61002518e-02,6.66987958e-02,4.88733804e-02,-4.28638665e-02,4.16332857e-02,5.67619203e-02,-2.94799758e-02,-7.03461919e-02,6.29562189e-02
4.60389726e-03,7.86831945e-02,-5.42576662e-02,-7.29075677e-02,7.97228160e-02,7.64212133e-02,3.94455959e-02,-5.23116294e-02,3.05805373e-02,5.31247539e-02,-1.34184981e-02,-4.83808528e-02,9.68850891e-02
-1.63541798e-02,7.93968208e-02,-5.42554649e-03,-4.24931437e-02,2.86426468e-02,4.64926063e-02,3.68333851e-02,-1.35355764e-02,4.92362574e-02,2.50334425e-02,-3.21496961e-02,-2.84058133e-02,7.75643759e-02
-4.43489875e-02,3.36771023e-02,3.69578211e-04,-1.52677354e-02,-1.35487448e-02,5.76655847e-02,5.93874579e-02,2.03041210e-02,5.74673866e-02,-9.10789247e-03,-1.19741657e-02,-2.02448268e-02,6.20348833e-02
-3.94638823e-02,1.90634418e-02,7.25206719e-03,1.51116208e-02,-3.50077520e-02,6.44413410e-02,3.73031592e-02,9.23246827e-03,-8.40967377e-03,-4.72017748e-02,6.11263355e-05,7.90958837e-04,9.80892058e-03
-1.60492011e-02,-1.14553598e-02,-1.04693902e-02,4.98016739e-02,-4.16108165e-02,6.66295667e-02,4.99806325e-02,4.17130588e-02,-3.45250784e-02,-8.08257209e-02,2.53482758e-04,2.92720882e-02,-2.29111858e-02
-1.80818092e-02,-3.12966254e-02,-2.38719278e-02,6.69540940e-02,-4.59195989e-02,3.18691276e-02,3.89457803e-02,5.73888769e-02,-5.20787039e-02,-1.08874641e-01,6.82063306e-03,4.28423126e-02,-4.83862370e-02
-3.41847787e-02,-6.04200471e-02,-4.44846035e-02,6.47883867e-02,-4.18992790e-02,-6.41778947e-04,4.33361414e-02,7.22387263e-02,-6.78176839e-02,-1.22481825e-01,3.89508136e-03,4.62687679e-02,-7.44058548e-02
-6.66291924e-02,-9.77793366e-02,-1.00874493e-01,-8.90892833e-03,-6.15489877e-02,-2.26448488e-02,2.93415940e-02,3.65950423e-02,-7.38746129e-02,-1.06775407e-01,1.51366752e-02,6.12487279e-02,-6.86552325e-02
-4.66681480e-02,-8.91938281e-02,-9.32526612e-02,-5.28481795e-03,-2.22708292e-02,-2.05463554e-02,2.03423707e-02,2.87285840e-02,-4.11997246e-02,-7.39821368e-02,1.94664222e-02,4.34869522e-02,-7.59340880e-02
-3.38255016e-02,-9.14564711e-02,-1.08307919e-01,-3.33099349e-02,2.66425794e-02,-3.00551043e-02,-1.71088758e-02,-1.10432636e-02,-3.22861567e-02,-5.74972855e-02,2.81932268e-03,4.92661649e-02,-4.85368591e-02
-3.38914091e-02,-9.13409387e-02,-8.75983156e-02,-4.39083402e-02,3.23991224e-02,-5.25001296e-02,-4.65166824e-02,-2.14324888e-02,-2.31240910e-02,-2.57798152e-02,-2.31562458e-02,5.99769867e-02,-3.22113772e-02
-7.14034168e-02,-8.50075619e-02,-4.87688409e-02,-4.08491996e-02,5.47169904e-02,1.12796886e-02,8.22077086e-03,2.26848684e-03,1.34233537e-02,2.44058247e-02,-1.53374270e-02,3.22520166e-02,-1.65858934e-02
-4.47131695e-02,-2.75104545e-02,-2.53237247e-02,-2.85598497e-02,7.70947279e-02,5.76901520e-02,2.22057740e-02,-2.92360377e-02,1.34139953e-02,2.89473198e-02,-1.76868709e-02,4.80555907e-03,-2.29532730e-02
-3.95196626e-02,-1.99065170e-02,-2.21582412e-02,-1.67813695e-02,7.75635760e-02,8.76702244e-02,4.48286681e-02,-6.17396441e-02,3.00243497e-02,3.80549586e-02,-2.56008523e-02,-1.57156879e-02,-1.33253000e-02
-2.07185843e-02,4.89879358e-02,1.86895318e-02,-8.11430388e-03,8.97821374e-02,9.89333262e-02,6.07455332e-02,-6.17656740e-02,5.07918292e-02,6.29701156e-02,-1.69849131e-02,-1.33705195e-02,-2.25957354e-02
-1.78971625e-03,9.20186139e-02,4.23000004e-02,1.47097380e-02,1.06290791e-01,7.60710535e-02,3.72554179e-02,-4.03550830e-02,7.58638212e-02,4.85085770e-02,-2.32136997e-02,-3.12056393e-02,-2.95336102e-02
-4.31274797e-02,7.91734503e-02,6.56780365e-03,-1.32776110e-03,5.64587786e-02,3.87060481e-02,1.99990522e-02,-7.40970675e-02,4.48779183e-02,4.92884575e-02,7.73071603e-03,-1.55330289e-02,-1.08372483e-02
-6.60700009e-03,8.64121869e-02,2.08790109e-02,4.06809031e-02,4.60261855e-02,1.18514138e-02,-5.94539394e-03,-6.47898379e-02,5.26929620e-02,4.20168316e-02,2.26013788e-02,-2.77907183e-02,-2.33977754e-02
2.55326664e-02,8.43080435e-02,5.39994299e-03,4.45424449e-02,-1.40202474e-03,-3.01515127e-02,-4.82186023e-02,-6.50017441e-02,3.82117886e-02,-1.96311665e-03,7.18000999e-03,-3.90147793e-02,-3.12218788e-02
5.42508543e-02,3.56794912e-02,-2.54561900e-02,5.42653122e-02,-3.63863719e-02,-7.15075308e-02,-6.05715356e-02,-4.76879334e-02,4.12209587e-02,-7.02522170e-03,-3.76618863e-03,-3.03490144e-02,-3.94230245e-02
6.83029259e-02,1.96381335e-02,4.48306335e-03,8.03436941e-02,-2.33327748e-02,-5.04711515e-02,-4.86715445e-02,-2.65125203e-02,2.09202550e-02,-1.21348430e-02,-1.54625090e-02,-4.58481745e-02,-4.28093135e-02
7.21093486e-02,5.84420520e-04,3.76053054e-03,7.42468811e-02,-2.26139511e-02,-3.10504252e-02,-1.52245920e-02,-5.06900551e-03,7.09359794e-04,-3.16887893e-02,-1.43676789e-02,-5.29154599e-02,-6.36029175e-02
6.56811604e-02,-4.24347169e-02,-1.98536057e-02,5.75246187e-02,-5.20798109e-02,-6.53589592e-02,-1.61469965e-03,-4.57070355e-03,-1.24816353e-02,-5.38004081e-02,-2.63626903e-02,-4.98968813e-02,-2.45940768e-02
3.62544698e-02,-3.71517890e-02,2.99969543e-03,2.38739177e-02,-3.38637969e-02,-5.99405994e-02,5.18062301e-02,3.56576590e-02,1.31272864e-03,-1.78833828e-02,5.15970532e-04,-2.55704149e-02,-5.86518418e-03
2.36139663e-02,-1.01369779e-02,4.15062065e-02,-2.15150529e-02,-2.75468168e-02,-5.07838686e-02,8.46212923e-02,9.12163341e-02,9.02331000e-03,-2.11565585e-03,1.43186522e-02,-5.15497182e-03,1.05686494e-02
2.65846918e-02,-2.92735034e-02,3.26503605e-02,-2.51980976e-02,-1.45853768e-02,-6.02373337e-02,4.95097330e-02,6.89020730e-02,6.71275114e-03,1.32691491e-02,-3.93198717e-03,3.33643354e-03,3.08291736e-02
4.32646178e-02,-2.23137112e-02,4.16725471e-02,-2.10605495e-02,-8.34754071e-03,-3.84986282e-02,4.44368821e-02,5.82422582e-02,1.50674746e-02,2.99239916e-02,-7.67339726e-05,2.07899137e-02,2.30437175e-02
2.76763232e-02,-2.69000606e-02,1.09618037e-01,-8.98191119e-03,-3.09927037e-03,-1.40314474e-02,4.19794617e-03,4.96897874e-02,-4.40350307e-05,1.10770732e-02,-9.16426675e-03,1.72595430e-02,4.20568545e-02
3.15903802e-03,-1.51463291e-02,1.05666575e-01,-9.97216410e-03,2.11124005e-02,7.26050559e-04,-1.53618567e-02,6.60417343e-02,3.68106014e-02,1.69245850e-02,-4.59285367e-02,3.12155744e-02,5.66377961e-02
9.18451133e-03,-1.94379593e-02,1.13639677e-01,1.02381359e-02,4.30411100e-02,1.59137759e-03,-4.33665425e-02,6.90380854e-02,3.40189841e-02,6.92487550e-03,-6.66860172e-02,2.61711007e-02,6.57267481e-02
-5.46658602e-03,-2.39286230e-02,1.15833615e-01,1.29157533e-02,4.67199887e-02,3.72465341e-02,-8.37599598e-03,8.38821084e-02,-3.02355689e-03,-1.35585342e-02,-5.91429266e-02,4.32396857e-02,4.67974576e-02
-1.43261790e-02,-3.95830225e-02,6.00673559e-02,-2.56778114e-03,2.04162504e-02,6.62544076e-03,4.11485130e-03,9.44179846e-02,-1.89425453e-02,-3.42341836e-02,-5.21894646e-02,6.67741204e-02,4.58495198e-02
-3.18756067e-02,1.17567292e-02,1.62441248e-02,7.20591099e-03,1.71098831e-02,-2.27977975e-02,2.32627768e-03,9.82839284e-02,1.01113815e-02,-6.83368581e-02,-4.77296123e-02,5.93833333e-02,5.31185618e-02
-4.33683237e-02,4.92533885e-02,1.45413005e-02,1.44230254e-02,-9.60055617e-03,-2.66747817e-02,6.40060124e-02,1.28584752e-01,-4.59138215e-03,-5.16287927e-02,9.29683875e-04,8.86956839e-02,8.05721582e-02
-2.90699431e-02,4.86226856e-02,8.80955439e-03,5.35008291e-02,1.36408115e-02,-3.76135809e-02,4.74009665e-02,9.50418890e-02,-3.44997167e-02,-7.08970458e-02,-6.82909773e-03,7.67783025e-02,7.64145253e-02
5.24478283e-03,5.00206054e-02,-2.51576379e-02,7.51693263e-02,2.80249778e-02,-1.42142553e-02,5.70007895e-02,8.03870235e-02,-2.27356749e-02,-5.09231140e-02,2.67085444e-02,5.04738409e-02,4.82374479e-02
4.12812410e-04,2.12286784e-02,3.49953442e-03,9.92923325e-02,3.96604421e-02,2.09320551e-02,5.03511929e-02,5.39222355e-02,-4.15366167e-02,-4.68780385e-02,4.08416873e-02,3.09892298e-02,5.33404961e-02
-2.09660043e-02,-3.45000114e-03,-4.43459189e-03,9.23760148e-02,6.40435334e-02,4.29299928e-02,4.13991999e-02,5.19947152e-02,-1.28443797e-04,-7.68403681e-03,3.32760523e-02,1.93960547e-02,6.46853650e-02
-4.04942616e-02,-5.27964417e-02,3.21567655e-03,1.10715750e-01,8.69852387e-02,4.04917976e-02,1.58756282e-02,4.01499750e-02,8.00309584e-03,2.08420992e-02,3.62897579e-02,1.21711629e-02,5.80654889e-02
-1.11281689e-03,-7.14116384e-02,1.79048729e-02,1.00258244e-01,7.70235462e-02,5.36907292e-02,3.42746265e-02,3.66135954e-02,-8.92008712e-03,4.19899794e-02,2.60273340e-02,-5.96694785e-03,2.59328110e-02
-1.97721013e-02,-1.23577955e-01,-4.45139703e-03,5.93884233e-02,5.97792572e-02,8.32234400e-02,5.61833456e-02,7.34315636e-02,2.51920644e-02,7.41855926e-02,2.36476107e-02,-1.75843111e-02,-1.86660229e-02
-4.30634908e-02,-8.26962474e-02,-2.44246750e-02,2.26103964e-02,3.40886592e-02,5.85697047e-02,1.88335384e-02,6.46109070e-02,6.08838336e-02,5.08932381e-02,1.86365655e-02,-3.28587849e-02,-4.25108901e-02
-1.65783706e-02,-6.03239727e-02,-4.65891742e-02,-2.01213045e-03,-1.95819317e-02,6.14510514e-03,2.46598994e-02,5.24389639e-02,5.55920966e-02,3.54551317e-02,2.70308372e-02,1.33289086e-03,-2.25423462e-02
-3.19840397e-02,-2.77327809e-02,-6.10076871e-03,-1.27669778e-02,-6.70270318e-03,1.45695329e-02,1.84428655e-02,2.41567521e-02,3.66835354e-02,-1.19076964e-02,3.73334963e-03,2.63925181e-02,-5.40465870e-02
8.22908934e-03,2.90922800e-03,1.83547992e-02,-9.29489975e-03,-1.30483064e-02,-2.87409796e-03,-1.42353857e-02,-5.85631153e-03,3.51450951e-02,-2.46366424e-02,-5.98110165e-03,1.89551327e-02,-7.28822135e-02
-4.17409169e-03,2.05917174e-02,5.55095959e-02,2.49622368e-02,-1.55304099e-02,-1.76447485e-02,-5.41616604e-02,-4.88529773e-02,1.43647542e-02,-3.44245520e-02,-3.10975623e-02,1.56807330e-02,-6.63157894e-02
1.88198671e-03,2.96232734e-02,7.54703555e-02,1.60093389e-03,-4.01031180e-02,-1.22539008e-02,-3.06733132e-02,-4.90966371e-02,1.34587783e-02,-4.29188675e-02,-4.69884624e-02,-1.23367713e-03,-6.66982767e-02
1.50332223e-02,3.02598916e-02,8.14945610e-02,1.24949297e-02,-1.02918275e-02,-1.70392534e-02,-5.26248649e-02,-7.95484166e-02,-4.65011733e-03,-4.42246581e-02,-4.23240959e-02,9.28447638e-03,-3.33907932e-02
4.57178744e-02,1.16386202e-02,5.60773514e-02,-8.42965973e-03,9.65481803e-03,-1.86489704e-02,-4.05798794e-02,-7.87165066e-02,-2.07089567e-03,-1.14430184e-02,-3.44308756e-02,5.30073952e-03,-4.65392767e-03
8.33917455e-02,1.57959885e-02,3.90420575e-02,-3.87798838e-03,-7.06709176e-03,6.35771190e-05,-2.13424131e-02,-5.65041180e-02,1.77904262e-02,-6.26491908e-03,-4.61145301e-02,-9.28503626e-03,-9.37765617e-03
3.59577786e-02,2.12033671e-02,5.78459855e-02,2.64355294e-02,2.10832542e-02,8.79909240e-03,-2.39299318e-02,-5.53761829e-02,3.46710681e-02,2.52020050e-02,-2.74303857e-02,-1.13222768e-02,-4.57715729e-03
4.36041992e-02,2.32157438e-02,2.33715592e-02,9.14017100e-03,1.06798918e-02,-3.61416238e-04,1.33129819e-02,-3.52152388e-02,2.85756925e-02,3.97516328e-03,-1.92277821e-02,-7.95043146e-03,2.97070554e-02
2.91343321e-02,1.60962074e-02,-1.04954930e-02,-2.40594078e-02,1.44193534e-02,1.97014172e-02,4.43539976e-02,-3.88630158e-02,3.25876608e-02,-8.16069600e-03,2.18654931e-02,3.78607916e-02,3.25384602e-02
1.47700006e-02,-8.43048897e-03,-5.97687004e-02,-4.99560340e-02,-4.62056567e-03,1.29492782e-02,4.04133646e-02,-5.56457454e-02,6.12968577e-03,-1.66778625e-02,3.66879772e-02,6.83262340e-02,2.51293628e-02
-3.66768551e-02,5.67775075e-03,-6.98319097e-02,-8.58861736e-03,-1.09561498e-02,-1.79227073e-02,-4.15949142e-02,-9.06290110e-02,-1.99577690e-02,3.90688710e-05,8.01423906e-03,8.31342196e-02,1.67598363e-02
-9.23203642e-02,1.22672445e-03,-5.28131273e-02,-2.12687146e-02,-5.99467449e-02,1.05951526e-02,-2.09244358e-04,-5.73474399e-02,-5.09464211e-02,-2.96359309e-02,-4.63234869e-02,1.71646917e-02,-3.01608447e-02
-3.61310945e-02,2.68644546e-03,-5.01180412e-02,-1.15509586e-02,-6.06644158e-02,-4.56924646e-03,-3.75004232e-02,-4.35920308e-02,-5.71772640e-02,-3.34743052e-02,-5.14491279e-02,-3.65203635e-02,-6.84889463e-02
-5.64503349e-02,-2.33357746e-02,-9.66090194e-02,-3.56248757e-02,-4.27588749e-02,3.26629680e-02,-2.22939118e-02,2.26114907e-02,-3.85674350e-02,2.64729218e-02,-1.18356117e-02,-2.51054695e-02,-4.78486387e-02
5.36394970e-03,-9.18496328e-03,-1.04687044e-01,-2.92146766e-02,-6.16353878e-02,-6.12752183e-03,-5.74726711e-02,4.31964348e-02,-2.65548644e-02,2.00246231e-02,-1.20925836e-02,-3.12133555e-02,-3.34961170e-02
4.31570063e-02,-1.27913807e-02,-5.74422403e-02,1.42909301e-02,-3.60210124e-02,-9.73816218e-03,-7.32826657e-02,4.55531557e-02,1.97185585e-02,2.43816957e-02,-1.76063920e-02,-5.69642568e-02,-5.40780616e-02
4.31985046e-02,-2.52330718e-02,-3.91020999e-02,1.16410574e-02,-1.27523909e-02,1.50335793e-02,-3.97585031e-02,6.21734985e-02,4.40970810e-02,1.47024483e-02,-1.03883332e-02,-6.24371511e-02,-3.82389564e-02
8.16606335e-02,-4.66278253e-03,-7.95374862e-03,1.26988627e-02,2.45282712e-02,2.70247162e-02,-3.37523240e-02,2.96074985e-02,8.67243925e-02,2.45993326e-02,2.30397775e-02,-3.47914843e-02,-1.59372966e-02
1.00784590e-01,-9.98924850e-03,-8.85244873e-03,5.72971661e-03,5.18062945e-02,4.20662567e-02,1.42998700e-02,3.16402598e-02,8.24070131e-02,3.14977481e-02,4.34128644e-02,7.30515783e-03,2.46381642e-03
8.24666455e-02,-1.08031380e-02,-1.37731092e-02,3.43047909e-03,7.39252141e-02,1.68316409e-03,-3.34374582e-02,-8.11772628e-03,7.54443152e-02,7.28574494e-02,2.26410254e-02,7.17772977e-02,4.32507864e-02
7.25958104e-03,-2.58268420e-03,2.28873399e-02,-1.24418301e-02,5.97844634e-02,1.05617843e-02,1.86239673e-02,-2.36916264e-02,3.24031019e-02,4.87777193e-02,-1.34808754e-02,5.90680077e-02,3.85424797e-02
2.06638842e-02,-6.72101353e-03,-5.13045953e-04,-1.59901516e-02,2.96576424e-02,-2.04143690e-02,5.53122927e-03,-4.68516119e-02,7.42483279e-03,3.08614436e-02,-1.15256364e-02,3.10821458e-02,3.64010948e-03
-2.95610163e-02,-1.43565984e-02,-3.93453482e-02,-2.19698107e-02,4.45313756e-02,-7.58865556e-03,1.51563247e-02,-3.64682809e-02,-4.89536941e-03,4.72500648e-02,3.39782601e-03,6.95762834e-02,2.13911024e-02
-2.75399063e-02,6.84528916e-03,-1.89230468e-02,-1.29304784e-02,3.44309961e-02,-3.20304599e-02,-8.05480582e-03,-4.96645783e-02,-2.44837197e-02,4.48132580e-02,1.76799274e-03,3.76829520e-02,5.93219237e-02
-1.58154749e-02,2.14290323e-02,1.55785618e-03,-2.30598230e-02,2.57077366e-03,-1.48490256e-02,1.38319639e-02,-6.45555584e-02,-4.29789352e-02,1.23920410e-02,-1.24048715e-02,8.49163080e-03,4.78949051e-02
-3.62047983e-02,1.72462018e-02,-1.64038556e-02,-3.81775559e-02,-1.81566601e-02,-2.61840444e-02,1.39155352e-02,-7.75060663e-02,-3.88793711e-02,3.75437058e-03,2.61609083e-03,5.67398590e-04,4.82901738e-02
-2.69076504e-02,5.58429150e-02,-2.34762498e-02,-9.41384316e-03,-2.71125141e-02,-1.20202842e-02,-2.54914273e-03,-9.00273347e-02,-6.81618172e-03,-2.69767296e-02,-2.25533840e-03,-3.71215903e-02,2.97188964e-02
-1.55492190e-02,7.21772975e-02,1.11230204e-02,1.81417254e-02,-3.91915620e-02,1.07614802e-02,2.91336304e-02,-4.56941800e-02,8.56673589e-03,-2.71539013e-02,6.87456116e-03,-7.53710426e-02,-2.44096772e-03
-2.55987645e-02,6.10547057e-02,6.13636858e-03,2.09823217e-02,-1.00755120e-02,3.65476102e-02,4.71192268e-02,-1.52005267e-03,7.88242170e-03,-2.00377512e-02,-1.45410871e-02,-8.16982338e-02,-3.46858035e-03
-2.36866171e-02,7.14757762e-02,2.34666397e-02,3.28559086e-02,-5.05414971e-03,6.57994398e-02,5.48674204e-02,1.33378022e-03,5.80466371e-03,-2.61896526e-02,-1.23820992e-02,-9.17435427e-02,-3.53334198e-02
-1.14508068e-02,4.72473849e-02,-2.28323275e-02,1.73838532e-02,-4.76481760e-02,5.72289877e-02,6.14168861e-02,6.96318757e-03,1.57658604e-02,-1.29525546e-03,1.29671124e-03,-6.49184678e-02,-8.07317136e-02
-3.59008811e-02,4.75028817e-03,-4.17488563e-02,2.99545980e-02,-2.46912320e-02,4.38839083e-02,4.42171840e-02,2.19970960e-02,3.02564479e-02,1.00778662e-02,6.37705958e-03,-2.25585769e-02,-7.07568662e-02
-1.07013927e-02,1.49373064e-02,-4.69488627e-02,1.43600534e-02,-1.68767884e-02,1.01536604e-02,9.64319551e-03,1.18236568e-02,2.05003573e-02,1.49258051e-02,-1.36938544e-02,-5.78352182e-02,-6.10855110e-03
-6.17445944e-02,-1.57055447e-02,-4.23194957e-02,-2.00147331e-02,-2.90243873e-02,-5.38117812e-03,1.11722029e-02,1.99127742e-02,-1.64375627e-02,-9.48849959e-03,-1.38746964e-02,-5.80232461e-02,2.15094776e-03
-2.90046950e-02,-8.97667270e-03,-9.90891490e-03,-3.23619005e-02,1.88228492e-02,-2.20472993e-02,3.12292664e-03,2.99655642e-02,-3.97567480e-02,-8.56720861e-03,-1.28374094e-02,-4.61748779e-02,8.13069430e-03
-2.66592527e-02,1.78831348e-04,1.79784157e-02,-1.09452540e-02,2.95262638e-03,-4.82599414e-02,-9.87568008e-03,3.92800432e-02,-5.22486807e-03,9.19428929e-03,-1.48628093e-02,-2.94760121e-02,1.81306521e-02
-3.79226978e-02,-1.11610973e-02,8.41266430e-02,-1.24947729e-02,-2.12167801e-02,-7.28603043e-02,-4.54092972e-02,3.10169339e-02,-2.19822233e-02,4.40928147e-02,3.21383569e-02,-1.64534360e-02,2.18380494e-02
-3.19566636e-02,-1.35541247e-02,8.54601898e-02,-2.51178347e-02,-1.47950325e-02,-6.81474438e-02,-5.21512010e-02,3.13593018e-02,-5.90146619e-02,1.59850730e-02,5.01287027e-02,-1.63517746e-02,5.72450774e-02
-1.88189909e-02,-7.30694771e-03,9.58164569e-02,-2.27847508e-02,-3.14007026e-02,-3.95998983e-02,-7.08883622e-02,-4.39777944e-03,-9.46585849e-02,3.86073655e-03,7.76960129e-02,1.32086736e-03,7.18517467e-02
2.07416476e-02,-1.81391211e-02,8.21827990e-02,-4.33072005e-02,-9.68730838e-02,-2.48840249e-02,-6.88247268e-02,-2.34290956e-02,-7.60246673e-02,1.06508211e-02,7.41976926e-02,4.86978672e-02,5.11668107e-02
2.28488453e-02,-5.45333749e-02,9.51845563e-02,-3.35473417e-02,-1.01113349e-01,4.60596621e-03,-4.48110044e-02,3.71807198e-03,-3.77649975e-02,4.17907802e-02,9.77350428e-02,7.41152793e-02,3.04343084e-02
7.84938057e-02,-1.19071948e-02,9.85952940e-02,-1.45089354e-02,-7.99134252e-02,1.38953843e-02,-7.37098237e-02,-2.44501901e-02,-5.13087009e-02,2.33162326e-02,5.75658947e-02,4.83066862e-02,5.18232035e-02
5.78102168e-02,-1.72751880e-02,9.21095274e-02,-1.16218947e-02,-6.76352750e-02,2.87369710e-03,-6.16485603e-02,-1.88242759e-02,-4.48746245e-02,4.17430954e-03,5.19931906e-02,4.69251806e-02,5.27694606e-02
8.56209994e-02,1.89517137e-02,1.21297335e-01,2.99412909e-02,-5.25058987e-03,-1.27107103e-02,-6.60724179e-02,-3.01229749e-02,-3.32254120e-02,-1.60408596e-02,3.59008184e-02,3.90467629e-03,3.42001923e-02
6.60659204e-02,3.60092641e-02,1.48028472e-01,6.51743608e-02,2.72257736e-02,-3.48902466e-02,-4.04272142e-02,-9.87897757e-03,1.46058492e-02,-2.49335830e-03,2.15885832e-02,1.01758638e-02,7.78194149e-03
3.55374655e-02,1.28257549e-02,1.32043416e-01,7.30646547e-02,6.39042121e-02,-2.43970920e-02,-3.04179924e-02,-1.47916736e-02,3.16104648e-02,1.32792873e-02,7.64260341e-03,4.83639745e-03,1.69844536e-02
-3.90350018e-03,-1.17006930e-02,9.78972380e-02,7.23581472e-02,8.15440355e-02,-9.91875523e-03,-2.44404599e-02,-1.94823821e-02,1.90044883e-02,3.85321351e-04,-3.81455421e-03,-4.53145875e-03,3.71161967e-02
-5.30302622e-02,-3.64620357e-02,2.43605260e-02,4.04118976e-02,8.42393220e-02,-1.88295288e-02,-2.41315891e-02,-1.93519421e-02,1.40094131e-02,3.07460266e-02,4.46082094e-02,1.09981048e-02,6.46809460e-02
-3.89955621e-02,-2.92897031e-02,-2.24379188e-02,-2.54199502e-03,4.12691878e-02,-2.56355292e-02,-2.49230032e-02,-3.49578044e-02,-1.58492515e-02,-1.16601531e-02,2.83568793e-02,2.16087069e-02,6.97357003e-02
-4.14247769e-02,-5.34786785e-02,-8.40383367e-02,-5.26101360e-02,-1.16181983e-02,-2.03574733e-02,-9.66265622e-04,1.11623100e-02,2.05468001e-02,-1.52336799e-03,4.82569719e-03,-2.45643292e-04,4.61097579e-02
1.76297647e-02,-3.84919974e-02,-8.71363648e-02,-5.02604820e-02,-1.93992202e-02,7.46013012e-03,-2.11403942e-02,1.08629303e-02,9.71317771e-03,-2.35558336e-02,-2.30030230e-02,-1.87842960e-02,2.06415570e-02
4.79156210e-02,-1.92002656e-02,-1.09440215e-01,-8.97331993e-02,-2.96560028e-02,5.18206712e-02,1.78878659e-02,1.77616830e-02,-1.63010348e-02,-5.97601517e-03,-2.19424071e-02,-1.15975980e-02,-4.06401878e-03
4.87006584e-02,1.95755306e-02,-6.74958882e-02,-5.86842011e-02,-3.62200238e-02,3.05129917e-02,-5.45567933e-03,-8.77550410e-03,-1.26110440e-02,1.37481361e-02,-1.54610125e-02,-2.24617170e-02,-8.86110463e-03
7.46486606e-02,6.64626370e-02,-2.23310307e-02,-4.37503934e-02,-2.39230060e-02,3.49406295e-02,8.35982338e-03,-1.66001519e-03,9.41760397e-03,4.19061817e-03,-4.60067783e-02,-2.49196741e-02,-2.74140568e-02
9.41389772e-02,8.22814553e-02,-1.05793494e-02,-7.93448181e-03,-3.55901057e-05,2.71188598e-02,4.83951675e-02,5.78276591e-03,1.32157620e-02,-8.10404196e-03,-5.42529999e-02,-3.64849024e-02,-8.30418621e-03
6.43262633e-02,5.77502296e-02,-1.78765823e-02,5.34673262e-04,-8.70898540e-03,5.27500009e-02,6.39481978e-02,1.89776786e-02,2.21926133e-02,-1.49903021e-02,-7.31783875e-02,-2.23424167e-02,5.86116127e-03
-1.44117014e-03,2.58804992e-02,-5.29637791e-02,2.45281215e-03,-1.84124843e-02,4.05418479e-02,6.24045144e-02,1.83975080e-02,3.00641311e-02,-9.35555993e-04,-2.80494339e-02,1.66739595e-02,3.23917094e-02
-9.50140230e-04,2.91383052e-02,-3.11164204e-02,1.69363078e-02,1.45972651e-02,3.94510038e-02,6.55532988e-02,-4.21298380e-03,-1.77023037e-03,-1.78942008e-02,-2.05501900e-02,3.81560558e-02,4.05240781e-02
-6.13569275e-03,8.38386288e-03,-3.91266984e-02,6.46550722e-03,1.07654315e-02,4.78317354e-03,6.76159057e-02,-8.02671497e-03,-1.94312824e-02,-4.89071658e-02,-3.59955808e-02,4.72603343e-03,2.64280549e-02
8.61891745e-03,1.17359592e-02,-1.91058053e-02,6.97934961e-03,2.08894746e-02,-3.11128447e-02,1.62687002e-02,-1.55183207e-02,-1.54003134e-02,-5.95407693e-02,-4.35099958e-02,-1.17507006e-02,-1.60103595e-02
1.31187694e-02,-4.40347049e-03,-3.93757276e-02,-1.60266545e-02,1.64708728e-02,-2.50207099e-02,2.49518668e-02,-2.18557985e-02,-3.76312667e-02,-2.50586300e-02,-3.53439464e-02,-2.09681245e-02,-3.82851543e-02
-6.16511999e-02,-3.52854116e-02,-5.66280134e-02,-3.80898562e-02,-6.85680337e-03,-3.44229817e-02,1.09951339e-02,-5.30925455e-02,-5.12134587e-02,-6.91264018e-03,-2.32294076e-02,-2.29488627e-03,-4.17121373e-02
-6.18494148e-02,-8.57744605e-03,-2.87375150e-03,-1.40533056e-02,-2.29992515e-02,3.58003147e-03,9.09536742e-03,-3.91020558e-02,-3.91093964e-02,-2.53179283e-03,-3.41172261e-02,-1.17397646e-02,-5.01148072e-02
-3.90679256e-02,2.80849424e-02,1.54342321e-02,4.49726487e-02,-1.12345823e-03,-2.85990419e-02,1.58099657e-03,-1.63607058e-03,-1.30807347e-02,2.33298975e-02,-2.33438831e-03,-3.85358435e-02,-4.78826848e-02
-8.58281855e-03,3.46514430e-02,-2.22637101e-02,1.91715930e-02,2.97045172e-03,-1.47819532e-02,-2.76828477e-03,2.46274172e-02,1.98466286e-02,5.40956329e-02,5.77346331e-03,-5.18391987e-02,-4.54329617e-02
-9.96100435e-03,2.59562696e-02,-7.62758465e-02,-2.25090341e-03,-1.28826197e-03,7.21508199e-04,-2.63955325e-02,4.21409325e-02,2.38213704e-02,4.54588417e-02,9.25552679e-03,-1.63473157e-02,-1.70110571e-02
1.32867251e-02,3.01384361e-02,-7.27793280e-02,1.57689266e-02,4.22536464e-02,6.24222441e-02,-2.48721192e-02,5.07075999e-02,3.37898095e-02,3.06638780e-02,-1.05366804e-02,1.69089265e-02,3.57713229e-04
-9.54711358e-03,-2.35149277e-02,-9.02589639e-02,4.47902224e-02,8.57960592e-02,9.35335945e-02,2.49334419e-02,5.81538949e-02,5.13639046e-02,-4.49764333e-03,-5.48776810e-03,1.78763630e-02,4.32528643e-03
2.38205114e-02,-1.60619523e-02,-7.83513993e-02,4.86388832e-02,9.27146470e-02,6.77562182e-02,2.69024010e-02,5.44884008e-02,6.65784849e-02,-2.40711099e-02,-1.01454309e-02,5.28232981e-03,-4.08374662e-02
5.57116187e-02,-2.94125422e-02,-6.73744541e-02,4.96981615e-02,1.00384569e-01,5.85097386e-02,2.56347203e-02,8.59974730e-02,7.21995800e-02,-1.30744731e-02,-1.20909062e-02,1.20614815e-02,-5.54351986e-02
-3.42597013e-02,-7.24868343e-02,-6.95873407e-02,9.59443390e-03,6.87324923e-02,1.66034347e-02,2.51641336e-02,5.19526245e-02,4.87319105e-02,-1.98210142e-02,-2.63619887e-02,2.92963295e-02,-4.36954302e-02
-5.09687233e-02,-4.01482796e-02,3.23785753e-02,2.73149957e-02,1.55295516e-03,-2.21788796e-02,1.21880510e-02,2.18409279e-02,3.47498753e-02,5.53120666e-03,-6.40978382e-03,1.49083484e-02,-4.11031401e-02
-7.02524230e-02,-4.74206030e-02,4.23723479e-02,3.16909028e-02,-2.58193042e-02,-4.52095812e-02,1.49768565e-02,2.06728572e-02,4.44063028e-02,1.69706335e-02,1.22629279e-02,2.32084843e-02,-4.38140821e-02
-6.78362818e-02,-2.29219904e-02,4.38554688e-02,7.52839457e-03,-4.60315378e-02,-5.06332525e-02,2.17118625e-02,-2.57049535e-03,1.62749519e-02,4.05195447e-02,2.71669732e-02,2.00557954e-02,-4.24879603e-02
-4.58986466e-02,-1.14322685e-02,2.89094151e-02,-3.83635053e-02,-2.46689743e-02,-4.55985450e-02,1.49769106e-02,2.19171271e-03,-5.57483400e-03,2.47157444e-02,3.79451341e-02,3.44371857e-02,-4.27621628e-02
-4.67356490e-02,-4.98261737e-03,6.62900432e-03,-3.20112151e-02,6.85837520e-03,-3.77139689e-02,1.40286853e-02,1.64918840e-02,-7.76227730e-03,1.26994004e-02,4.12709202e-02,3.70481175e-02,-2.46560712e-02
-8.90803848e-02,-4.07685246e-02,-3.29013182e-02,-1.61840513e-02,3.20843679e-02,8.82592649e-03,6.54654741e-02,2.80852553e-02,1.41974245e-02,-2.05415160e-02,3.87621749e-02,4.14114340e-02,1.94278378e-02
-1.86037360e-02,1.64362240e-03,-5.24621450e-02,-3.04718158e-02,8.54340923e-03,1.71282642e-02,9.91142582e-02,7.20561817e-04,3.40591786e-02,-3.60343143e-02,1.13604166e-02,1.42815530e-02,3.73962044e-02
5.31894114e-02,4.71586404e-02,-3.06881512e-02,-2.35104781e-02,1.04259429e-02,3.03277421e-02,6.42893830e-02,-3.01352077e-03,3.49737846e-02,-1.80274140e-02,1.72926752e-02,1.16639078e-02,1.62311960e-02
6.01429939e-02,6.16412800e-02,-2.69978972e-02,-3.48083268e-02,-1.62534526e-02,3.33168731e-02,4.22533555e-02,-2.66738037e-02,1.48337986e-02,-1.66258572e-02,3.08299973e-03,9.47023666e-03,1.92289112e-02
8.05547345e-02,8.69769342e-02,1.01119911e-02,-1.41179616e-02,-4.91096512e-02,-1.01654403e-02,-3.04054253e-02,-7.46381691e-02,1.66385438e-02,7.48892088e-03,-3.74376788e-02,-3.25107846e-02,3.71989648e-02
5.54586560e-02,5.14927907e-02,-8.42805738e-03,-2.33914756e-02,-4.52132240e-02,7.98498510e-03,-2.41154365e-02,-5.56725529e-02,1.24493678e-02,-1.48631705e-02,-7.24712366e-02,-5.34154288e-02,1.18405617e-02
5.29106923e-02,4.35604204e-02,-4.96350194e-02,-3.57478410e-02,-5.91645247e-02,-1.65210893e-03,-5.80492474e-02,-7.22334926e-02,-1.39844755e-02,-1.50556269e-02,-7.54362838e-02,-5.26327868e-02,5.26148479e-03
5.97337099e-02,3.71601896e-02,-2.22107322e-02,-3.61801836e-02,-2.96462578e-02,5.76090866e-02,-1.92206678e-02,-6.30735274e-02,-3.41043980e-02,-3.96802685e-02,-5.68686388e-02,-3.56917923e-02,-3.63478044e-02
2.69625042e-02,-7.65158751e-03,-3.26996044e-02,4.23835219e-03,-5.21062665e-03,3.35390160e-02,-1.55019196e-02,-3.16171726e-02,-1.13801012e-02,-2.69394247e-02,-3.70787664e-02,-1.14090864e-02,-4.38054760e-02
-1.88907901e-02,-6.54590448e-02,-2.39517958e-02,2.57199272e-02,1.20222389e-02,1.62961966e-02,1.57646399e-02,1.51994322e-02,-1.20004902e-02,-4.61015992e-02,-2.15925420e-02,1.26264674e-02,-1.35687233e-02
-4.07830474e-02,-5.14478897e-02,-3.45990712e-02,1.23570171e-03,6.13097021e-03,-2.25967746e-02,3.40282165e-02,4.13251559e-02,-7.98842034e-03,-4.58693318e-02,-7.12854992e-03,-1.63521415e-02,9.77141708e-03
-1.10053421e-03,-2.17475529e-03,2.31353512e-02,4.54403743e-02,2.45772134e-02,-4.75604434e-02,1.86186890e-02,5.11465062e-02,-5.37316320e-03,-1.74499368e-02,1.66696624e-02,-3.54338760e-02,-1.06311765e-02
1.29699181e-02,1.32401696e-02,4.83903910e-02,1.94079941e-02,4.45574567e-03,-2.89560130e-02,3.90821209e-02,6.44857521e-02,-1.64657251e-03,1.48559060e-02,5.57738978e-02,-1.61845122e-02,-2.18797750e-02
3.35975762e-03,-4.30760405e-03,7.66699959e-02,3.81040792e-02,6.96086268e-03,-3.29945071e-02,-1.91895929e-02,1.08821330e-02,-1.31542687e-02,7.25681637e-03,2.81564787e-02,-1.89879347e-02,-5.21609950e-03
-3.12023155e-02,-4.65167857e-02,7.26482464e-02,2.28192037e-02,3.25401784e-02,-1.91692622e-02,4.48905677e-04,3.94773992e-02,-1.47990562e-02,-6.37632409e-03,1.46608219e-02,-2.56918394e-02,7.59984670e-03
-4.25963270e-02,-5.89006888e-02,4.34794049e-02,8.14389847e-03,6.36996625e-02,-4.71628475e-02,-4.65951217e-02,5.43228211e-02,-1.35204828e-02,-5.62395878e-03,-2.88457286e-03,-1.27308724e-02,2.56440101e-02
-2.48138494e-02,-4.21587372e-02,6.58561360e-02,-2.29756626e-03,7.54374162e-02,5.99902228e-03,-8.49903116e-03,4.78415211e-02,-2.15928074e-02,-1.27366715e-02,-1.50731255e-02,-1.06647274e-02,1.26040225e-03
-1.27596106e-02,-6.04229892e-02,3.48537143e-02,8.11217615e-03,6.75461471e-02,-1.16346310e-02,3.42074516e-03,3.84541555e-02,-4.00247369e-02,-6.72930417e-03,-3.32960655e-02,2.34320503e-02,2.27580316e-02
-1.25080775e-03,-4.93192308e-02,6.79108193e-02,2.75318998e-02,5.35364570e-02,-3.32325492e-02,7.45108071e-03,5.24825711e-02,-3.85804792e-02,-8.28524653e-03,-5.97164551e-02,4.89080656e-02,4.85513168e-02
6.22769758e-03,-2.28340890e-02,4.66712624e-02,1.61707314e-02,6.48931070e-02,-6.47412641e-02,-1.98185152e-02,3.59903400e-02,-5.63259068e-02,-2.46544335e-02,-4.91104006e-02,3.47738622e-02,5.78043862e-02
-4.58846197e-03,-2.88262355e-03,2.18569145e-02,4.58641682e-02,5.95570440e-02,-7.51682827e-02,-3.52743597e-02,1.67923776e-02,-4.61034345e-02,-2.57410511e-02,-3.55553568e-02,1.86729628e-02,5.53882148e-02
1.09115073e-02,4.66749402e-03,1.44479089e-02,5.07486754e-02,2.20201407e-02,-6.26974608e-02,-1.77611142e-02,3.25157408e-02,-4.70691640e-02,-1.78995128e-02,-2.04820171e-02,1.19857161e-02,1.61058210e-02
-3.07455447e-02,-1.01093533e-02,2.33815730e-02,5.03598722e-02,-1.67474903e-02,-4.56006754e-02,-4.93750369e-02,3.71681600e-03,-5.53092520e-02,-4.81631119e-02,-5.93756085e-03,1.23014422e-03,-9.10745702e-03
-7.06990681e-02,-4.56449983e-02,1.17612849e-02,2.61688386e-02,-9.37681582e-03,-1.61376900e-02,-2.14735797e-02,-8.07754456e-03,-2.13557023e-02,-3.88418472e-02,1.82608221e-02,-1.94371398e-04,1.96375594e-03
-6.51331440e-02,-5.89876593e-02,9.28087791e-03,4.03869407e-02,1.07896061e-02,-1.01991909e-02,-1.93329727e-02,-7.58273263e-03,1.01070902e-02,-3.06409144e-02,2.37372966e-02,-7.75694194e-03,9.78438062e-03
-7.03347456e-02,-4.26285910e-02,3.84746703e-02,5.02911501e-02,1.91330091e-02,2.01199953e-02,-8.46563845e-03,-2.42390309e-02,2.39090439e-02,-3.11612748e-02,1.56749546e-02,-7.80284348e-03,4.56562845e-03
-3.77540576e-02,-3.98349473e-02,-1.25149938e-02,3.08234956e-02,-1.03244376e-02,2.24153823e-02,2.75165053e-02,-1.44493469e-03,1.69731286e-02,-1.17802416e-02,2.80333203e-02,1.53873414e-02,-1.60268686e-02
-4.83538408e-03,7.50863292e-03,1.58530509e-02,2.49082077e-02,-3.06128075e-02,2.33528447e-02,1.59610372e-02,-1.28505966e-02,2.94987342e-02,1.79808534e-02,5.54411685e-03,1.56715508e-02,-2.49747029e-03
4.91162298e-02,3.50610275e-02,1.81205546e-02,3.48210554e-03,-1.80888926e-02,1.97805970e-02,3.44182507e-02,-4.27486970e-03,4.74266338e-02,8.98219203e-04,-2.82190747e-02,9.07788612e-03,2.41663845e-02
3.04731432e-02,3.86337086e-02,2.39649633e-02,2.22410292e-02,-1.02514171e-02,3.82652226e-02,2.62361273e-02,-2.09525940e-02,5.81767669e-02,2.38289720e-03,-1.04439167e-02,1.33357632e-02,3.45680616e-02
7.20690647e-02,7.51842756e-02,3.78436381e-02,1.26607017e-02,-2.46982843e-02,4.68819058e-02,4.08523600e-02,-2.91983726e-03,4.13401148e-02,-5.34563254e-03,-2.51049136e-02,2.98848172e-02,4.52217258e-03
5.91345482e-02,7.59087405e-02,2.78629594e-02,-1.93699623e-02,-5.79468448e-02,2.87877051e-02,2.82713063e-02,3.45256920e-02,5.14449420e-04,-3.27919075e-02,-1.53441635e-02,2.08373669e-02,1.41819225e-02
5.28799166e-03,1.41931569e-02,-8.61637980e-04,-3.70626032e-02,-5.31737999e-02,8.14498662e-03,2.10965695e-02,3.69743045e-02,3.21151893e-02,3.26721598e-03,4.26519314e-03,2.25904324e-02,-2.77687655e-03
3.59985000e-02,-1.45233758e-02,1.15670515e-02,-2.44959638e-02,-3.68393642e-02,-7.57219183e-03,2.11552219e-02,1.59920771e-02,3.81146028e-02,4.61974405e-03,2.06320068e-03,-5.73727085e-03,-1.80027764e-02
3.94103549e-02,-1.45985382e-02,3.67298531e-02,-4.17288961e-03,-1.44046209e-02,-4.37792248e-03,-1.87981004e-05,-3.17702015e-02,1.57585542e-02,1.76380913e-02,2.01827661e-03,1.97586557e-04,-4.93592052e-03
2.85968039e-02,-2.43541994e-02,3.87079686e-03,-1.43642291e-02,-8.89958443e-03,2.92388952e-02,2.29802896e-02,-1.22604183e-03,8.09485443e-03,3.04734937e-02,2.01315141e-02,1.81671204e-02,-4.48417102e-02
3.47136327e-02,-1.75794710e-02,6.32360834e-04,-7.69753392e-03,-2.11034784e-02,2.27576635e-02,-9.34540989e-03,-4.75575801e-02,-1.62367220e-02,4.58754954e-02,1.39841029e-02,2.00226233e-02,-4.43257346e-02
2.91917426e-02,-3.54585687e-02,-1.84634527e-02,-4.50464717e-02,-2.32514915e-02,-2.15591864e-02,1.22534561e-03,-4.50492141e-02,-3.93677264e-03,5.68493925e-02,-3.28918181e-03,-1.20971187e-02,-3.10456886e-02
-7.57367465e-04,-1.58788123e-02,2.07449720e-02,-2.23082890e-03,-2.61595138e-02,-1.21346735e-02,-1.58497299e-02,-6.37570753e-02,-2.74665491e-02,2.76656466e-02,-6.76708171e-03,1.21336813e-03,-9.03110139e-03
6.45108026e-03,3.88950074e-02,3.61241267e-02,-3.24313021e-02,-1.63106255e-02,3.07071028e-02,7.87165078e-04,-8.46445319e-02,-4.36935620e-02,3.42984334e-02,-1.74871534e-02,1.35995902e-02,-2.60560611e-02
2.80909517e-02,5.73308335e-02,3.70675203e-02,-1.45022680e-02,-3.29501846e-02,6.64229617e-03,8.05082114e-03,-6.49441521e-02,-4.89845400e-02,-1.71459335e-02,-4.00047576e-03,2.47394938e-03,-6.57614683e-03
-4.93523891e-03,1.44773026e-02,-1.40766839e-02,-1.50233516e-02,-2.01460912e-02,-2.32519406e-02,3.17244063e-03,-3.68763715e-02,-2.96910711e-02,3.39573436e-02,4.92249811e-02,5.13576108e-03,-1.79774499e-02
-3.01728050e-04,3.43236636e-02,-3.55396857e-03,1.23609902e-02,-1.51977027e-02,-1.85433025e-02,-4.00446655e-02,-4.01682544e-02,-3.40771307e-02,7.47168495e-03,5.31603614e-02,1.45266665e-02,-3.34481266e-02
1.35183947e-02,3.71906332e-02,-1.21412685e-02,4.75680515e-02,-2.35450608e-02,-4.70326812e-02,-8.13738980e-02,-5.10022316e-02,-2.44375901e-02,2.04234955e-02,5.81291634e-02,3.25564433e-02,-2.56164874e-02
-2.16552486e-02,1.78479868e-02,-4.03479797e-02,4.99385893e-02,-6.09993329e-04,-3.65016082e-02,-9.16450303e-02,-2.17048066e-02,-1.73322202e-02,1.25945006e-04,2.31307587e-02,1.76948023e-02,-4.66329495e-02
-4.99812256e-02,-1.25992587e-02,-3.57267719e-02,7.99196668e-02,2.31329223e-02,6.03465591e-03,-7.87763174e-02,1.18362081e-02,-3.21648854e-02,-2.55697399e-02,-4.98460436e-03,2.07393867e-02,-5.07175640e-02
-4.28899665e-02,-5.87297251e-02,-6.47977177e-02,5.53876146e-02,4.52151671e-02,-2.30521399e-02,-6.47529996e-02,3.60232984e-02,-1.57573044e-02,-1.05695084e-02,2.38846436e-04,-3.18194054e-03,-4.62647627e-02
-6.62109220e-02,-4.94720338e-02,-4.61015307e-02,5.49675230e-02,4.07697208e-02,-5.37547833e-02,-8.55385979e-02,2.69721746e-02,-4.40648735e-02,-5.08145492e-02,-1.31539785e-02,8.55494640e-04,-2.49499199e-03
-8.13245295e-02,-2.17764939e-02,-1.16535635e-02,5.53714893e-02,4.71355704e-02,-4.53184819e-02,-6.65033852e-02,3.26408491e-02,-7.92787754e-03,-1.11852689e-03,-1.53342022e-02,-7.38269306e-03,-5.14956285e-03
-3.87976429e-02,-1.35638402e-02,5.42168896e-03,6.04471768e-02,3.19914970e-02,-6.09298890e-02,-6.17226306e-02,-3.54446815e-03,1.13106311e-02,-3.15905879e-03,-1.56042440e-02,2.99891274e-02,1.05913823e-02
-4.11590502e-02,-3.93455657e-02,-3.60819215e-03,2.97079479e-02,5.03932415e-02,-5.24202336e-02,-3.40841279e-02,-1.79356001e-02,-9.23985702e-03,2.62078907e-02,1.37639136e-02,2.24173940e-02,2.94063539e-02
-5.20853148e-02,-2.77597335e-02,8.48159312e-03,3.29947632e-03,3.74889850e-02,-6.05874445e-03,9.05433847e-03,1.28027974e-02,1.23757643e-02,4.86528920e-02,3.00730160e-02,5.55428690e-02,4.31606201e-02
-2.98080278e-02,-2.11102682e-02,2.21650862e-02,3.42426154e-02,2.13542157e-02,-3.25138985e-02,1.19564903e-02,1.45428344e-02,4.78379990e-02,9.64228854e-02,2.95367589e-02,3.96795555e-02,5.27294882e-02
-4.17567661e-02,-2.83654080e-02,-1.50870636e-02,2.77902446e-03,-8.82304324e-03,-7.08018339e-02,-3.65461522e-02,-3.36955314e-02,5.88466292e-02,9.53779081e-02,3.04260838e-04,1.32880072e-02,5.11557998e-02
-1.22706895e-02,-6.43265313e-03,-7.11893126e-03,-1.17227327e-02,-9.55923615e-03,-7.26518171e-03,2.21929893e-02,-7.18160438e-03,3.81453625e-02,7.13997660e-02,-2.29270923e-02,-1.36938055e-02,2.45742944e-02
1.52034969e-02,-2.49336844e-03,-1.19242181e-02,-3.32323241e-02,-9.28355087e-03,2.64263172e-02,5.40295193e-02,-9.49379626e-03,5.54504010e-02,6.05863329e-02,-3.85469081e-02,-2.63958318e-02,1.02135755e-02
4.68532192e-02,-1.50562023e-03,-5.62273351e-02,-4.86018512e-02,-1.41650691e-02,3.65009846e-03,1.58570366e-02,-3.83642257e-02,1.11510132e-02,1.87409822e-02,-2.90759775e-02,-5.21425722e-02,2.76962214e-02
6.88270035e-02,4.20171817e-02,-8.95038229e-03,-4.38378183e-02,-1.88622983e-02,1.87244116e-03,1.92301206e-02,-3.23639275e-02,4.32028212e-02,6.89882884e-03,-1.17444418e-02,-7.86014326e-02,-1.50291492e-02
7.90638113e-02,4.64205009e-02,-2.29616281e-02,-2.89005730e-02,5.75981168e-03,1.83922491e-02,4.47956164e-02,-2.37024483e-02,3.81761541e-02,8.87509731e-03,-1.94486366e-02,-4.98880950e-02,-2.96039028e-02
7.53989125e-02,2.06003711e-02,-5.08290696e-02,-5.43763406e-02,5.69565168e-03,1.48698584e-02,2.90066432e-02,-5.34093576e-02,3.80825278e-03,-5.18597136e-02,-8.78909505e-03,-4.38193923e-02,-2.18246060e-02
4.18267367e-02,2.28310013e-02,-3.66744250e-02,-4.00321719e-02,6.92399598e-03,1.00297703e-02,3.61840290e-02,-1.30123345e-02,3.30240025e-02,-7.68144198e-02,-9.13456488e-03,4.67926618e-03,-1.68302093e-02
1.32255576e-02,2.18182862e-02,-2.19211286e-02,1.24653323e-03,1.79269244e-02,2.87677993e-02,6.06380355e-02,3.57751976e-03,4.55437360e-02,-6.20604434e-02,-5.41840981e-03,-8.77503695e-03,-1.83638250e-02
-1.85539157e-02,1.72307175e-03,-3.10470076e-02,1.60166955e-02,5.10888033e-02,1.70852372e-02,6.14182981e-03,-1.90052334e-02,4.62593955e-02,-4.41958599e-02,1.03708129e-02,5.00265750e-03,2.36745849e-03
2.71434928e-03,-2.94087675e-04,-4.04996195e-02,2.06823193e-02,8.75847993e-02,3.48240684e-02,2.73756875e-02,2.73706200e-02,4.37720024e-02,-4.36610537e-02,3.14490840e-02,9.38285003e-03,1.10163882e-02
-1.34561479e-02,1.44586258e-02,3.16057422e-03,-1.41563637e-02,7.57200567e-02,4.02306443e-02,1.77836169e-02,2.50169746e-02,4.75029738e-02,-3.69041299e-02,1.21242354e-02,1.87720286e-02,1.13655066e-02
-4.81407094e-02,-4.50627469e-02,-4.46094565e-02,-4.37175770e-02,5.43566570e-02,2.25898053e-02,-1.53822346e-02,2.27878556e-02,4.79433468e-03,-4.68448769e-02,2.14666397e-02,-3.53132782e-03,4.20568668e-02
-1.03166060e-02,-3.04991153e-02,-1.99510409e-02,-8.14026594e-02,1.32514925e-02,-3.41513373e-02,-6.48816970e-02,8.60619263e-03,-1.05032886e-02,-4.19921538e-02,4.15941458e-02,-1.21108368e-02,3.04490016e-02
-6.13115138e-02,-6.35347759e-02,-2.21662603e-02,-9.32722170e-02,9.42359143e-03,-2.82685753e-02,-4.81813864e-02,1.47645465e-02,-2.19706268e-02,5.50143769e-03,2.10326449e-02,-4.70836437e-03,4.59098840e-02
-7.54261578e-02,-7.04519589e-02,-1.39738576e-02,-1.20209090e-01,-5.71566129e-02,-5.91422386e-02,-5.18418242e-02,1.96248440e-02,-4.08690115e-02,3.62420313e-02,2.61430810e-02,-9.99479908e-03,8.63413267e-02
-3.64429022e-02,-1.98348685e-02,2.75932984e-02,-1.07604897e-01,-9.26966046e-02,-7.04172330e-02,-7.06364193e-02,6.15730694e-03,-3.25368354e-02,6.15865801e-02,1.34323399e-02,4.97801790e-03,9.61531440e-02
-5.56330094e-02,-1.16176118e-02,2.89966111e-02,-7.43918973e-02,-1.34413091e-01,-4.85065897e-02,-1.22106672e-02,2.85816069e-02,-2.10920102e-02,7.82699099e-02,2.47396158e-02,-8.64577493e-03,7.57046511e-02
-1.15584608e-02,2.95529029e-02,4.53842162e-02,-2.37642033e-02,-1.10237924e-01,-2.76082897e-02,-2.44566186e-02,1.07359890e-02,-2.94497407e-02,8.37713998e-02,3.57483179e-02,2.84205621e-03,6.44110142e-02
-2.17949660e-02,2.48410421e-02,3.12479105e-02,3.59431021e-02,-4.63661901e-02,4.33620788e-02,-3.13139605e-03,3.12746477e-02,-3.08970219e-02,7.11095920e-02,6.90458697e-02,2.44866758e-02,3.61978503e-02
-1.24515827e-02,1.74247961e-02,4.71880320e-02,2.51405239e-02,-4.30325419e-02,6.67526476e-02,8.29323246e-03,6.36227053e-02,-1.66520904e-03,9.33057884e-02,8.32774092e-02,4.65791965e-02,4.43217259e-02
1.20604172e-02,-4.49383037e-04,5.67472381e-02,2.94227295e-02,-4.75596071e-02,8.53305788e-02,1.22528082e-02,7.16727698e-02,-3.76352868e-02,3.92049639e-02,5.03737301e-02,1.82079539e-02,2.79521254e-02
6.03092233e-02,-3.57721169e-02,-2.10690759e-03,1.20554856e-02,-3.16408405e-02,4.11064118e-02,3.67225030e-03,6.37826512e-02,-3.16770888e-02,1.93420328e-03,6.15105963e-02,2.39350661e-02,1.32758468e-02
4.77226222e-02,-6.85830315e-02,-3.70135395e-02,-2.72865270e-02,-4.36503905e-02,8.39252445e-03,1.89629411e-02,4.53692952e-02,-2.10095603e-02,-1.74047886e-02,4.96702892e-02,3.66268181e-02,1.64602352e-02
7.17764215e-02,-3.36753849e-02,6.16447917e-04,-1.50389845e-02,-5.42345414e-02,-1.52876232e-02,6.09632082e-03,-3.92295678e-03,-3.55098165e-02,-2.45108254e-02,2.17025724e-02,2.76706297e-02,3.49056036e-02
9.64697868e-02,-1.82312655e-02,-4.23949102e-03,-4.39578617e-02,-5.99085593e-02,-2.76075113e-02,1.24918778e-02,-3.16642445e-02,-2.45149195e-02,-1.42439534e-02,3.71568310e-03,3.48566389e-02,4.43267642e-02
8.36513285e-02,-1.52087444e-02,-2.95745229e-02,-3.57902671e-02,-6.46136978e-02,-5.82084719e-02,4.92506546e-02,-2.43923005e-02,7.09757517e-03,6.62356223e-03,1.45730612e-03,3.31048523e-02,4.69900540e-02
1.23428194e-01,2.02470819e-02,-3.21056269e-02,-2.22831636e-02,-4.96106695e-02,-8.32206020e-02,4.19461137e-02,-4.51577812e-02,-4.09552888e-03,7.67846911e-03,1.70193107e-03,2.92083982e-02,3.62605405e-02
8.49798914e-02,2.83872902e-02,-2.10077015e-02,1.39486774e-02,-7.86260655e-03,-5.27156232e-02,2.28060283e-02,-9.44918373e-02,-2.41432123e-02,3.49868869e-03,8.14742017e-03,4.14006986e-02,1.74388439e-02
4.96583494e-02,4.30854034e-04,-1.69613064e-02,1.05580554e-02,2.52812289e-03,-4.13737892e-02,4.40330694e-03,-5.17252997e-02,-7.10345821e-03,3.19155348e-02,1.22974181e-02,4.21062466e-02,5.90583920e-03
4.51380272e-02,1.68716444e-02,1.45630718e-02,1.37927446e-02,-2.48051730e-02,-2.54206634e-02,-2.84847167e-02,-2.04640559e-02,-2.78318266e-02,2.39339866e-02,-1.39843110e-02,2.98689004e-02,7.06388661e-03
1.52599401e-02,-2.57816625e-02,-1.34655550e-02,4.53826968e-03,-2.53034047e-02,-3.84811254e-02,-3.69176785e-02,-5.50527049e-03,-3.91013999e-02,-4.90528184e-03,-2.37767209e-02,1.77108958e-02,1.46152827e-02
1.23669129e-02,-1.87635148e-02,-2.71756764e-02,2.47796323e-03,-3.75048478e-02,-4.76072386e-02,3.27632955e-04,2.88366239e-02,-4.45424956e-02,-2.46552008e-02,-2.00959437e-02,1.37426003e-02,3.83132972e-03
4.86759424e-02,1.43127997e-02,4.03351871e-03,9.26988847e-03,-3.79814047e-02,-2.29431278e-02,1.91641674e-02,2.46286936e-02,-6.52054278e-02,-4.88912968e-02,-2.24487278e-02,1.22471644e-02,-1.30326923e-02
4.21966134e-02,7.71624592e-03,1.42921442e-02,-9.98127298e-03,-3.96474057e-02,-2.53601238e-02,2.14997694e-02,1.40380260e-02,-5.44111260e-02,-6.07491456e-02,-4.40759734e-02,-1.36955160e-04,-4.43021806e-02
1.17338044e-02,-3.90272045e-03,-2.52274138e-02,-1.91970802e-02,-5.39881866e-02,-3.83275882e-02,1.94492329e-02,6.90185793e-03,-4.34517026e-02,-5.08685029e-02,-3.69468974e-02,-9.78648357e-03,-4.22699557e-02
4.44461923e-03,1.93406013e-03,-6.32364751e-02,-4.45497922e-02,-5.97509323e-02,-2.88307650e-02,4.29790300e-02,7.97302625e-03,-4.93484638e-02,-2.20108217e-02,1.13034718e-03,-7.01918903e-03,-5.85206086e-02
1.45455595e-02,3.22026141e-02,-6.36914644e-02,-3.20094503e-02,-3.26859430e-02,-2.44253727e-02,2.37310803e-02,-3.13016717e-02,-3.77175694e-02,-1.10043653e-02,7.42685553e-03,-1.28863464e-02,-5.86201347e-02
-1.10877321e-03,4.45144150e-03,-5.75419494e-02,-9.30756367e-03,4.99202600e-03,-1.26694946e-02,1.63930431e-02,-1.83775045e-02,-1.87255433e-02,2.01411063e-02,3.32995389e-02,1.03334512e-02,-5.46554061e-02
-1.33683249e-02,-7.14470842e-03,-5.29828394e-02,-3.12857194e-02,8.86180964e-03,8.93234763e-03,-5.61951334e-03,-9.03307239e-03,1.88352811e-03,2.57922385e-02,2.97499611e-02,-4.69679334e-03,-4.12942344e-02
-3.26150397e-02,-2.86699730e-02,-5.12177175e-02,-4.05631022e-02,1.89034638e-02,-5.09365545e-03,-3.39723054e-02,8.90834659e-04,7.42039352e-03,-3.80093062e-03,3.87508047e-02,-2.63790078e-02,-2.41640913e-02
-3.31315252e-02,-1.98369260e-02,-2.01355067e-02,-4.28475719e-02,4.32714016e-02,-1.54425222e-02,-4.04351179e-02,4.57971898e-03,1.33756423e-02,-1.25803042e-02,4.54929051e-02,-2.48605329e-02,-6.64135364e-03
-8.52385141e-02,-7.92538740e-03,3.40116906e-02,8.19454160e-03,6.34412630e-02,-2.51630186e-02,-6.41957948e-02,2.43261254e-02,2.26583162e-03,-3.93700296e-02,4.84264313e-02,-1.88680013e-02,-8.91712771e-03
-7.44047327e-02,4.10512763e-02,9.10288568e-02,4.08435206e-02,5.47851409e-02,-1.19014937e-02,-9.69768569e-02,1.51132744e-02,1.88511123e-02,-4.65058057e-02,1.16191045e-02,-3.44658858e-02,-1.13062321e-02
-8.02303897e-02,3.27602327e-02,1.11022124e-01,8.70262522e-02,4.83622583e-02,-1.40275194e-02,-1.15436836e-01,1.77756231e-02,2.26320862e-03,-4.13864485e-02,-8.11791037e-03,-3.25587544e-02,-2.02110455e-02
-6.12791354e-02,4.60742799e-02,8.92244366e-02,7.33234983e-02,1.34140275e-02,8.19646150e-04,-1.22071507e-01,3.38522079e-02,1.22001660e-02,-4.06328568e-02,-2.28245716e-02,-4.26826009e-02,-3.10923893e-02
-5.24682979e-02,5.88696616e-02,7.83166313e-02,7.07475912e-02,-2.96383699e-02,-7.70360415e-03,-1.16477538e-01,2.84735410e-02,1.69765542e-03,-5.37256124e-02,-5.52513512e-02,-7.85849545e-02,-6.14948418e-02
-6.67756995e-02,1.17426498e-02,2.59394159e-02,7.44577876e-02,-2.99345229e-02,1.19690400e-02,-7.61476033e-02,2.74999840e-02,1.64738231e-02,-2.59626756e-02,-3.34865250e-02,-4.49020365e-02,-2.85495376e-02
-4.88790574e-02,1.04610293e-02,2.70355888e-02,8.74323936e-02,-3.46084744e-02,6.31039874e-03,-3.97475186e-02,1.51317771e-02,1.20966515e-02,-1.89373499e-02,-3.64340658e-02,-3.59238863e-02,-2.13381277e-02
-2.89459021e-03,9.28996449e-03,2.42548580e-04,8.07725401e-02,-1.17231599e-02,1.84073881e-02,8.14293237e-03,1.77191343e-02,2.01132289e-02,-1.39361143e-02,-3.24934182e-02,-2.55952567e-02,-2.07813975e-02
4.61020082e-02,8.94112408e-03,2.00787103e-03,4.61381050e-02,5.80442332e-03,1.16618291e-02,4.16396181e-02,-6.43284200e-03,1.21620785e-02,1.40923864e-02,-8.01138289e-03,1.97147891e-03,-1.47746120e-02
-3.15986655e-02,-3.14255314e-02,-2.40668697e-02,3.69852242e-02,1.45111980e-02,-2.96323940e-02,3.57998191e-02,-2.53856650e-02,6.86366783e-03,3.46161413e-02,1.34195290e-02,3.30487216e-03,-1.57091975e-02
-2.79148686e-02,-1.93909593e-02,-1.84717255e-02,1.91008340e-02,-4.04448416e-03,-5.68596162e-02,1.78127102e-02,-3.66104330e-02,1.52345714e-02,4.21052358e-02,-1.04315510e-03,-5.56711208e-03,-4.93802947e-03
-2.83492394e-02,-1.71251399e-02,4.03160611e-03,3.85097305e-02,3.70935685e-02,-4.64198103e-02,3.22509459e-02,-2.56820280e-02,2.19407140e-02,7.93478855e-02,-7.11075680e-03,-2.65013465e-03,-2.37595692e-02
1.21386831e-02,-6.24972929e-03,3.00736019e-03,2.75750377e-02,3.33436134e-02,-3.51900560e-02,1.59253666e-02,-2.27646508e-02,1.50137913e-02,7.16659599e-02,-1.88994743e-02,-1.23172820e-02,-1.15030265e-02
5.60109055e-03,-1.63811517e-02,3.65908719e-03,4.06206752e-03,1.89313714e-02,-2.83430365e-02,7.31626171e-03,4.67338725e-03,1.59096313e-02,6.88173164e-02,-3.17181573e-02,-4.26590510e-02,-1.70151487e-02
-8.64714268e-04,-5.11212245e-02,-7.16446087e-02,-3.67162914e-02,1.52150195e-02,-3.10879368e-02,-3.56757962e-02,-3.94931752e-03,-4.40973316e-03,6.46482078e-02,-8.53109080e-03,-3.48096138e-02,-1.29375201e-02
-3.18558448e-02,-5.91162547e-02,-7.24540789e-02,-2.46935468e-02,3.52655097e-02,6.76184737e-03,-1.89575089e-02,7.68224484e-04,1.28639786e-03,2.79752484e-02,1.49300722e-02,-1.06247275e-02,-2.83021076e-02
2.75606304e-02,-2.30057354e-02,-8.34117860e-02,-3.22871322e-02,3.30430049e-02,4.35425469e-02,1.81828749e-02,-6.12569249e-03,-8.77968847e-03,-5.13749720e-03,-1.84765407e-04,1.48072615e-02,-1.22992174e-02
5.97663053e-02,2.85601763e-03,-6.02790111e-02,-2.13333908e-02,7.23922078e-02,7.95895175e-02,3.56689336e-02,-2.35339175e-03,5.10528735e-03,-2.24711098e-02,9.94964471e-04,2.58469472e-02,-2.06198144e-02
4.32911708e-02,2.09128313e-02,-7.08694244e-02,-2.50023900e-02,5.41301879e-02,5.92046733e-02,1.53998467e-02,-3.71054687e-02,2.07396767e-02,-3.72569772e-02,1.21618408e-02,3.09009226e-02,-2.21024050e-02
2.64355141e-02,1.54785258e-02,-7.92725629e-02,-4.12204374e-02,1.64351201e-02,2.10519247e-02,9.03347292e-03,-4.34831870e-02,2.52237214e-02,-4.38160644e-02,8.15111506e-03,3.91389010e-02,-1.63191795e-02
8.55776835e-03,5.44239742e-02,-3.58217235e-02,-3.39560348e-02,2.09629330e-02,2.82959247e-02,1.40245147e-02,-4.87387962e-02,6.53982825e-02,-2.41921908e-02,-4.89697936e-03,7.71264549e-03,-2.81709107e-02
9.34870588e-03,6.94535327e-02,9.96178113e-03,2.41056107e-03,1.90674940e-02,2.61254234e-02,1.20294162e-02,-6.71366323e-02,6.93927781e-02,-1.26212205e-02,-5.55396059e-03,-6.18640806e-03,-2.74517777e-02
2.10757746e-02,9.27879355e-02,4.73345023e-02,-4.61605073e-03,3.48559029e-02,4.00069898e-02,1.34998129e-02,-4.39710465e-02,7.29245337e-02,-2.15115017e-02,-2.11771150e-02,-2.04041243e-02,-1.15664292e-03
2.00485618e-03,8.77312931e-02,4.65842889e-02,-3.72332403e-02,2.22485654e-02,5.77405407e-03,-3.28730663e-02,-2.46704900e-02,4.83699166e-02,-2.17845745e-02,-9.03873761e-03,-3.73169352e-02,-8.44458539e-04
-5.18587225e-02,6.84650566e-02,8.78123292e-02,-5.33865725e-02,3.67761497e-02,5.79845575e-02,-1.12882717e-02,1.66975949e-02,3.74711030e-02,-4.76273095e-02,-5.30456031e-03,-5.79351625e-03,-8.23486993e-03
-4.17241658e-02,7.09523817e-02,8.27139267e-02,-6.24747492e-02,3.34560945e-02,8.66043977e-02,3.79219708e-02,3.49558625e-02,1.40762993e-02,-6.56041277e-02,-3.86501377e-02,4.80385852e-02,2.54192936e-02
-7.18773520e-02,4.29525389e-02,9.08123315e-02,-6.34018856e-02,3.43941973e-02,7.32522211e-02,3.24601299e-02,6.22353795e-02,-6.69159313e-03,-8.67189115e-02,-6.36286797e-02,4.40296227e-02,3.40265934e-02
-6.26871222e-02,3.87679902e-02,1.04813436e-01,-4.23908688e-02,3.36274819e-02,4.98438502e-02,3.65512932e-02,5.34348050e-02,-4.29430831e-02,-1.05096976e-01,-7.94952575e-02,4.22376954e-02,3.03349091e-02
-6.97012345e-02,6.12728399e-03,5.96452904e-02,-3.42866038e-02,1.60794392e-02,3.06216618e-02,5.65076399e-02,5.87836450e-02,-6.74987935e-02,-9.12457738e-02,-7.49830538e-02,5.79883331e-02,5.35438385e-02
-8.53097096e-02,1.43489383e-03,6.01584182e-02,-1.59223180e-02,-1.42831506e-02,9.90770705e-03,4.26804485e-02,3.94014606e-02,-7.51582312e-02,-5.52502372e-02,-5.35408480e-02,5.40549715e-02,4.77285406e-02
-6.68597522e-02,-1.15165672e-02,2.54733870e-02,2.84158389e-02,-1.84896487e-02,-1.91178842e-03,5.55446470e-02,3.69220585e-02,-6.41669886e-02,-1.70116356e-02,-4.71388068e-02,3.38951514e-02,2.29987354e-02
-3.41513847e-03,-1.61000479e-02,4.39961135e-03,4.98291020e-02,-6.20033201e-03,5.94873647e-04,4.68626426e-02,1.70841464e-02,-7.81058885e-02,-1.24140317e-03,-1.29240245e-02,1.36749128e-02,1.53312105e-02
3.35716431e-02,-5.63946330e-03,-1.90707569e-02,4.77923428e-02,-3.96027824e-03,-1.84926066e-02,4.46586284e-02,3.80854088e-02,-5.86904689e-02,1.70766621e-02,-5.19000174e-03,-3.82002762e-02,-9.24899737e-03
3.12925947e-02,-1.24165388e-02,1.06615838e-03,6.38168715e-02,-1.12835797e-03,1.02951455e-03,6.07066015e-02,4.18077796e-02,-5.46429213e-02,1.63767803e-02,1.08843843e-02,-3.81445674e-02,-1.45382598e-02
2.18158042e-02,-1.88658470e-02,-1.41937433e-02,4.82081486e-02,1.79785060e-02,4.81746163e-02,9.00931469e-02,5.13527560e-02,-3.70202189e-02,1.31334640e-02,-4.58496064e-03,-2.31954680e-02,-1.53711501e-02
2.02092089e-02,-2.42485196e-02,4.14385270e-03,4.16879994e-02,-8.20429340e-03,1.81082719e-02,3.58183691e-02,3.46254584e-02,-3.64530044e-02,9.44815866e-03,-8.59928301e-03,-3.53379707e-02,-1.38346062e-02
1.06936650e-02,-3.85873918e-02,2.49256472e-02,5.87153706e-02,-2.04848901e-02,-7.70170353e-03,3.12302656e-02,3.39134756e-02,-3.59784433e-02,2.80326623e-02,-6.09031337e-03,-4.06679056e-02,-2.89589170e-02
3.01674776e-02,-3.12510916e-02,2.58549978e-02,4.78549528e-02,-2.32666028e-02,1.83052739e-03,3.80590092e-02,3.95307100e-03,-3.13057195e-02,1.32798958e-02,1.66921382e-02,-1.16171077e-02,-4.38274187e-03
1.86429765e-02,-1.08773406e-02,4.72379778e-02,3.86679838e-02,-4.64167824e-02,8.82619239e-03,1.21733229e-02,-3.31308992e-02,-2.01168695e-02,1.92066930e-02,4.85296467e-02,-7.01838454e-04,-2.51324394e-02
2.13173350e-02,-2.58864131e-02,4.24559368e-02,1.16679714e-02,-4.11012908e-02,1.75828185e-02,1.60976406e-02,-2.65721101e-02,1.09704454e-03,1.37044455e-02,5.97962652e-02,5.83134394e-03,-4.07845852e-02
6.50129839e-02,-4.65093962e-02,3.75961543e-02,5.38141311e-03,-3.93605176e-02,4.90888316e-02,1.22183132e-02,-4.27025668e-02,1.64036682e-03,-1.18855523e-02,6.09768031e-02,1.56575783e-03,-6.87758128e-02
8.86357927e-02,-3.23571729e-02,4.17954525e-02,-1.23606426e-02,-2.91935834e-02,4.23222274e-02,2.22268969e-02,-2.15325846e-02,4.01313432e-02,-8.39570475e-03,3.63047182e-02,-1.78661059e-02,-7.53781684e-02
8.22822059e-02,-4.85703877e-02,4.42606159e-02,-5.49458751e-03,-1.10116796e-02,4.90569116e-02,4.25060165e-02,-5.26930434e-03,7.65554165e-02,-1.16115341e-02,2.44916482e-02,-1.14587917e-02,-6.09436207e-02
5.62966011e-02,-5.25075045e-02,4.65897083e-02,1.51093706e-02,3.15839785e-02,8.41274978e-02,6.58732059e-02,-4.45081264e-03,5.68821881e-02,-3.48064499e-02,-1.80104653e-02,-1.25430425e-02,-7.64706989e-02
5.59818564e-02,-3.77718354e-02,3.90900836e-02,-1.72809688e-02,2.90897550e-02,7.85593416e-02,4.50220344e-02,-7.71707806e-03,3.84215391e-02,-4.66992771e-02,-5.09123322e-02,-1.72326407e-02,-5.12606260e-02
4.02399307e-02,-4.00145360e-02,2.73215223e-02,-1.57746816e-02,6.96580257e-03,2.69298594e-02,1.51455797e-02,3.14797043e-03,4.51431473e-02,-9.58506530e-03,-6.46720642e-02,-2.52764047e-02,-3.21112828e-02
5.22104092e-02,-1.02364720e-03,1.75443434e-02,-1.29142530e-02,-2.06827891e-02,5.38482825e-03,2.16128932e-02,-2.94258756e-02,2.15574664e-02,-1.21637638e-02,-4.60669939e-02,1.55543944e-02,-1.09647969e-02
4.03902107e-02,2.00383728e-02,-1.92544932e-02,-1.50687688e-02,-1.71600886e-02,1.15346688e-02,3.32126409e-02,-5.44398087e-02,5.20877836e-03,-2.58463199e-04,-4.15468555e-02,2.52432036e-02,-4.21154115e-03
1.99310529e-02,4.42051185e-02,6.49696600e-03,-2.74230122e-02,-1.36685922e-02,6.05506693e-03,1.12280200e-02,-4.35108221e-02,2.26708818e-03,1.64769448e-02,-2.01223256e-03,3.24465797e-02,1.03334743e-02
4.09274933e-02,3.98523633e-02,-1.38378597e-02,-1.50180380e-02,-1.58958590e-02,1.60962950e-02,9.92337282e-03,-3.05662029e-02,-8.41290555e-03,3.45747532e-03,2.86632922e-03,2.72888249e-02,-2.43397285e-04
3.46359463e-02,4.94734344e-02,-1.50098984e-02,-2.42735418e-02,-3.50116257e-02,-1.40415546e-02,9.55477915e-04,-1.22280238e-03,1.30067205e-02,1.13219589e-02,4.16082837e-03,3.71601670e-02,2.42001027e-02
-2.81670056e-02,3.57238919e-02,-3.08002085e-02,-4.21500552e-02,-5.08155452e-02,-1.25144140e-02,-1.95108494e-02,1.35419570e-02,3.12832304e-02,4.82792586e-02,4.59295742e-02,3.57492845e-02,3.61000175e-02
-4.04639598e-02,3.60911033e-02,-3.35597682e-02,2.83847185e-03,-7.98056679e-02,1.89280638e-02,1.55532840e-02,1.05260552e-02,1.66997468e-02,2.04535450e-02,3.26789827e-02,8.12853547e-03,1.90295340e-02
-4.11385813e-02,3.89166567e-02,-6.28065776e-02,1.07439768e-02,-7.91094550e-02,1.33530780e-02,-9.11031514e-03,2.45421899e-02,1.88056448e-03,-1.55743498e-03,6.77089575e-03,1.28616749e-03,1.25062264e-02
-3.30147494e-02,2.01161606e-02,-1.00421131e-01,-1.28668852e-02,-8.57437504e-02,7.41243055e-03,-3.98686644e-02,3.30833247e-02,1.80053892e-04,-1.25713148e-02,7.60952639e-03,-2.33783636e-02,1.70188149e-02
-1.44858812e-02,1.27182551e-02,-9.89390783e-02,3.05038414e-03,-8.92854103e-02,7.11597800e-03,-4.14301440e-02,4.02834374e-02,-1.29002574e-02,-2.84699345e-02,1.06950943e-02,-3.22309616e-02,-7.76304973e-04
-2.39962532e-02,-1.77849315e-02,-1.25990995e-01,-3.20067115e-02,-4.19994664e-02,-6.14726914e-03,-2.18839683e-02,4.47671146e-02,-1.50878439e-02,-1.26050062e-02,1.25718787e-02,-4.48848601e-02,-3.29144976e-02
-5.84909159e-03,-2.43536281e-02,-1.00557693e-01,-3.10496828e-02,2.87579392e-02,8.81960022e-03,-5.22838632e-02,3.05988289e-02,-2.75957467e-02,3.30725329e-03,2.76241435e-02,-5.05417406e-02,-4.53574197e-02
2.07211490e-02,-3.42979006e-02,-7.79055799e-02,-2.96119138e-02,9.83825620e-02,-2.70273605e-04,-5.67946915e-02,3.58519278e-02,-8.30623592e-03,4.76868104e-02,8.39768579e-03,-6.07471951e-02,-5.72571416e-02
2.85119298e-02,-3.20570518e-02,-6.86525702e-02,-2.51461907e-02,1.06753760e-01,-2.61277215e-02,-3.50904972e-02,3.92536639e-02,1.42683187e-02,8.91508708e-02,3.03161101e-02,-2.83802890e-02,-5.48807033e-02
-4.57363539e-02,-5.08358138e-02,-6.77342824e-02,-1.03801935e-02,1.46316871e-01,-1.00069601e-02,-4.45475591e-02,-4.77992150e-03,4.98602354e-03,1.21667453e-01,3.60575265e-02,-2.69569886e-02,-5.52903010e-02
-4.74521770e-02,-1.29123062e-02,-4.65793784e-02,-5.26967678e-03,9.47217041e-02,3.70494778e-03,-3.60519051e-02,-4.77912309e-02,1.58736790e-02,9.48030459e-02,4.16229870e-02,-3.55878026e-02,-6.68419887e-02
-5.78307519e-02,-2.92202534e-02,-4.49658393e-02,-3.13856615e-02,5.27905950e-02,-1.51264716e-02,-3.40508031e-02,-4.21855178e-02,3.83723601e-02,1.06874492e-01,6.06824079e-02,-2.16039311e-03,-5.74942740e-02
-6.45124331e-02,-1.31905061e-02,-1.69956035e-02,-4.17674386e-02,1.69401327e-02,-1.63957330e-02,-3.17853604e-02,-6.59464273e-02,2.83007710e-02,7.29553740e-02,5.87732307e-02,4.09139985e-03,-3.53434254e-02
-4.46769318e-02,1.17601987e-02,1.66583535e-02,-3.49118754e-02,-8.43248101e-03,1.26428758e-03,-1.81157858e-02,-3.16671697e-02,3.29172560e-02,2.11201572e-02,4.18133815e-02,-2.62062228e-03,-1.48929948e-02
-7.62220732e-02,-6.70749560e-03,3.04157859e-02,-6.01740888e-02,-3.26834278e-02,-4.02666130e-02,-2.19890606e-02,-7.86672447e-03,4.69102276e-02,3.23253228e-02,5.94204858e-02,5.69898776e-03,-2.08316295e-02
-2.17375581e-02,1.50928736e-04,5.94317608e-02,-4.81811567e-02,-2.22680917e-02,-1.66535431e-02,-4.34814989e-02,-3.04833487e-02,2.80673843e-02,2.03209437e-03,3.89250089e-02,-4.66170690e-03,6.65559949e-03
-2.64481194e-03,1.43504262e-02,6.30966497e-02,-2.87099700e-02,-2.32119128e-02,-2.10988868e-02,-6.23965243e-02,-2.20492519e-02,3.74332669e-02,1.22778045e-02,5.07191423e-03,-2.87948576e-02,5.15432120e-03
-6.40472122e-03,1.03851530e-03,1.55160358e-02,-2.33397361e-02,-4.76793960e-02,-1.20174900e-02,-1.56608848e-02,-2.14410027e-02,5.08274900e-02,4.03993838e-02,2.15788721e-02,-4.14146875e-02,2.21658014e-03
-5.68902231e-04,-1.21465865e-02,-1.43719251e-02,1.56304714e-02,-3.51851650e-02,1.66123616e-02,-2.10236652e-02,-6.42996611e-02,-7.80835022e-04,1.52241198e-02,-1.60466524e-02,-5.85271417e-02,-1.59681220e-02
1.38298356e-02,9.92731167e-03,-5.53389412e-02,1.83134543e-02,-2.11831699e-02,3.17267138e-02,-3.90497796e-02,-7.20428747e-02,8.67262877e-03,-1.35316919e-02,-1.83001538e-02,-6.76571899e-02,-2.92413616e-02
-1.45733031e-02,-2.06552277e-02,-9.89860180e-02,-3.48542892e-02,-4.28956369e-02,3.14481800e-02,-2.77559897e-02,-5.20899663e-02,1.10377738e-02,-7.37328388e-03,1.10322330e-02,-3.95998008e-02,-1.92630203e-02
-1.14870887e-02,-2.10653847e-02,-7.92966590e-02,-2.55706806e-02,-1.79740981e-02,4.93692671e-03,-3.32205497e-02,-3.81546173e-02,-4.42506830e-03,-3.64087424e-02,-3.97002061e-03,-4.88953042e-02,-1.70240133e-02
1.68300746e-03,1.73342294e-02,-5.80400795e-02,-2.98089757e-02,2.84250955e-02,2.15695103e-03,-3.06531249e-02,-2.68125554e-02,-1.79374965e-02,-6.01166109e-02,1.04804730e-02,-2.63443088e-02,-1.73398984e-02
-2.11153656e-02,-2.00607096e-02,-7.21362894e-02,-2.33982013e-02,3.82901485e-02,-1.39718728e-02,1.76880570e-03,9.94349008e-03,1.06743838e-02,-4.09768715e-02,2.94472605e-02,4.67042711e-03,-1.05003230e-02
2.47291696e-03,-5.56616302e-03,-1.42839647e-02,9.48179804e-03,6.89655966e-02,-1.51094912e-02,8.17191060e-03,1.83221776e-02,3.39116900e-02,-4.82305949e-02,7.59980516e-03,-1.00232352e-02,-1.13575278e-02
1.55664490e-02,-5.20896619e-04,3.62325894e-03,1.57441218e-02,5.14582504e-02,-1.37827485e-02,7.73910366e-03,3.06009240e-02,1.16538362e-02,-6.47498743e-02,-1.50046419e-02,-1.76457697e-02,-1.34107897e-02
-1.02320193e-02,-3.03059673e-02,-1.51792889e-02,2.01212890e-03,5.13608218e-02,-1.80645837e-02,2.28282171e-02,2.28012092e-02,4.78492739e-03,-2.55537542e-02,-1.54446853e-02,-2.02536297e-02,1.14599997e-02
2.19779407e-03,-2.43561824e-02,2.84581181e-03,6.73064832e-03,2.04364899e-02,-7.33577891e-03,1.18762414e-02,3.88710590e-03,-2.59893193e-02,-6.71982259e-03,-1.51970914e-02,-3.79184693e-02,-1.72023708e-02
-3.11798339e-02,-3.79045760e-02,-9.35589277e-03,-3.01586829e-02,-2.38532675e-02,-3.06666473e-02,-1.11166047e-03,6.47298518e-03,-4.19640012e-02,5.26101261e-02,-3.14588436e-02,-2.64513611e-02,1.91372686e-02
-4.40036484e-02,-1.64602194e-02,9.12306037e-03,-5.91661852e-02,-7.71843188e-02,-1.00723336e-02,-1.83145505e-02,-2.77616773e-02,-5.60884793e-02,9.61510448e-02,-4.06502397e-02,7.70394880e-04,8.24780005e-02
-2.12442904e-02,3.59961578e-04,3.74001586e-02,-6.63358411e-02,-1.15482035e-01,-1.11198432e-02,-4.18243969e-02,-1.24389127e-02,-7.18109773e-02,1.16398749e-01,-2.88665130e-02,5.01469979e-03,1.09679099e-01
4.72419296e-03,2.56071697e-02,6.70000337e-02,-5.56526448e-02,-1.12790705e-01,-1.20952239e-02,-5.58948931e-02,-1.93227341e-02,-9.54238889e-02,1.14643542e-01,3.50351794e-03,2.53787741e-02,1.29741837e-01
-5.31572849e-03,1.32607253e-02,5.61594875e-02,-5.12998283e-02,-1.13486092e-01,3.33844373e-02,-2.48607754e-03,-7.92791321e-03,-1.00439515e-01,8.52964999e-02,1.86256055e-02,4.49729718e-02,1.30810873e-01
-1.91699643e-02,-7.04612252e-03,7.96589021e-02,-7.50402423e-03,-6.57960828e-02,4.70921098e-02,3.54032470e-02,3.59734124e-02,-5.55094135e-02,5.81786701e-02,4.23563541e-02,2.87516095e-02,8.89030246e-02
3.23677711e-02,-2.09519348e-02,7.47313859e-02,-1.54449100e-02,-7.37314157e-02,5.17486402e-02,5.45063282e-02,6.24107778e-02,-4.69112003e-02,9.30701270e-03,3.39252102e-02,2.83483813e-02,5.27634300e-02
3.81520358e-02,-3.64260902e-02,4.72726711e-02,-2.29403997e-02,-6.29167861e-02,5.80648339e-03,2.35231822e-02,2.57340260e-02,-7.47167736e-02,-2.54691902e-02,4.48156776e-02,3.45552508e-02,1.77821811e-02
4.90057248e-02,-3.18314431e-02,3.18431102e-02,1.36231796e-03,7.51280709e-03,1.08000308e-02,3.04920455e-02,3.39716151e-02,-4.54991574e-02,-8.82990135e-02,5.74233701e-02,1.34818136e-02,-2.68671987e-02
2.95549975e-02,-3.66096984e-02,2.13341128e-03,-1.58464450e-02,-5.11881080e-05,-4.98803404e-02,3.13322180e-02,3.48308529e-02,-4.00433980e-02,-8.65893561e-02,5.47649539e-02,1.60190108e-02,-3.96158432e-02
3.13267988e-02,-1.05740838e-02,-5.65253073e-03,-1.58050684e-02,5.03807622e-03,-7.66215655e-02,-2.99197790e-03,-1.88997015e-02,-2.24369535e-02,-6.99958348e-02,2.20846286e-02,2.16700268e-02,-5.91240473e-03
2.06450922e-02,-4.42084106e-04,-6.98581068e-03,-1.11573845e-02,-3.39704592e-03,-8.23048779e-02,-2.38092354e-02,-4.00872941e-02,-2.33234818e-02,-5.19820870e-02,2.78889621e-02,4.25947224e-02,8.25349937e-03
3.26844846e-02,4.56995624e-03,-2.06835249e-02,-9.17745507e-03,-1.63207493e-02,-1.03775842e-01,-3.14981747e-02,-5.34497358e-02,-8.47450183e-03,-3.67203628e-02,4.54471877e-02,5.48388127e-02,3.92434234e-02
3.20151258e-02,1.35194728e-02,-3.27181676e-02,-3.52661758e-03,-7.96010137e-03,-8.23864536e-02,-1.65059408e-02,-5.89081507e-02,-8.23517033e-04,-1.27637156e-02,5.24928912e-02,7.83905637e-02,4.30397634e-02
-2.94707902e-03,-2.44532866e-02,-3.01772257e-02,-7.67229902e-03,1.79300912e-02,-6.63364057e-02,-9.67578692e-03,-4.56789956e-02,2.79970983e-03,1.04234297e-02,5.95536928e-02,7.38460687e-02,4.87235565e-02
1.31328001e-02,-5.09609696e-02,-4.24020008e-02,-8.15883992e-03,1.80159716e-02,-4.50699890e-02,4.09318686e-03,-7.01167167e-03,1.61448824e-02,3.07867322e-02,4.09483170e-02,6.56003346e-02,5.44710960e-02
3.14157941e-02,-1.82982194e-02,-3.47884752e-02,-3.13355906e-02,-1.97902936e-02,-3.97698831e-02,-8.96980200e-03,-2.82574946e-02,-1.43142409e-02,4.55051637e-02,4.18627353e-02,4.66342558e-02,4.63964667e-03
3.44554581e-02,-2.86214195e-02,-5.11045662e-02,-1.72140275e-02,3.84625586e-03,-1.73058739e-02,-8.31942944e-03,-1.69678307e-02,-1.43766079e-02,3.60420696e-02,1.16652209e-02,1.86958653e-02,-1.86570923e-03
5.56603122e-02,1.20185618e-02,-3.01966717e-02,-1.18901812e-02,-8.63499875e-03,1.76974141e-02,2.18706870e-02,6.77143813e-05,-1.59263388e-02,2.81431629e-02,2.88559586e-02,1.51642452e-02,-1.22404296e-02
6.24790641e-02,6.04772887e-02,-2.74813404e-02,-6.51765703e-03,-4.27491510e-03,3.45601226e-02,1.45928116e-02,-9.90973042e-03,-1.50841613e-02,2.07798024e-02,1.46608040e-02,1.68094592e-03,-2.96172165e-02
3.87061024e-02,6.34873646e-02,-1.03240053e-02,1.50793083e-02,-1.56933918e-03,3.37648188e-02,1.72499076e-02,-4.63044766e-03,-1.95309404e-02,6.26370011e-03,-9.46796878e-03,2.13737566e-03,-2.83594905e-02
1.73889234e-02,4.81495063e-02,1.82552614e-02,1.60257552e-02,-2.19872559e-02,9.27034950e-03,3.49344631e-02,2.22735955e-03,-2.62720069e-02,-2.70653604e-02,-3.54009388e-02,-5.80126246e-03,-2.40617243e-02
4.25138951e-02,3.58929934e-02,2.44514338e-02,2.00529068e-02,-1.02902382e-02,-2.32821862e-02,3.22528213e-02,2.78293249e-02,5.59410972e-04,-3.73145057e-02,-4.23820013e-02,1.94698612e-02,-1.62763490e-02
-1.45876349e-02,2.73337790e-02,-8.44738357e-06,2.17992559e-02,1.23539467e-02,-2.72556020e-02,1.71464496e-02,2.86492677e-02,2.44798571e-02,-2.21483440e-03,-4.15604254e-02,3.72321500e-02,-3.23087909e-04
-6.56498945e-02,-7.90913394e-04,-4.54098408e-03,5.10546501e-02,4.28538234e-02,-4.03959769e-02,-2.87337463e-02,2.69202252e-02,2.56549224e-02,-2.09671291e-02,-4.59300957e-02,3.80339073e-02,1.54719225e-02
-7.15322562e-02,1.40580747e-02,3.38034769e-02,8.65317759e-02,4.86273579e-02,-1.06822747e-02,-1.85498626e-02,4.13530896e-02,5.05723614e-02,-2.82678142e-02,-4.24367996e-02,2.56478223e-03,-6.71985977e-03
-5.69372377e-02,-8.04045508e-04,9.84643930e-03,8.33003690e-02,5.53106049e-02,6.81765544e-03,-2.70318063e-02,3.44167120e-02,4.24049011e-02,-3.03956806e-02,-3.41569635e-02,-4.03176954e-02,-7.24890689e-03
-4.61880112e-02,2.51630722e-02,1.28359570e-02,6.48724538e-02,4.67226810e-02,3.18969367e-02,-4.05614385e-02,1.88760068e-02,3.24120744e-02,-1.77759239e-02,7.80223203e-04,-5.29566857e-02,-1.20764793e-02
-1.98417553e-02,5.87117423e-02,6.10770379e-03,5.52966212e-02,5.09179141e-02,4.57769415e-02,-3.60870211e-02,3.41601163e-02,4.64018154e-02,-1.17312214e-02,1.64204886e-02,-7.83648300e-02,-4.68949989e-02
-1.70097597e-02,5.08686496e-02,-9.59583792e-03,4.91817616e-02,4.70302362e-02,5.26475768e-02,-1.01258132e-02,2.64005680e-02,5.28441606e-02,-3.39719689e-03,2.38609376e-02,-6.98736843e-02,-4.19421692e-02
1.20232287e-04,2.31824017e-02,-1.09711775e-02,1.35693082e-02,2.51109292e-03,2.43974357e-02,-1.34371269e-02,-1.74022161e-03,2.72154705e-02,-3.98353479e-02,-5.65490930e-03,-6.68529375e-02,-4.83456651e-02
3.02376231e-02,-1.01916651e-02,-1.75922747e-02,-3.35214476e-02,-1.15472017e-02,-1.25044438e-02,-2.23676761e-02,7.05177802e-03,3.79480298e-02,-5.95713572e-02,1.37756836e-02,-2.79453082e-02,-4.15355436e-02
-5.23002122e-03,-1.21742440e-02,-5.35048414e-02,-5.10571707e-02,-2.46133791e-04,-1.46615219e-02,-3.26729411e-03,4.14658340e-02,6.51865592e-02,-2.40749600e-02,2.28631399e-02,1.76039274e-02,-1.05912273e-02
-4.47995160e-02,-2.08655715e-02,-3.02935044e-02,-5.84324887e-02,-5.66935852e-03,-3.25014372e-02,-2.72688548e-02,8.87005357e-03,2.04515920e-02,-3.02741576e-02,4.39492616e-03,4.80026797e-02,4.43292130e-03
-5.07240293e-02,-2.69268223e-02,-4.95586753e-03,-2.90962932e-02,-2.85462075e-02,-1.79192243e-02,4.82459893e-03,2.80979408e-02,2.77381875e-02,-2.92489178e-02,-1.89654211e-02,3.96598843e-02,4.77631745e-03
-7.66431708e-02,-6.31486751e-02,-1.40480206e-02,-4.58974389e-02,-4.57675624e-02,-3.27209636e-02,8.53238150e-03,6.57087296e-03,1.15587897e-02,-2.00209825e-02,-1.56689836e-02,3.05722044e-02,5.18187026e-03
-6.60739840e-02,-2.63632597e-02,2.58271701e-02,-4.86881506e-02,-4.00194364e-02,9.14107146e-03,2.47349562e-02,-3.72135831e-02,-3.08117647e-02,7.12727184e-03,1.08971074e-02,2.62592386e-02,-5.02247433e-03
-3.67706642e-02,1.01855718e-02,5.75506747e-02,-3.02854138e-02,-4.53500050e-02,9.42055493e-03,3.11751492e-02,-3.17113145e-02,-1.61949658e-02,2.90995450e-02,2.43562110e-02,-7.29953065e-03,-2.65584990e-02
-3.17967573e-02,3.89027417e-02,6.81834915e-02,-1.21561512e-02,-5.96543790e-02,8.45946414e-03,5.83004929e-02,-2.80756784e-02,-7.06867205e-03,4.54449757e-02,1.48762933e-02,-2.99040178e-02,-4.19928111e-02
4.93337811e-05,4.45581357e-02,6.36640993e-02,6.78737366e-03,-5.75828636e-02,6.00723198e-03,3.10459799e-02,-7.46158160e-02,-2.53109848e-02,3.02445704e-02,-1.91087457e-02,-4.17331716e-02,-4.14403835e-02
7.34302355e-03,4.52926794e-02,4.76404971e-02,1.19086904e-02,-3.82093366e-02,3.41691619e-02,3.87734975e-02,-6.82609250e-02,-1.39206021e-02,4.11805075e-02,5.50118877e-03,-3.56523702e-02,-5.22572118e-02
1.13396860e-02,4.94713733e-02,2.06703267e-02,1.39814282e-02,-4.58848931e-02,2.15661612e-02,2.02638878e-02,-3.41321055e-02,6.32495073e-04,2.55298215e-02,1.72473264e-02,-5.19956595e-02,-4.32243658e-02
2.90548544e-02,6.30642547e-02,1.88000628e-02,9.20053571e-03,-2.61858057e-02,3.53277628e-02,1.09479561e-02,-3.80576200e-02,-2.15252162e-02,3.26098212e-03,-1.20579591e-02,-6.22593178e-02,-1.81662726e-02
5.57514341e-02,8.31335254e-02,2.50882726e-03,1.10669716e-02,-1.26760485e-02,7.70723259e-02,2.66352116e-02,-2.69185609e-02,-1.97307390e-02,-6.51661867e-03,-2.06308386e-02,-5.39568285e-02,1.08978534e-02
2.14286306e-02,4.22505100e-02,-5.65545579e-02,-2.75770747e-02,-1.22231284e-02,3.38502267e-02,1.35867671e-02,1.70468970e-03,-1.60675980e-02,-2.37085243e-02,-4.86705523e-02,-4.97847459e-02,1.26936908e-02
1.69851921e-02,5.33104294e-02,-6.01106231e-02,-4.00153389e-02,-1.17685794e-02,3.10370325e-02,-4.12907073e-03,-3.51130134e-02,-5.11401493e-02,-3.73129645e-02,-5.64244406e-02,-5.08267988e-02,-1.05339473e-02
1.36883787e-02,4.97417056e-02,-6.60687738e-02,-4.82368101e-02,-1.61766049e-02,3.01174047e-02,-4.52171702e-03,-3.24802128e-02,-3.20462343e-02,-3.80126370e-02,-3.04929719e-02,-2.82396094e-02,-4.65999885e-04
7.60795703e-03,6.54833114e-02,-5.52200524e-02,-5.05413101e-02,-9.42692334e-03,-6.97526747e-04,6.42673596e-03,8.28888286e-04,-2.19008052e-02,-3.54348914e-02,-1.61256087e-02,-6.14653218e-03,-1.66068092e-02
2.45867718e-02,4.73710169e-02,-3.36029096e-02,-1.35359968e-02,3.11433644e-02,-1.02347381e-02,-7.16148256e-03,6.14582239e-03,7.13291929e-03,-2.64070159e-02,-2.32189221e-02,-7.24878713e-03,1.15424323e-02
1.01975637e-02,2.60152101e-02,-9.62244271e-03,-4.26467227e-03,6.38424740e-02,-7.42879251e-03,7.25472989e-03,2.04063540e-02,1.46887873e-03,9.85731918e-04,4.53838022e-03,2.29615888e-02,1.26566858e-02
1.82187292e-02,-4.64327440e-03,-1.05195873e-02,-9.39953191e-03,5.83365431e-02,-3.32705751e-02,-1.18717275e-02,3.74539074e-02,6.67065729e-03,1.16587265e-02,3.84882059e-03,4.78797463e-03,2.49617948e-02
1.29342879e-02,-1.85445599e-02,3.79676461e-02,2.08568863e-02,8.40865356e-02,-6.77097359e-03,1.09173019e-02,5.95110866e-02,2.54330570e-02,1.98508265e-02,-1.98584879e-02,1.55883587e-02,3.92712303e-02
1.17134779e-02,-4.55346473e-02,7.35049891e-02,4.24606530e-02,9.86337614e-02,4.20916781e-02,2.56956026e-02,6.49196560e-02,4.33779495e-02,3.35118221e-02,-2.21514440e-02,4.64762007e-02,7.26414302e-02
1.78706068e-02,-3.99679612e-02,7.76389418e-02,6.23648168e-02,1.26395551e-01,4.48580747e-02,7.99364488e-03,8.87636329e-02,5.59539207e-02,2.89631907e-02,-7.33579210e-02,6.90310408e-02,6.68456689e-02
-1.26134374e-02,-7.44553394e-02,4.89095621e-02,4.53852226e-02,9.71557768e-02,6.05373759e-02,1.35628102e-02,7.94311628e-02,5.21312127e-02,1.14039049e-02,-9.17133645e-02,6.82092143e-02,5.52550212e-02
-1.32106085e-02,-5.89005623e-02,5.16071174e-02,2.92052745e-02,4.95130346e-02,4.72377101e-02,3.15711186e-02,8.15474150e-02,3.94990485e-02,6.30700256e-03,-7.60416591e-02,6.55127523e-02,4.81865584e-02
-5.56528119e-04,-1.04955788e-03,7.33023257e-02,9.15140246e-03,3.01055106e-02,4.81354430e-02,5.09596571e-02,7.36698524e-02,-1.84593629e-02,-2.42124452e-02,-4.83684672e-02,5.73193096e-02,2.38655409e-02
1.92386879e-02,6.93835684e-03,4.11391415e-02,3.58035635e-02,5.71284784e-02,5.72324077e-02,6.96347548e-02,4.70089662e-02,-4.81468582e-02,-5.15998144e-02,-6.28711098e-02,3.40365579e-02,3.53202512e-02
2.94200293e-02,2.42599442e-02,3.07270009e-02,2.43140140e-02,4.05534153e-02,4.14596122e-02,8.02228063e-02,3.14728213e-02,-6.01577572e-02,-4.77173390e-02,-8.13799171e-03,2.54970235e-02,1.95856346e-03
3.54344553e-02,2.25160493e-02,-7.79820028e-03,2.18141612e-02,3.51553635e-02,-1.79517672e-02,3.84691345e-02,1.15700532e-02,-4.89459126e-02,-2.73073215e-02,3.09718458e-02,-5.72283887e-03,-4.94338090e-03
1.54489780e-02,2.53883948e-02,1.55112583e-02,3.33513172e-02,4.39694674e-02,-1.47685951e-02,3.42470266e-02,-1.85691035e-02,-9.51234318e-02,-6.60534229e-02,2.14210858e-02,-1.56874166e-02,-1.06111939e-02
6.89795828e-03,-2.07761355e-02,1.31815747e-02,5.55712793e-02,3.36816742e-02,-3.18824746e-02,2.44260332e-02,-6.88892640e-03,-9.13205520e-02,-5.15867943e-02,2.22646270e-02,-7.74829890e-03,-8.12953043e-03
3.40241885e-02,-5.61460221e-03,4.81288204e-02,8.96781669e-02,1.44935873e-02,-8.03360690e-02,-4.12314802e-02,-2.87713945e-03,-6.03071343e-02,-2.93929891e-02,1.13098147e-02,-1.77228182e-02,-2.75376114e-02
-1.57797742e-02,-6.94115467e-02,1.07818632e-02,6.40117515e-02,2.55542690e-03,-3.95664849e-02,-1.01551773e-02,4.16516923e-02,-1.04808094e-02,-1.43324846e-02,4.19695894e-03,9.60070596e-03,-4.88514181e-03
1.08477395e-02,-5.93679068e-02,2.73441999e-02,4.52566861e-02,-2.95842850e-02,-4.71681385e-02,1.19733391e-03,7.11285870e-02,1.29060086e-02,-2.03132661e-02,1.00112500e-02,8.20737402e-03,-1.44308947e-02
7.84511476e-03,-2.46498789e-02,7.57639811e-02,3.02272600e-02,-5.13432660e-02,-4.37588109e-02,-7.44502660e-04,8.47167683e-02,3.47058277e-02,2.42739014e-03,1.46987204e-02,-1.11507191e-02,-5.87407104e-02
9.40465632e-03,-1.90489929e-02,6.69850293e-02,1.42314313e-02,-2.38977544e-02,-1.07991639e-03,3.60410366e-02,5.57974620e-02,2.96489439e-02,-3.15031669e-02,-1.35262374e-02,-5.45565895e-03,-3.85569436e-02
8.24919350e-03,9.55253097e-03,7.38455420e-02,-1.19986647e-02,-1.25458949e-02,6.08673549e-02,7.51603642e-02,4.07266391e-02,5.12901223e-02,-4.25424434e-02,-1.43775250e-02,-1.74044559e-02,-5.64935687e-02
-4.05669513e-03,9.47643909e-03,6.50855411e-02,-1.00776797e-02,2.55368952e-02,5.63104858e-02,5.66657741e-02,2.91617044e-02,1.08368744e-01,-2.80364464e-02,-1.62246995e-02,-2.51046192e-02,-7.48487750e-02
-2.05267895e-02,3.55587665e-02,6.12276764e-02,-2.79950211e-02,5.07883563e-02,7.81073256e-02,3.56408435e-02,-3.33042589e-02,5.81282906e-02,-5.86517646e-02,-2.02164819e-02,-1.82742998e-02,-7.84391000e-02
-1.69699552e-02,1.47234524e-02,4.89137172e-02,-2.26036577e-02,6.26465072e-02,6.38128052e-02,2.27215069e-02,-6.25897309e-02,3.99607598e-02,-4.62652046e-02,-4.10966917e-02,-1.82726578e-02,-5.77196818e-02
-1.47178983e-03,1.30377159e-02,5.52753896e-02,2.26496667e-03,2.29487531e-02,4.16504954e-02,1.33917853e-02,-6.73694924e-02,2.61931192e-02,-2.68033748e-02,-2.17253486e-02,-2.71090886e-02,-5.67194896e-02
1.12553200e-03,-1.31317894e-03,1.61063530e-02,-8.13726969e-03,1.44933625e-02,1.97594162e-02,-1.19301432e-02,-6.29561871e-02,2.59824821e-02,-4.34659582e-03,-2.28884196e-02,1.12041609e-03,-2.32206272e-02
5.31128092e-02,9.06553378e-03,-5.02681510e-03,-8.41150901e-03,-1.17359597e-02,-3.83507733e-04,-2.90075355e-02,-6.03878690e-02,-1.18514897e-02,-1.87109983e-02,-1.12574519e-02,2.76378394e-02,2.27448392e-02
3.63109093e-02,-1.54078884e-02,-7.54257896e-03,2.16787003e-02,-2.84283096e-02,-3.11287950e-02,-3.51385747e-02,-2.22400592e-02,4.12507702e-03,2.83167669e-02,-1.39062232e-02,1.77596893e-02,1.86832459e-02
5.68426530e-02,-1.06426859e-02,-6.20145438e-03,2.40658709e-02,-4.99480965e-02,-5.39615198e-02,-2.25028248e-02,-7.29257073e-03,1.82041909e-02,3.13467543e-02,-1.40134123e-02,3.84435220e-02,3.85445478e-02
4.86556042e-02,-3.96265885e-03,-1.47414556e-02,1.11694772e-02,-4.97969403e-02,-3.97291979e-02,-2.52158803e-02,-1.25502142e-02,9.02350558e-03,9.89141241e-03,-9.21166732e-03,5.58637640e-02,6.61062330e-02
2.72679510e-02,-2.61221886e-02,-2.25516447e-02,2.32602712e-02,-3.10564496e-02,-4.24199841e-02,-2.27507045e-02,8.76829426e-03,2.77063000e-02,1.45533909e-02,-1.33285319e-02,4.89828082e-02,4.44436362e-02
-1.17752185e-02,-1.15465102e-02,-1.51255709e-02,3.56906825e-02,-1.90620087e-02,-3.36962160e-02,-1.83745015e-02,1.62333561e-02,2.43570246e-02,4.21684670e-03,-2.62893346e-03,5.14032453e-02,4.48505869e-02
-2.29340916e-02,-2.06020920e-02,-2.22564989e-02,6.20598918e-02,-1.39737492e-02,-2.55600107e-02,-3.57509207e-02,-3.13389453e-02,3.29885847e-02,1.73406337e-02,7.67527416e-03,2.98361495e-02,5.97072942e-02
-2.94844367e-02,-2.09355870e-02,-1.16796308e-02,8.59103343e-02,4.24349672e-03,1.38545283e-02,-1.47287336e-02,-2.38943495e-02,3.82675591e-02,4.71496025e-02,1.83506278e-02,1.86159089e-02,4.49894657e-02
-3.93108115e-02,-2.10221708e-02,-2.34091658e-02,8.58827929e-02,2.72019293e-02,4.85206183e-03,-4.53833089e-02,-3.99937754e-02,2.65592173e-02,4.46118436e-02,-5.74415067e-03,1.76374121e-02,3.21404194e-02
-3.62762405e-02,1.72716698e-02,-1.19914002e-02,1.07731029e-01,6.03609734e-02,4.41345421e-02,-4.87299903e-02,-4.41762308e-02,2.05071282e-02,3.93510192e-02,2.03701128e-02,2.64232305e-02,3.51208125e-02
-7.43715229e-02,-2.45576461e-02,-3.05501258e-02,1.16691133e-01,7.32558715e-02,6.64073864e-02,-4.06430633e-02,-2.95651836e-02,8.47835789e-03,5.28238338e-02,2.94891042e-02,2.03274909e-02,3.19799740e-02
-6.94792488e-02,6.58366019e-03,-3.92160663e-02,9.68920259e-02,3.97383188e-02,6.04794967e-02,-1.36034764e-03,-1.56170009e-02,-1.57467136e-03,4.66714697e-02,2.06480220e-02,2.86913816e-02,2.03205816e-02
-3.89553327e-02,3.77985990e-02,-3.92619718e-02,8.40626007e-02,4.52664217e-02,4.47460729e-02,4.59274945e-03,-2.81826959e-02,-2.55456022e-02,3.07024996e-02,5.95315860e-03,1.86410248e-02,3.27429440e-02
8.39267762e-04,5.24053020e-02,-3.49078274e-02,6.60896008e-02,5.45407295e-02,7.65735311e-03,-1.44190166e-02,-1.70108202e-02,-1.25748717e-02,3.50482949e-02,-1.22374644e-03,1.01484757e-02,3.09249351e-05
-2.92686997e-02,4.10553693e-02,-3.53686888e-02,6.47629814e-03,1.81456353e-02,-1.27261868e-02,6.25174924e-03,8.88882476e-03,-2.21901235e-02,-1.05211195e-02,2.61784390e-02,4.40199767e-02,-1.56811195e-02
-4.66706623e-02,2.16794068e-02,-6.06599107e-02,2.27148396e-02,3.74492571e-02,-2.21767112e-02,-4.95037574e-03,1.83548718e-03,5.21723921e-03,-7.55905104e-03,2.61833300e-02,2.69899237e-02,-1.00752877e-03
-2.15078422e-02,2.14144257e-02,-4.87373509e-02,7.84121180e-03,3.76072667e-02,-2.90240865e-02,1.47653208e-02,4.32711765e-02,3.15746824e-02,2.18057829e-02,2.45628728e-02,1.25651223e-02,8.43923248e-03
1.08861484e-02,1.64007573e-02,-4.28997563e-02,9.90810033e-04,3.76430832e-02,-3.34200757e-02,1.33458104e-02,4.56826971e-02,2.66145908e-02,2.13859159e-02,-2.19476964e-02,1.10492906e-03,-1.07102176e-03
1.84576172e-02,3.47832022e-02,2.88959545e-03,1.34758063e-02,4.91207497e-02,-3.22286385e-02,3.37471336e-03,3.63025620e-02,5.54610959e-02,1.32507873e-02,-1.35131218e-02,-9.32138866e-03,6.17274257e-03
4.56276108e-02,-1.26979858e-02,-6.44492102e-03,-1.41621772e-02,6.19782452e-02,-5.75911474e-03,-2.61828605e-02,1.55149080e-02,6.28516061e-02,4.81904556e-02,-9.11510293e-04,-1.12772944e-02,9.61747903e-04
5.88406787e-02,1.95567588e-02,1.15263522e-02,-1.67490135e-02,4.30406543e-02,2.35079184e-02,-7.09944778e-03,3.91748951e-03,5.28549872e-02,4.31908876e-02,-1.00202976e-02,-1.74417831e-02,4.01737296e-03
5.90717258e-02,2.76142148e-02,3.06714047e-02,-2.02207421e-02,2.21525351e-02,4.93323221e-02,5.29975227e-03,-5.74018755e-03,2.90866568e-02,5.00557521e-02,-3.74788432e-02,-5.91472821e-02,3.40434486e-02
7.86929756e-02,5.53515244e-02,3.22996906e-02,-2.68111896e-02,6.03741552e-02,6.54789487e-02,-1.10034282e-02,-2.09163161e-02,2.11223079e-02,3.97638639e-02,-7.03817152e-02,-8.91895126e-02,3.61003960e-02
3.99997595e-02,3.57841577e-02,4.88301764e-02,-5.60912810e-02,3.67022882e-02,5.92989026e-02,-1.36677547e-02,-1.59726593e-02,4.38501233e-03,2.29073823e-02,-3.07492963e-03,-3.18591626e-02,2.24098279e-02
1.42945118e-02,3.27165102e-02,6.94048263e-02,-4.74354793e-02,3.81812971e-02,4.45720445e-02,-2.21434415e-02,-2.19255723e-02,-1.07113745e-02,1.00439602e-02,1.06917365e-02,-1.14294063e-02,2.55258531e-02
-4.70215131e-02,-9.71387347e-03,-4.44896170e-03,-1.14213280e-01,-2.12798135e-02,1.47380496e-02,-1.66001046e-02,-3.22420168e-02,-8.78837866e-03,6.17248361e-03,2.26676597e-02,-7.26132387e-03,4.78640964e-02
-2.53239936e-02,-1.55424644e-03,-1.23319715e-02,-5.95725241e-02,-2.50436301e-02,-2.82500893e-03,-9.17543978e-03,-2.15467631e-02,5.45484466e-03,1.24422070e-03,1.50266815e-02,5.37368415e-03,2.02181808e-02
-5.73252754e-02,-3.37724411e-02,-2.48191430e-02,-5.52594075e-02,-6.37638557e-02,-4.91722944e-02,-3.15541015e-03,-4.12897310e-02,1.12741346e-03,-3.23320824e-03,1.16153326e-02,1.81316589e-02,2.88733117e-02
-6.90588389e-02,-6.16158828e-02,-7.55370015e-02,-6.39449861e-02,-5.63728872e-02,-2.36594012e-02,1.78939229e-02,-1.87005216e-02,1.41225379e-02,2.09380935e-02,8.43736929e-03,3.71493446e-02,2.23543231e-02
-2.47603511e-02,-5.09409969e-02,-8.29133561e-02,-5.43964829e-03,-3.96771681e-02,-3.28058175e-02,9.73250334e-04,-1.72122846e-02,5.18000693e-02,3.51654869e-02,2.19690182e-02,1.76874960e-02,-2.28375210e-02
-2.07697190e-02,-7.03166211e-02,-8.87669680e-02,1.52531629e-02,-4.14605497e-02,-2.39013255e-02,1.21546260e-03,-2.23690232e-02,5.83423108e-02,5.05456011e-02,4.10713033e-03,-1.99650121e-02,-2.04143766e-02
-2.81528204e-02,-6.27264364e-02,-8.40839677e-02,7.34809384e-03,-1.86704052e-02,5.86000477e-03,4.00072175e-02,-3.08566751e-02,6.39406563e-03,6.06552673e-02,-2.76310574e-02,-5.50126265e-02,2.63432102e-03
-3.18173054e-02,-5.42720444e-02,-3.07805441e-02,3.38856538e-02,1.69886317e-04,-7.23464981e-04,1.55690948e-02,-8.41903972e-03,9.15440734e-03,8.33092197e-02,-4.74533448e-03,-6.03781234e-02,1.80660050e-02
7.25803523e-03,-2.45995008e-02,5.52093799e-02,4.26796721e-02,-2.10806306e-02,9.25383121e-03,7.21961949e-03,-1.53357031e-03,-5.50889483e-02,7.37402825e-02,1.73682474e-02,-2.80155404e-02,4.10110291e-02
-1.86987561e-02,-2.29028640e-02,5.53066245e-02,-2.47897109e-02,-7.74899453e-02,-1.11417463e-02,-1.73493688e-02,-1.15293278e-02,-6.06817440e-02,6.70762137e-02,4.40881290e-02,-2.67061939e-02,4.32947888e-02
-4.98915913e-04,-3.17282067e-02,4.30521843e-02,8.90728650e-03,-7.52864560e-02,-2.08163549e-02,-5.06764959e-02,-3.43238720e-02,-8.13224593e-02,2.88358058e-02,3.01248096e-02,-3.90731832e-02,4.30716316e-02
-1.44273209e-02,-3.99464251e-02,3.63196573e-02,-2.47552443e-02,-1.04706681e-01,-2.22469039e-02,-3.89858584e-02,-4.81025124e-02,-1.04850573e-01,2.24377162e-02,4.93819211e-02,-1.32100679e-03,3.66855096e-02
-3.17471615e-02,-3.22688646e-02,3.28152985e-02,-3.93542115e-02,-1.16819546e-01,-2.05743407e-02,-2.21430081e-02,1.28304028e-02,-6.45652506e-02,-1.63810109e-03,4.55046944e-02,3.67230495e-02,5.21310204e-02
1.36581526e-02,-3.63905635e-02,1.11586418e-02,-2.59988391e-02,-1.05466666e-01,4.93132016e-03,-2.93730690e-02,5.34968348e-02,-8.48535050e-03,2.20129412e-03,7.46936925e-02,3.60777688e-02,9.51501888e-03
1.08028768e-02,-3.90757859e-02,-2.60186248e-02,-3.96177868e-02,-9.25873032e-02,-1.70963084e-02,6.64938196e-03,3.69760773e-02,2.26938531e-02,1.27788523e-02,8.88573153e-02,5.14793917e-02,-1.98353872e-02
5.88954967e-02,-1.10775575e-02,-2.07717636e-03,-2.74703690e-02,-4.77562092e-02,-2.10536818e-02,3.15875283e-02,4.42325945e-03,3.66893698e-04,-2.11101026e-03,6.45409053e-02,3.42322007e-02,-1.79158129e-02
6.97404260e-02,4.32263575e-03,5.63615234e-03,-1.99509216e-02,5.22286786e-03,-2.17410139e-02,3.69629789e-02,-2.22494231e-02,6.89330341e-03,-8.33443120e-03,6.63825771e-02,3.74204340e-02,-9.49315316e-03
8.31202714e-02,4.19918975e-03,2.15334889e-02,-2.20635998e-02,1.11086762e-02,-2.32742904e-02,2.83506318e-02,-4.58626138e-02,-2.83818696e-02,4.27435266e-03,6.49695364e-02,6.25865703e-02,2.71723780e-02
7.59191426e-02,2.85140534e-02,4.69068250e-02,-2.44875851e-02,4.23445814e-03,-5.86385420e-02,1.19528939e-02,-4.52230603e-02,-2.70284631e-02,1.12992384e-02,6.77271017e-02,6.20186512e-02,1.55755244e-02
6.35754301e-02,-2.47818650e-02,-2.76832926e-02,-3.26053088e-02,2.85939242e-02,-5.86047473e-02,-1.71443904e-02,-7.08617141e-02,-5.28928375e-02,2.22109995e-04,2.76928067e-02,3.05832974e-02,4.20902755e-02
1.60999246e-02,-3.52097274e-02,-4.50227530e-02,-3.52115766e-02,1.12951269e-02,-3.30301561e-02,-3.95574588e-02,-8.79243272e-02,-7.09638125e-02,-3.73813155e-03,2.20938330e-02,4.43620969e-02,3.92808668e-02
1.15527552e-02,-3.82870421e-02,-2.54876745e-02,-1.23497306e-02,-1.10289618e-02,-5.22379255e-02,-8.25666896e-02,-7.41717419e-02,-3.43550356e-02,-2.78079265e-03,-5.94165416e-03,3.49074942e-02,3.18124002e-02
8.45217445e-03,-4.37403909e-02,-4.08648759e-02,8.96989370e-03,-3.77669212e-03,-1.04101003e-02,-5.94769579e-02,-2.29187173e-02,-2.05540928e-02,1.41474482e-03,-4.50661557e-03,3.02417800e-02,3.72315923e-02
8.83626044e-03,-2.32255373e-02,-2.93417029e-02,1.27044478e-02,-3.26625444e-02,-1.07401051e-02,-2.61450592e-02,1.20649578e-02,1.75863782e-02,2.30248269e-02,-1.71698648e-02,3.50206499e-02,1.23170929e-02
5.27513018e-02,5.35816847e-03,1.31927890e-02,3.10892598e-02,-1.06914857e-02,1.40580050e-03,-3.60538889e-02,1.40813264e-02,2.48685471e-02,6.85813960e-03,-4.23838120e-02,9.19978521e-03,4.58718479e-03
5.54604328e-02,3.82679610e-02,2.40815964e-02,5.91383204e-02,3.94198839e-02,2.48420694e-02,3.04953915e-03,1.42321908e-02,2.78439960e-03,-1.75786649e-02,-2.35157578e-02,1.10070158e-02,2.62097194e-03
2.25526355e-02,4.34235847e-02,6.84714476e-02,8.39261979e-02,4.27005159e-02,1.01421684e-02,-1.19752799e-02,4.36189842e-02,3.78655087e-02,2.56781865e-06,-1.57235498e-02,2.33858605e-02,1.07664053e-02
-1.24964012e-02,7.00963680e-02,9.42073444e-02,6.95878626e-02,2.60348766e-02,-2.03358685e-02,7.94458102e-03,6.19180517e-02,2.88575946e-02,-1.29806448e-02,-8.51202586e-03,3.37712320e-02,2.72149932e-02
-1.27398984e-02,6.09470530e-02,4.74908269e-02,1.78356422e-02,2.89298613e-02,-2.62694044e-02,2.34204175e-02,6.31584533e-02,-5.01849166e-03,-3.22809625e-02,-3.24820461e-03,7.35370837e-03,1.85543107e-02
-1.83342567e-02,7.38405150e-02,6.11722874e-02,1.18183368e-02,1.24718434e-02,-5.64312860e-02,8.66470011e-03,7.02040568e-02,-1.31281237e-04,-4.00033852e-02,-1.09798541e-02,-1.14578886e-02,1.87891449e-02
-1.63228015e-02,4.39461454e-02,4.50219662e-02,7.56899766e-03,2.32740625e-02,-4.79981780e-02,-2.17029970e-02,3.76414569e-02,1.12664626e-02,-2.35914961e-02,-2.12384622e-02,-2.07611068e-03,2.69980361e-02
-2.94657866e-02,1.77530025e-02,-7.45423450e-03,-1.84184874e-03,2.84892067e-02,-1.99738409e-02,1.27987043e-03,3.03051748e-02,-2.45014619e-02,-4.33691514e-02,1.06363325e-02,8.77988592e-03,9.27976257e-03
2.19959636e-02,2.89679067e-02,1.60125292e-02,2.86306840e-02,1.92099175e-02,-3.83010612e-03,2.94686118e-03,3.57918829e-02,9.70567543e-03,-4.46227241e-02,-7.51670546e-03,-2.46641910e-02,-1.58244631e-02
1.45702771e-02,8.13640253e-03,-7.66265924e-04,-6.93613821e-03,4.32183133e-02,-7.29431694e-03,5.81801961e-03,2.90147036e-02,1.46869634e-02,-3.30482704e-02,-4.64530763e-03,-1.03211205e-02,-4.76521383e-02
2.01671281e-02,4.30605866e-02,-1.46821474e-02,9.15454696e-03,4.13205680e-02,9.29751828e-03,1.18149603e-02,2.58707788e-03,-9.63757325e-03,-5.89182120e-02,-1.07307019e-03,-3.49563836e-02,-7.84566823e-02
2.08652685e-03,2.77637371e-02,-2.37931681e-03,3.44694965e-02,1.72145931e-02,3.54656426e-03,-1.67715684e-02,3.31266004e-02,3.68841168e-02,-3.75101634e-02,8.11728824e-03,-5.21004147e-02,-7.93192054e-02
-4.33297995e-02,1.13319875e-02,-2.96376998e-02,4.42323538e-02,3.06767321e-02,2.15099975e-02,-2.53383309e-02,3.68343034e-02,5.43260274e-02,-3.05225539e-02,4.05790248e-02,-2.05459781e-02,-4.19151275e-02
-6.32422033e-02,2.32434384e-02,-6.21622688e-02,2.05236001e-02,8.73463868e-03,2.28115449e-02,-3.94558895e-02,1.14328829e-02,1.16603634e-02,-4.24300587e-02,4.07012794e-02,-5.46399817e-02,-5.45999229e-02
-6.60162658e-02,3.58037448e-02,-3.62614140e-02,5.01956992e-02,1.29355297e-02,-8.53848053e-04,-4.39630397e-02,1.15247238e-02,-4.06807262e-04,-3.56115836e-02,2.07516768e-02,-6.35821558e-02,-5.63843042e-02
-7.75705504e-02,6.05585252e-03,-3.44600654e-02,3.53039359e-02,4.55127794e-02,3.90515448e-02,-5.76034380e-02,-1.97443816e-02,-3.54370678e-03,-4.11621807e-03,1.26342837e-02,-1.37948600e-02,-8.98941092e-03
-5.41868367e-02,-7.50253930e-03,-3.30202141e-02,4.56602103e-02,3.34173858e-02,6.45797652e-02,-3.87922128e-02,-5.15348051e-02,-4.25727159e-02,1.09287489e-02,2.00465027e-02,2.40637811e-03,-1.67911931e-02
8.83318753e-03,-9.16388335e-03,7.47900510e-03,7.58609849e-02,1.57066411e-02,6.58903774e-02,-2.87993545e-02,-6.48952911e-02,-1.01212158e-02,6.49329084e-03,-2.79619712e-02,1.93174016e-03,-8.11591813e-03
5.44342918e-03,-2.04463958e-02,-2.25121941e-02,-2.59172785e-04,2.54010415e-02,2.73141183e-02,-6.68256519e-03,-6.70550564e-02,-3.19119452e-02,1.23560954e-02,-4.88583865e-02,-2.39024679e-03,-1.54460611e-02
1.43492070e-02,1.98964868e-02,1.53831228e-02,-2.75423395e-02,8.79987051e-03,-3.24047467e-03,-2.07716035e-02,-5.99081069e-02,-1.80672224e-02,-2.58821478e-03,-6.56905832e-02,-8.09165018e-04,-5.44876505e-02
2.80157205e-02,1.82840837e-02,1.74612118e-02,-5.39121573e-02,-3.40644068e-02,-9.77611346e-03,8.20215993e-03,-1.55893755e-02,-1.77146038e-03,-1.49607732e-02,-6.25638901e-02,-4.48835478e-03,-4.44403242e-02
-1.30984766e-02,-1.53477786e-02,-2.03340058e-02,-6.03249805e-02,-6.80249941e-03,1.13191274e-02,1.15908081e-02,-1.70422945e-02,2.63032942e-02,-2.08048404e-02,-3.75923690e-02,3.76116155e-02,-3.21912130e-02
-3.57845892e-02,-1.71852643e-02,-2.59292009e-02,-6.49784706e-02,-1.77887953e-03,-8.49590591e-03,-9.71469194e-03,-6.41772526e-03,4.43306711e-02,-2.17922397e-02,-3.10821965e-02,2.51793600e-02,-1.20816568e-02
-2.57529386e-02,5.33019118e-03,-3.00790970e-02,-3.16906404e-02,5.72052901e-03,-2.90082737e-02,6.84393179e-03,-6.08413699e-03,3.61667114e-02,-1.08735039e-02,-3.11903267e-02,5.20310050e-03,-5.69017950e-03
-9.51328814e-03,3.32985487e-03,-2.78277484e-02,-4.89226297e-02,2.25197998e-02,1.36870506e-02,-6.73686229e-03,-1.52335739e-02,3.53919082e-02,-3.71710809e-03,-3.28012212e-02,1.23825006e-02,1.45466775e-02
5.49899080e-04,3.00593887e-02,-5.34063445e-03,-3.37612167e-02,2.35195116e-02,1.26040582e-02,1.18969696e-03,-8.49759977e-03,5.00613009e-02,2.88137900e-02,-8.35453735e-03,6.58900443e-03,2.40892683e-02
4.55627707e-02,4.62852745e-02,8.83157058e-03,-9.00816404e-03,8.39453869e-03,4.61895976e-02,2.92048007e-02,-2.29302282e-02,7.23117919e-02,4.18149262e-02,-1.17230800e-02,2.62887708e-02,1.88028003e-02
5.45837250e-02,2.79019865e-02,-2.12200530e-02,-2.58131208e-03,1.31608885e-02,4.06977864e-02,4.41404401e-02,-1.63007977e-02,5.93117654e-02,4.71747463e-02,-4.32859029e-02,-7.09701137e-03,9.30280876e-03
3.87437340e-02,2.54725443e-02,-2.11857277e-02,-1.50012075e-02,3.52663587e-02,2.21582441e-02,-6.28663492e-03,-1.86823699e-02,7.24383472e-02,5.30359053e-02,-1.76586036e-02,-2.59108405e-02,-5.18456199e-03
2.41684390e-02,1.31966223e-02,-3.73789769e-02,-2.29493155e-02,4.25209369e-02,4.04965333e-02,1.08112792e-02,6.87921171e-03,7.07642571e-02,4.89479328e-02,1.75965617e-02,-2.94170092e-02,1.54542504e-02
-3.64574302e-02,-9.73136733e-03,-2.85526435e-02,-2.72190501e-02,3.52808314e-02,5.17627623e-02,1.06615235e-02,-4.71123672e-03,3.20378885e-02,4.16811198e-02,5.21290460e-02,-1.41720938e-02,3.86561530e-03
-7.17741477e-02,-5.50380760e-02,-5.72145978e-02,-2.51926452e-02,3.87897440e-02,3.93505200e-02,3.34423056e-03,-6.42446802e-03,3.21038203e-02,4.61671626e-02,4.91678295e-02,-5.12775230e-03,4.04675349e-03
-9.95643889e-02,-7.44804501e-02,-8.41542569e-02,-1.72566642e-02,2.50272306e-03,2.59238479e-02,4.09622273e-02,3.15699083e-03,1.72201371e-02,6.56618358e-02,4.37163500e-02,-1.56751162e-02,1.86752677e-02
-6.33538017e-02,-7.13757540e-02,-5.94559344e-02,-7.51420065e-03,-9.22937363e-03,3.63716130e-02,6.49729633e-02,1.42231708e-02,-3.12825309e-03,7.44648036e-02,1.78219909e-02,-1.27880468e-02,2.61524123e-02
-6.09626793e-02,-6.12957263e-02,-1.81179072e-03,3.24742031e-02,-7.56622683e-03,2.60180643e-02,6.24604516e-02,1.73268401e-02,2.83412472e-03,6.61414194e-02,9.89114343e-03,-8.03137952e-03,2.43588414e-02
-2.29637589e-02,-1.91248126e-02,-3.95224148e-03,-1.14363261e-03,-2.00337439e-02,7.37125063e-02,1.06112919e-01,2.22669569e-04,-1.54593151e-02,5.68405591e-02,2.47610029e-03,-2.07051765e-03,4.15748252e-03
1.50738187e-02,-2.75598170e-02,3.37448916e-03,5.31427993e-03,-2.85980158e-02,5.00566000e-02,9.00642694e-02,1.69287817e-02,-3.00531200e-02,2.18718623e-02,-7.05840051e-02,9.18971589e-03,-2.44755789e-02
7.03474662e-03,-2.76456903e-02,6.72757163e-03,1.77091479e-02,-2.27460194e-03,1.84363234e-02,3.64670957e-02,2.86385155e-02,-3.45503977e-02,-2.17156575e-02,-5.13347005e-02,5.51296792e-03,-2.66775358e-02
-1.89670053e-02,-2.11556054e-02,2.67643619e-02,1.37604720e-02,3.88583903e-02,3.31066818e-02,6.06362665e-03,1.94978358e-02,-2.67773745e-02,-5.53604365e-02,-5.40789131e-02,1.27009571e-02,-1.80345506e-02
-4.41695353e-02,-2.11297335e-02,6.39729041e-02,1.22588394e-02,1.96725799e-02,2.49791631e-02,1.22479927e-02,4.75905868e-02,-3.63002808e-02,-6.96792363e-02,-6.30624530e-04,1.40634133e-02,-2.92386094e-02
-3.04577516e-02,-3.42361858e-02,2.32520751e-02,1.50302042e-03,1.54430044e-02,-2.08407457e-02,3.54235400e-03,6.48991716e-02,-5.27558261e-02,-9.63452537e-02,-3.36961056e-02,-8.09790238e-03,-3.22687586e-02
-3.52945097e-02,-4.12999840e-02,1.07339912e-03,-3.07286129e-02,-6.20910382e-03,-4.02433092e-02,-6.24798966e-03,6.89906963e-02,-4.11004432e-02,-9.47287205e-02,-3.70855330e-02,-7.08275529e-03,-2.11949379e-02
-2.36359803e-02,-2.41866913e-02,-5.16245695e-03,6.52785236e-03,-1.22891128e-05,-7.25531796e-02,-1.73254661e-02,6.92906229e-02,-6.23005601e-02,-8.36172040e-02,-3.72016281e-02,-5.46336311e-03,-4.40101989e-03
-1.66332472e-03,-6.07290162e-03,4.25234734e-02,6.42609186e-02,-1.66235900e-02,-7.41137218e-02,-1.74394085e-02,7.64815003e-02,-4.60112597e-02,-6.14324249e-02,-2.94091894e-02,-3.36377833e-03,-1.98557057e-02
2.40294540e-02,5.28532575e-02,3.63289246e-02,6.37366086e-02,1.81139914e-02,-3.59692219e-02,1.33173667e-02,5.23138194e-02,-4.49969666e-02,-6.52545795e-02,-4.65318846e-02,-3.56345028e-02,-4.35403406e-03
5.16162496e-02,4.95432211e-02,4.05790215e-02,4.80106459e-02,1.23277662e-02,-3.59603506e-02,4.43784044e-04,4.80414584e-02,-3.94371278e-02,-4.16454364e-02,-3.68150268e-02,-3.33033148e-02,7.57201296e-03
8.43180710e-02,3.20160304e-02,5.06328105e-02,7.17956223e-02,8.00408523e-03,-4.09247613e-02,-1.51312202e-02,3.60959233e-02,-4.05038060e-02,-4.77590171e-02,-3.55382277e-02,-3.94329251e-02,1.56723645e-02
8.36372703e-02,6.20940672e-02,8.14170337e-02,5.74547661e-02,1.57295022e-02,2.10972112e-02,-1.59375438e-02,1.08347339e-02,-3.06817035e-03,-4.41110551e-02,-3.88429218e-02,-2.76009877e-02,2.72487010e-02
4.89506019e-02,1.54652467e-02,6.27825720e-02,5.26889486e-02,-5.49127764e-03,2.90436670e-02,1.20533239e-02,2.43786289e-03,-2.47481674e-04,-2.56034698e-02,5.67453312e-03,-2.09193716e-02,1.39188370e-02
-1.07847134e-03,-5.25903882e-02,3.78807407e-02,3.44126229e-02,-2.07161713e-02,3.58123531e-02,5.14493642e-02,3.67636244e-02,3.60693004e-02,-1.19938523e-02,6.64792385e-03,9.72110145e-03,3.69798454e-02
1.15949754e-02,-5.78564773e-02,3.50678540e-02,2.25392534e-02,-3.70169969e-03,4.01808110e-02,4.61877687e-02,1.07276389e-02,5.20405506e-02,4.59135817e-03,-4.12439798e-03,5.23208977e-03,4.56521729e-03
1.62556655e-02,-5.98005380e-02,1.84622717e-02,2.20744078e-02,1.37392782e-02,1.51285273e-02,2.23098000e-02,-2.39495043e-02,1.81484197e-02,-5.55552057e-03,3.83806127e-03,1.06928142e-02,1.67064075e-02
1.46253836e-02,-4.64712828e-02,1.17894439e-02,-2.61445624e-02,-1.26131607e-02,-4.94949164e-03,4.17116000e-03,9.22022014e-03,2.64219267e-02,-2.48106577e-02,1.44543667e-02,1.11406569e-02,-6.06692432e-02
4.54375428e-03,-6.59012266e-03,-2.55339939e-03,-2.95866666e-02,3.21392420e-02,3.82324594e-03,2.22233622e-02,7.23826426e-03,2.11629936e-03,-4.38160063e-02,-1.82879075e-03,-7.80175884e-03,-5.17649406e-02
-6.55949975e-03,-4.49607488e-03,9.41158012e-03,-5.04915244e-02,3.81697699e-02,-3.37285536e-02,1.07665264e-02,3.16371953e-02,5.16545600e-03,-1.69138507e-02,3.99574587e-02,-1.05916667e-02,-5.64038004e-02
1.56094139e-02,-1.05797364e-02,1.15971373e-02,-3.24329935e-02,2.60758332e-02,-3.28049027e-02,1.51918955e-02,-1.58257828e-03,-2.25326132e-02,1.60866101e-03,5.05436977e-02,2.01234216e-03,-8.44921396e-02
5.56524036e-02,3.22566453e-02,5.35928782e-02,-4.69812866e-02,1.83624196e-02,-1.92532931e-02,8.54850158e-03,-5.09589080e-03,-1.97627756e-03,7.74552263e-03,2.35644395e-02,-2.32484157e-02,-6.01537649e-02
4.13551980e-02,4.40381258e-02,5.67446013e-02,-2.99256966e-02,-4.09969028e-03,-1.87005027e-03,9.85590610e-03,-5.49643460e-02,-3.99743435e-02,1.05255735e-02,1.98823951e-02,-2.13055507e-02,-3.21178368e-02
1.30645808e-02,1.03008467e-02,4.89980465e-02,-1.76785233e-02,5.37146061e-03,2.26125969e-02,3.62240781e-02,-3.41085997e-02,-7.75016310e-03,3.15816117e-02,2.98429432e-02,2.69826487e-02,1.75257107e-03
3.13263060e-02,9.49360708e-03,3.64417555e-02,-2.50514640e-03,-8.17220268e-03,3.36224969e-02,3.88002721e-02,-2.29484988e-02,2.04037067e-02,5.11359027e-02,2.34125173e-02,8.44551065e-03,-1.33658671e-02
7.80421212e-02,1.47263177e-02,4.91232469e-02,2.82035874e-02,-1.48546173e-02,2.37299396e-02,4.11710386e-02,-6.50798225e-02,1.90237927e-02,5.02347303e-02,-1.12791564e-02,2.25333672e-02,3.09463648e-02
7.13472552e-02,3.27339991e-02,3.46495706e-02,-6.26125155e-03,-3.17063356e-02,1.97436723e-02,2.56323643e-02,-2.66998566e-02,9.50565556e-03,-8.94947708e-03,-2.10283613e-03,3.23886270e-02,-8.96387492e-03
4.90277438e-02,2.47231269e-02,2.97779860e-02,3.93958678e-02,-3.17606572e-02,8.25156337e-03,4.53546641e-02,-3.38193717e-02,2.56659468e-02,-1.69065144e-02,-1.94047080e-02,3.94398704e-02,2.18585711e-02
2.89343933e-02,5.39343208e-02,-1.30679272e-03,2.55614477e-02,-4.20226102e-02,-1.50434179e-02,2.14460568e-02,-4.02782688e-03,1.85771189e-02,-2.09481467e-02,-9.81576625e-03,3.92656840e-02,3.36014033e-02
-3.31432620e-02,2.93111878e-02,-3.89992881e-02,3.36129316e-02,-5.37147431e-02,-1.88950512e-03,3.15420147e-02,-6.62195605e-03,2.12866945e-05,-1.90551807e-02,1.05874188e-02,3.56687522e-02,1.95726606e-02
-3.12943988e-02,4.05908024e-02,-2.01822004e-02,4.21037779e-02,-6.51818872e-02,-1.98932085e-02,6.99122419e-04,3.26115447e-03,9.38394887e-03,-2.57188667e-02,-2.23052380e-02,-2.68151910e-02,6.75586478e-03
-2.62129610e-02,7.07332518e-02,-3.80060708e-02,1.91440574e-02,-9.11399803e-02,-1.29836246e-02,-1.33188812e-02,7.32392148e-03,-1.79766066e-03,-3.90720576e-02,-5.51851779e-02,-5.57847049e-02,2.46981260e-02
-4.64745712e-02,2.73230219e-02,-8.36687229e-02,3.47421525e-03,-6.01602345e-02,4.62987006e-03,-2.24697591e-02,2.27735521e-02,-2.37896690e-03,-3.22004147e-02,-5.81027629e-02,-7.61997373e-02,2.12041764e-02
-6.04688710e-02,-5.81432393e-03,-9.42163571e-02,-4.46136019e-02,-6.70077480e-02,8.19291890e-03,-4.57938793e-02,7.58966968e-02,2.34616537e-02,-7.77597220e-03,-3.53280685e-02,-8.87139219e-02,3.65589627e-03
-1.00837381e-02,-3.47435620e-02,-9.37916198e-02,-4.26543746e-02,-2.04216232e-02,1.33444998e-02,-6.39361921e-02,4.65400731e-02,3.44206619e-02,1.78790940e-02,-6.41192970e-02,-7.62448275e-02,-2.02399723e-02
-2.56359243e-02,-5.89153348e-02,-1.01541594e-01,-8.49555391e-02,1.88203421e-02,8.18156093e-03,-7.92869247e-02,6.48321455e-02,2.10560846e-02,1.58621342e-02,-4.36419222e-02,-3.32939070e-02,-3.99137864e-02
-2.13122519e-02,-6.76428946e-02,-4.77467337e-02,-3.18476816e-02,5.85016847e-02,-1.90939272e-02,-6.22582298e-02,5.06409827e-02,2.76780889e-02,1.08743723e-02,-4.61008579e-02,-5.58153739e-03,-4.65339418e-02
-3.36741520e-02,-5.67095942e-02,-7.13969828e-02,-2.70750972e-02,2.44811265e-02,-4.20924989e-02,-5.16788367e-02,1.66578014e-02,2.40856776e-03,7.54481559e-03,-1.50592540e-03,2.57112609e-02,-4.78511368e-02
-4.56099083e-02,-8.03328574e-02,-4.93167496e-02,-2.80809719e-02,5.65027352e-02,-1.09263475e-02,-2.26490124e-02,9.21693645e-03,-1.37004112e-02,-6.56452508e-04,2.35762328e-03,2.57926449e-02,-2.95440113e-02
-4.17720448e-02,-4.17198042e-02,2.06393342e-02,1.63601722e-03,5.39615084e-02,-2.07318307e-02,-7.68103622e-03,-1.73006383e-02,-1.93467922e-02,-1.70567621e-02,-6.52037612e-04,1.95629545e-02,-2.34637473e-02
4.48821566e-03,2.18636325e-03,3.61655827e-02,1.30682812e-02,5.32600856e-02,-2.16520363e-02,2.76800011e-02,-4.50155323e-03,-1.03920570e-02,-3.87572412e-02,-3.33517284e-02,-3.60313827e-02,-1.70304599e-02
-3.14834705e-03,1.70602143e-02,1.23799407e-02,-2.26558218e-03,3.32207091e-02,-9.59261445e-03,6.14224391e-02,-1.00511230e-02,2.89634392e-03,-2.75590900e-02,-3.27116236e-02,-2.54378523e-02,2.36353271e-02
-3.98541867e-02,1.01375054e-02,1.73939575e-02,-6.59610957e-03,1.16300765e-02,5.48045302e-03,3.17987331e-02,2.26814027e-03,3.03681979e-02,-2.99918847e-02,-3.51395401e-03,-3.98525016e-02,2.47018556e-02
-4.44307156e-03,4.69410185e-02,2.67471798e-02,-9.44382381e-03,1.72191710e-02,2.91063608e-02,2.22394691e-02,1.95414969e-03,5.10183989e-02,1.37474065e-02,1.35352920e-02,-5.05971594e-02,-5.12091351e-03
-3.76583251e-02,2.82607792e-02,-5.28013596e-03,-1.86939586e-02,3.35785210e-02,4.12590402e-02,-1.20065447e-02,-1.45014693e-02,7.93159676e-02,6.31793583e-02,2.90926418e-02,-4.17105579e-02,3.11029848e-02
-1.41247678e-02,5.73419504e-02,2.10664456e-02,1.06552451e-03,5.68923255e-02,4.24407694e-02,-3.30164693e-02,-2.73604831e-02,7.56057400e-02,7.48882772e-02,2.78065866e-02,-2.42994221e-02,2.88867678e-02
-2.69345679e-02,4.47168148e-02,-3.31222506e-03,-1.03908722e-02,-1.88580910e-02,3.86387589e-02,-1.54374380e-02,-7.70028028e-02,5.38597970e-02,8.10268929e-02,6.51286756e-02,-3.34978808e-02,1.79765787e-02
1.97682114e-02,5.25517087e-02,8.68457387e-03,-1.88801074e-02,-7.34200431e-03,8.45741093e-02,-1.70596472e-02,-6.47931265e-02,5.45168235e-02,6.53957609e-02,4.69812435e-02,-2.80562377e-02,2.59040821e-02
1.56114349e-02,5.44598114e-02,2.73684961e-02,-1.93469306e-02,-2.77158794e-02,2.90323372e-02,-4.24794329e-02,-6.37957765e-02,2.32725594e-02,4.80831386e-02,1.43143164e-02,-9.06036409e-03,4.92314126e-02
3.91097793e-02,2.65691092e-02,1.02243207e-02,1.77085740e-03,-1.85425129e-02,2.97176054e-02,2.28548006e-03,-2.99838945e-02,2.85361917e-02,2.41842284e-02,-1.64023947e-02,-4.29271176e-02,2.91563502e-02
5.46784298e-02,2.34235066e-02,-1.21800383e-02,-1.12608918e-02,-3.70508743e-02,1.34736606e-03,2.37789280e-02,3.34473451e-03,1.87722784e-02,1.71219396e-03,-3.01925105e-02,2.23579894e-04,5.21383435e-02
3.52193403e-02,1.46595860e-02,4.61800388e-04,-3.71927436e-03,-3.13120542e-02,-2.63755240e-02,7.10155734e-03,3.79503719e-02,1.22852874e-02,-2.25043277e-02,-6.81104251e-04,-9.01275537e-03,1.66862134e-02
1.20837283e-02,-1.24246696e-04,-2.15642695e-02,-3.55609463e-02,-2.20624165e-02,-3.17638992e-02,3.26174925e-02,6.89788890e-02,4.38043636e-03,-6.13576709e-03,3.34237535e-02,1.40548808e-02,-1.08781782e-02
-1.24079313e-02,-2.90132039e-02,-4.11134622e-02,-2.30518761e-02,1.36075964e-02,-5.07240313e-03,2.66425903e-02,7.20208352e-02,1.62526997e-02,1.50698173e-02,2.84792194e-02,-2.77041504e-03,4.62217184e-03
-1.88353805e-02,-3.01307793e-02,-8.25939092e-04,2.26305156e-02,3.23966198e-02,-2.01654483e-02,3.00036297e-02,7.23706581e-02,3.48820534e-02,1.90867204e-02,-1.66210639e-02,-3.71364781e-02,-1.28484770e-02
-2.93921399e-02,2.87327725e-03,1.85641040e-02,-3.46242955e-02,-6.71782266e-03,-5.12805463e-03,5.66437252e-02,3.80771172e-02,-1.63660079e-02,3.49418271e-02,2.07132335e-02,-5.15159992e-02,-1.33418686e-02
-2.92093200e-02,1.54322415e-02,4.20343153e-02,-3.37069782e-02,2.94337062e-02,6.33560289e-02,6.27572582e-02,1.95078842e-02,-2.81771092e-02,7.67771768e-03,-1.80130333e-02,-5.21337174e-02,-7.99114338e-03
-5.20964318e-02,2.16737885e-02,7.37742531e-02,-3.67634395e-02,-1.78847815e-02,1.03658071e-02,-9.89757520e-03,8.99385897e-03,-4.45383316e-02,5.52816832e-02,-1.64444430e-02,-3.40572316e-02,3.18711092e-02
-2.43123275e-02,1.84048105e-02,6.11666594e-02,-5.22002054e-02,-5.81610489e-02,-9.82263847e-03,-4.47874737e-02,-2.82679246e-02,-7.36766264e-02,3.18758608e-02,-2.64146709e-02,-8.48066721e-03,4.11072503e-02
7.81494038e-03,8.91012292e-03,7.60903134e-02,-3.83263064e-02,-9.93479543e-02,-4.63729246e-02,-1.06336454e-01,-4.31789480e-02,-8.60946026e-02,1.11007913e-02,-3.62492347e-02,3.28541511e-02,5.85756239e-02
5.57857743e-02,4.55011833e-02,1.20123274e-01,-2.54242701e-02,-1.12286334e-01,-6.78274030e-02,-1.40383304e-01,-4.41332647e-02,-1.05310911e-01,5.99930450e-03,-1.21464105e-03,4.50073193e-02,5.87167456e-02
3.05359826e-02,1.91881725e-02,8.54789357e-02,-5.96463843e-02,-1.23436719e-01,-8.22623834e-02,-1.37050845e-01,-4.09107188e-02,-1.26904227e-01,-4.80751592e-04,4.02012660e-02,9.76367699e-02,5.46208727e-02
6.50156092e-02,9.01853054e-04,7.25903880e-02,-6.53874817e-02,-1.02264771e-01,-6.10803372e-02,-1.28705210e-01,-6.86697359e-02,-1.26295210e-01,-1.34845857e-02,6.09781743e-02,1.21396750e-01,7.08506284e-02
7.64564477e-02,-2.11073450e-02,1.08696805e-01,1.84924039e-02,-7.40132528e-02,-5.72502059e-02,-1.12567294e-01,-4.69233390e-02,-7.25038864e-02,-2.78242870e-02,2.44640630e-02,7.79848748e-02,7.33805549e-02
6.91664855e-02,-6.27860238e-03,8.42245573e-02,6.55225135e-03,-6.00912199e-02,-4.02232980e-02,-9.67406747e-02,-7.15052374e-02,-5.89554164e-02,-2.69427994e-02,6.18085137e-02,6.78557489e-02,6.29286631e-02
6.12133047e-02,-1.97340194e-02,6.46468348e-02,1.69627161e-02,-1.38458276e-02,1.83400372e-02,-2.38402314e-02,-2.89955068e-02,-3.11855628e-02,-4.82293788e-02,3.55029129e-02,3.12796881e-02,3.95015989e-02
4.27224997e-02,-2.78324972e-02,6.29190114e-02,2.43440424e-02,1.36017556e-02,2.96764597e-02,-9.86958695e-04,2.06760830e-02,1.11114490e-02,-2.78635412e-03,4.32678534e-02,-9.26662830e-04,3.81520394e-02
4.99029365e-02,-1.87631514e-02,1.73725869e-02,-3.39449596e-03,3.90210089e-02,2.27425343e-02,6.75538996e-03,1.94885949e-02,-1.00979416e-02,-1.96376120e-02,1.49797260e-02,-2.38595590e-02,1.91949801e-02
2.60535980e-02,-5.70205532e-02,-1.43846750e-02,-2.78135015e-02,2.73800733e-02,-1.80349420e-02,1.27706810e-02,3.20291416e-02,1.61936488e-02,-6.52786751e-03,7.59895309e-03,-1.62748470e-02,1.59568556e-02
7.56277836e-02,-4.60015927e-02,-1.66682303e-02,-2.23929410e-02,4.63871269e-02,-2.48389251e-02,9.15446683e-03,3.39727371e-02,3.07028555e-02,1.91996913e-02,5.43392164e-03,-2.93486151e-02,2.57601836e-02
3.23528635e-02,-1.94081675e-02,-2.09610329e-02,-3.45903305e-02,2.40929419e-02,-4.76189772e-02,2.97293866e-02,3.65079820e-02,2.49081150e-02,1.28224042e-02,2.46334053e-04,-3.03630123e-02,-2.50032560e-03
1.84495167e-02,-4.14848410e-02,-3.93205156e-02,-5.68632701e-02,-2.80071576e-03,-7.59787445e-02,5.46182462e-02,2.66204579e-02,1.22552744e-02,9.79457143e-03,-7.95991369e-03,-8.95495584e-03,3.78276728e-03
1.87122846e-02,-2.35170915e-02,-2.26820195e-02,-2.59296540e-02,-2.76692439e-02,-8.33828098e-02,5.57152507e-02,3.47279768e-02,4.83135202e-03,-1.28764511e-02,-1.76130219e-02,-5.75175689e-03,1.58338912e-02
-1.55007023e-02,-1.81607674e-02,-3.93308153e-02,-2.98214555e-03,-3.96828397e-02,-6.16402651e-02,1.37174821e-02,-1.66424847e-02,2.40825465e-03,-2.47529945e-02,-1.03780581e-02,-2.76581965e-03,-6.31603707e-03
-8.42676737e-03,-9.42434188e-03,-4.02626584e-02,1.25793074e-02,-6.75132073e-02,-4.62611388e-02,2.83712238e-02,8.32438639e-03,-8.22584105e-03,-2.17574049e-02,1.81098553e-02,5.75892346e-03,-2.64764704e-02
-2.44735995e-02,-1.25116047e-02,-3.69885527e-02,3.61652410e-02,-6.56315667e-02,-4.37440934e-02,-5.84214745e-03,-1.65813550e-02,-1.59214719e-02,-2.87862698e-02,1.45264272e-02,1.01135117e-02,-3.54343129e-02
-4.37386626e-03,1.90355544e-02,-1.87979816e-02,6.54830952e-02,-3.52063874e-02,-3.71463264e-03,-1.64368980e-02,-3.40038025e-02,-4.55066445e-02,-5.66919249e-02,-7.43822952e-03,1.47366881e-02,-3.06427546e-02
-3.69882962e-02,-5.22017825e-03,-5.72569129e-02,3.75755654e-02,-2.34789107e-02,9.28504125e-03,-1.21970969e-02,-2.40598636e-02,-2.82392025e-02,-4.57151251e-02,8.95358518e-03,3.67368562e-02,-1.56345499e-02
-7.50034798e-03,3.63084961e-03,-5.72880742e-02,4.38913881e-02,1.14281001e-02,2.59866584e-02,-1.74466722e-02,-3.78476812e-02,-2.32411230e-02,-2.18354130e-02,1.70407132e-02,2.79868466e-02,9.93248259e-03
-3.72317832e-03,6.63687986e-02,-1.86627544e-02,3.06848280e-02,2.34325156e-02,3.14693265e-02,1.63321746e-02,-5.52671634e-02,-1.41628941e-02,-1.18510240e-02,1.14002375e-02,-6.60013548e-03,2.36656936e-04
-1.64300703e-02,4.38182573e-02,-2.70889735e-02,4.15572147e-03,4.15596675e-02,3.13558437e-02,3.85783344e-02,-4.09603434e-02,1.33980887e-02,2.17760969e-02,7.65098389e-04,-6.11963418e-03,2.98874148e-02
-8.80397154e-03,4.13554238e-02,-3.09236989e-02,-2.28878353e-02,5.38757968e-02,2.92500034e-02,5.07360390e-02,-5.18712020e-02,3.75608008e-02,3.66672325e-02,1.37757494e-02,-9.70341036e-03,3.98696919e-02
-2.29949569e-02,4.41665527e-02,-3.14476080e-02,-5.67693002e-02,4.37203478e-03,3.53168006e-02,6.46262731e-02,-4.75479536e-02,3.53768615e-02,2.94691674e-02,1.06264087e-02,-1.74976514e-02,4.73158053e-02
-1.16155426e-02,3.76477830e-02,-4.62912904e-02,-7.52374964e-02,1.71951828e-02,4.87408015e-02,8.61469142e-02,-4.86131098e-03,3.29088022e-02,5.17405184e-02,3.38592069e-03,-2.79862894e-02,5.08656124e-02
-5.97652873e-02,9.48962035e-03,-6.85050776e-02,-8.57928759e-02,3.92110037e-03,3.86790215e-02,5.66392956e-02,-3.27820211e-03,4.45144006e-05,4.90452417e-02,-1.30038610e-02,-4.96074099e-02,-9.10842089e-03
-2.40389136e-02,2.21750458e-03,-5.19732867e-02,-4.54661331e-02,-1.21627084e-02,3.29442755e-02,8.04874321e-03,-9.57137611e-03,-6.90807700e-03,-2.39389083e-03,-6.25435168e-02,-6.76491617e-02,-2.61903369e-02
-3.51735960e-02,-4.39218547e-02,-1.07619006e-01,-2.42668220e-02,-2.17777071e-02,1.70607779e-02,-3.38922750e-02,6.12184594e-03,-1.26466891e-03,-1.33752841e-02,-7.40171112e-02,-6.62481131e-02,-6.22467711e-02
-1.68474807e-02,-3.17653726e-02,-1.03161394e-01,5.08838635e-03,-2.88658268e-02,-8.61365479e-03,-6.87240520e-02,1.65073311e-02,-5.74293728e-03,-3.50033682e-02,-6.64004013e-02,-3.36285852e-02,-8.38541383e-02
-1.23738563e-02,-1.76341653e-02,-7.97983420e-02,1.44123308e-02,-2.32110608e-02,-1.57202878e-02,-5.49053241e-02,3.96199677e-02,-3.99093259e-04,-4.49238052e-02,-6.35482153e-02,-9.61891055e-03,-1.07438091e-01
-2.11234278e-02,-2.00709268e-02,-8.38970410e-02,1.59376760e-02,1.85004762e-02,-1.88521322e-02,-4.52866130e-02,5.37293872e-02,-6.40791855e-03,-2.00020535e-02,-4.52467572e-02,1.15670272e-02,-1.08544130e-01
-3.75563342e-02,-4.74334811e-02,-6.49860852e-02,1.25536580e-02,6.18854638e-02,-2.42651481e-02,-4.35928023e-02,4.52976428e-02,3.58187775e-02,5.52061248e-03,1.14390975e-02,3.33460919e-02,-9.58902028e-02
-1.64782706e-02,-3.49896286e-02,-4.15815835e-02,1.82407994e-02,4.32456083e-02,-3.64149110e-02,-1.34648263e-02,3.86867689e-02,2.36526253e-02,8.31919134e-03,4.61620967e-02,6.71832613e-02,-5.68409882e-02
3.48571060e-03,-3.44599850e-02,-8.67523940e-03,2.04707650e-02,6.19338442e-02,-1.85759385e-02,8.86083424e-03,3.24537874e-02,2.05618890e-02,2.75218284e-02,5.25704982e-02,8.90790896e-02,-6.72329508e-03
-2.21124583e-02,-1.65650518e-02,3.48210920e-04,4.76166876e-03,7.74616267e-02,1.84643403e-02,3.09757428e-02,2.33689970e-02,1.77725675e-02,3.99925956e-02,5.68362251e-02,8.93595623e-02,-8.21175773e-03
-3.20016336e-02,-1.90734122e-02,1.38978293e-02,-1.62713468e-02,4.15852274e-02,1.81470364e-02,2.27613208e-02,-1.99447916e-02,-2.01159606e-03,1.80835951e-02,4.03765297e-02,5.37879154e-02,1.13118421e-02
-6.97407722e-02,-5.35180960e-02,-1.64314057e-02,-3.08800062e-02,2.42926954e-02,2.18562576e-02,9.47659745e-03,-4.10309880e-02,6.79457197e-03,2.49213340e-02,3.11927144e-02,2.08571757e-03,4.84637970e-03
-6.04287927e-02,-2.43220695e-02,-5.64899008e-03,-5.22217671e-02,-1.21675879e-02,6.41710034e-04,9.02879602e-03,-7.35374038e-02,-6.17961699e-03,1.02977890e-02,1.96853769e-02,-1.76695735e-02,-3.51952185e-02
-1.09538314e-01,-3.82097280e-02,-1.91001496e-02,-5.71251473e-02,-8.51312272e-03,4.78146316e-02,4.67765950e-02,-7.50127952e-02,2.84159651e-03,-1.36810989e-02,1.02400934e-02,-7.73510210e-03,-1.96817706e-02
-1.18675136e-01,-3.00037181e-02,-6.13005365e-02,-5.63256543e-02,9.58171965e-03,6.91986718e-02,6.06000441e-02,-7.05866325e-02,1.14170952e-02,-5.51194155e-04,2.80827019e-02,-5.22135181e-03,-1.26402497e-02
-1.13112876e-01,5.41661927e-03,-4.83652364e-02,-4.74461232e-02,7.16929978e-03,6.03011196e-02,5.14093183e-02,-5.35359741e-02,3.46867182e-02,-5.41717064e-03,4.29129434e-02,-4.44216658e-03,-5.71319033e-03
-7.01106015e-02,3.55625261e-02,-4.52663715e-02,-1.89302391e-02,1.23568878e-02,5.05619602e-02,3.12220457e-02,-6.20345283e-02,1.95494710e-02,-4.98099679e-03,3.38610660e-02,-2.85939129e-02,1.01355724e-03
-1.53067778e-02,4.08327292e-02,-2.59351897e-02,2.38813479e-02,-8.35913912e-03,3.16565717e-02,1.53629097e-02,-5.51645467e-02,2.46671673e-02,8.19339536e-03,2.02278994e-02,-2.18759956e-02,-3.97872914e-03
5.47351724e-02,7.24934855e-02,-2.34687488e-02,4.26704369e-02,-1.73400054e-02,-4.97032460e-03,-3.30750221e-02,-4.23083893e-02,2.60461473e-02,-5.68181536e-03,1.70644050e-02,-1.18651549e-02,-1.58875210e-02
6.43085307e-02,6.60253253e-02,-1.47783664e-02,3.09122702e-02,-5.71113363e-02,-2.41664510e-02,-3.25100305e-02,-4.63147904e-02,-1.98798640e-03,-2.72216171e-02,3.65949151e-04,-2.50799220e-03,-2.11608793e-02
8.21468670e-02,6.47684785e-02,1.02245181e-02,4.95982300e-02,-4.76500600e-02,-4.66421606e-02,-4.22126050e-02,-1.13300551e-02,6.24137949e-04,-3.44192846e-02,-1.86342727e-02,-1.68874057e-02,-1.96703229e-02
9.08587725e-02,5.14520661e-02,4.18874803e-02,4.63399894e-02,-5.70885201e-02,-7.30306652e-02,-2.31217996e-02,9.92574079e-03,-2.66992524e-02,-4.15519585e-02,-2.95291151e-02,-3.40840403e-02,-6.80464743e-02
4.41006724e-02,1.97613339e-03,4.28942500e-02,2.86265952e-02,-4.57395012e-02,-5.81630986e-02,6.44338454e-03,3.26162997e-03,-6.70500143e-02,-6.28452295e-02,-4.75890705e-02,-2.85949176e-02,-4.64556272e-02
-1.60162891e-02,-2.22647609e-02,7.63803007e-02,4.22133058e-02,-7.38523034e-04,-1.48177991e-03,6.90196110e-02,6.08817850e-02,-5.12294572e-02,-6.70626681e-02,-3.67646854e-02,1.07916871e-02,-4.23173561e-02
-2.17501002e-02,6.02438679e-04,9.06720444e-02,5.13160275e-02,2.06760750e-02,9.52314953e-03,6.56365932e-02,1.01699456e-01,-2.37910437e-02,-7.21036726e-02,-3.60822194e-02,5.07705173e-02,-3.57693195e-03
-4.44405540e-02,-8.22660131e-03,9.12234341e-02,2.86809191e-02,4.45477401e-02,2.35849299e-02,5.67019592e-02,1.07794879e-01,-2.64562049e-02,-6.60243813e-02,-3.17537497e-02,4.38116266e-02,2.41434893e-02
-4.45276500e-02,-9.86327795e-03,9.20749940e-02,2.36389072e-02,4.83507838e-02,1.50726640e-02,6.54249011e-02,1.15305744e-01,-2.11548527e-02,-2.27738742e-02,-1.42321737e-02,6.29903639e-02,4.23089352e-02
-3.00158448e-02,-7.27155991e-05,7.21966411e-02,8.46311363e-03,5.16205112e-02,-3.65142613e-02,3.60859436e-02,1.31471446e-01,-1.99935223e-02,1.27601122e-02,3.94715110e-02,6.81941744e-02,4.61279557e-02
-3.85483440e-02,5.23641770e-03,5.53541332e-02,-2.02782750e-02,2.76687936e-02,-3.80227363e-02,3.75652812e-02,9.74973407e-02,-4.12731593e-02,1.06111837e-02,2.62367703e-02,5.31943908e-02,3.78153776e-02
2.93150538e-03,1.25261743e-02,2.18203551e-02,-2.43904944e-02,3.59689469e-02,-6.79299616e-02,4.10234790e-03,6.06917038e-02,-4.67202386e-02,-8.73861157e-03,-8.93285142e-03,2.69522166e-02,2.10853992e-02
5.05439330e-02,-7.74446374e-03,3.68835762e-03,2.06269917e-03,4.62984429e-02,-5.98028942e-02,1.97079490e-02,4.30802287e-02,-3.73909071e-02,3.59966768e-03,-6.31865291e-03,-2.09900339e-02,-1.48822047e-02
9.73166684e-02,7.54717176e-03,-7.64913226e-03,-5.23418420e-03,2.70990834e-02,-6.32118005e-02,6.15156419e-03,1.13794735e-03,-8.70929960e-02,-1.98469493e-02,-1.20134776e-02,-4.85929834e-02,-1.08541914e-02
7.81104820e-02,1.10174570e-02,1.73612637e-02,-1.15844450e-02,-1.83249781e-03,-1.77981367e-02,4.81565558e-02,2.72448408e-02,-7.96616128e-02,-2.14400235e-02,-1.44383599e-02,-3.97294909e-02,-1.27359601e-02
8.69230199e-02,9.44810321e-03,-2.15187975e-03,-2.53154150e-03,-5.34606474e-03,-1.30271129e-03,1.07755189e-02,1.80280043e-02,-4.04887011e-02,-1.77543030e-02,-1.88347659e-02,-2.82283933e-02,-4.47913654e-03
7.94624875e-02,-1.65557603e-02,-9.61145224e-03,-2.57300931e-03,-1.84644683e-02,1.47789976e-02,-2.81663325e-03,2.92449059e-02,-2.72161601e-02,-2.45762550e-02,-2.11702639e-02,-3.44342756e-02,-4.59346447e-03
4.76984147e-02,-3.46716734e-02,-5.03225086e-04,-9.94497611e-03,-3.82672883e-02,4.24527843e-02,3.71477975e-02,4.06110225e-02,-5.25813338e-03,-1.90934357e-02,-3.40818815e-03,-2.42121410e-02,-8.53310726e-03
3.47990791e-02,-2.20832721e-02,-5.43477324e-03,1.33998945e-03,-2.83464573e-02,4.10926396e-02,3.94517290e-02,6.23191176e-02,4.53848539e-02,-3.63353776e-03,1.31315953e-02,-7.27463574e-03,-1.19340687e-02
6.09232517e-03,3.80460880e-03,3.14145879e-02,2.38770947e-02,-3.29639983e-02,5.88921486e-02,5.46943552e-02,4.39414775e-02,3.25546301e-02,-7.07131843e-03,-1.52659060e-02,-2.40276291e-02,-2.01192953e-02
2.45028729e-03,2.03067872e-04,2.43059604e-02,1.29449748e-02,-2.49655019e-02,3.35659028e-02,-1.78897445e-03,-2.77218696e-03,1.85474993e-02,-1.93302828e-02,-2.72410723e-02,6.40816101e-03,-2.12329025e-02
1.72267935e-02,-2.94743287e-02,4.04663667e-02,2.50294101e-02,-2.35604819e-03,1.20502875e-02,-2.55199440e-02,-4.45591059e-02,4.38039914e-02,-2.22380515e-02,-3.73073941e-02,-1.14562626e-02,-5.34930262e-02
2.61832837e-02,-1.83304319e-02,7.43988160e-02,2.40106776e-02,-3.80055841e-03,-2.70950283e-02,-4.90203357e-02,-7.69964560e-02,1.30161801e-02,-6.70366240e-02,-5.19807172e-02,-2.16278420e-02,-4.26991568e-02
1.16324254e-02,-1.65623686e-02,6.78202360e-02,1.03018672e-02,-1.32351745e-02,-1.21543290e-02,-3.77746348e-02,-6.06341407e-02,1.14463374e-02,-6.48813007e-02,-4.67606688e-02,5.21277573e-04,-1.71041806e-02
4.03624239e-03,-2.40277255e-02,5.05853942e-02,8.07920440e-03,1.20743873e-02,-1.40820117e-02,-6.14627058e-02,-5.78489850e-02,3.59549042e-02,-3.20941042e-02,-3.60428537e-02,1.46710396e-02,-4.53784401e-03
1.00689151e-02,-1.96795854e-02,4.75507183e-02,2.48145816e-03,2.29762134e-02,-9.42357417e-03,-6.28429950e-02,-3.46597267e-02,1.64643133e-02,-2.35110729e-02,-3.10038153e-02,1.37141110e-02,1.19295829e-02
-1.95041744e-02,-2.49327316e-02,3.89848377e-02,-9.46686910e-03,4.02213224e-02,1.63249234e-02,-5.91916079e-03,-2.38309604e-02,9.00582889e-03,-2.09250926e-02,-2.41712169e-02,1.70468044e-02,3.76426018e-02
-1.17368335e-02,-1.86533565e-03,1.74644436e-02,-1.58412188e-02,5.48983102e-02,4.74447254e-02,3.89101417e-02,8.91958919e-03,3.51521128e-02,-5.14119982e-03,-7.96246404e-03,-1.89096799e-03,1.59824398e-02
-2.17860503e-02,7.36014101e-03,2.18050347e-02,-6.48860614e-04,5.83654430e-02,7.21346374e-02,8.40049385e-02,2.25543883e-02,1.11429254e-02,-4.70433195e-03,-2.91383353e-02,-2.36548004e-02,6.53224978e-03
-4.07965246e-02,2.74833277e-02,1.95551204e-02,1.66970539e-02,5.73376378e-02,8.39906750e-02,8.06019537e-02,1.14095961e-02,-1.82737337e-02,6.95199679e-04,-8.77884331e-03,9.83747969e-03,3.56172292e-02
-1.04811191e-02,5.02195839e-02,2.33431619e-02,2.01033321e-03,2.23474622e-02,3.58769110e-02,4.69492837e-02,-8.54814435e-03,-2.00009229e-02,-5.96828832e-03,-5.77608186e-03,1.25716178e-02,1.09591693e-02
2.19991636e-02,3.12030684e-02,1.23575902e-02,-2.06236163e-02,-1.87092779e-02,-3.30898223e-02,1.55997172e-02,-2.62091746e-02,-2.67429174e-02,-1.54481480e-02,5.67154676e-03,9.44000087e-03,7.59263372e-03
3.12815985e-02,-1.06909187e-02,-1.85197445e-02,-1.55080717e-02,-4.42402293e-02,-4.53196952e-02,-3.33468999e-03,-2.81492667e-02,-1.68561058e-02,-1.03545610e-02,1.68762783e-02,2.17311371e-02,-1.88604685e-03
3.62124205e-02,-1.85848568e-02,-2.62338204e-02,1.10676609e-02,-5.61043561e-02,-4.24291042e-02,-2.41507243e-02,-2.50913818e-02,1.82896785e-02,-2.39555701e-03,1.11150203e-02,2.41067165e-02,-2.55071223e-02
2.27123953e-02,-2.60192737e-02,-3.67374653e-02,2.78052897e-02,-6.56163046e-02,-5.92884689e-02,-7.08758236e-02,-1.54612589e-02,6.71243359e-02,6.02725771e-02,4.76673607e-03,1.53212305e-02,2.55682612e-04
-3.94141304e-02,-7.60599927e-03,-5.31761013e-02,1.67295808e-02,-3.24847594e-02,-7.01694632e-02,-8.30963725e-02,1.64130524e-03,7.50029497e-02,8.55897061e-02,-2.80470104e-02,-4.34626148e-03,4.89816311e-02
-1.12566781e-02,-1.63597957e-03,-4.74551244e-02,1.92223108e-02,1.07292671e-02,-4.55474164e-02,-9.93878490e-02,4.29455540e-02,1.23263903e-01,1.67107498e-01,-5.15196192e-02,-6.99914143e-02,3.84397278e-02
-3.12279984e-02,-1.97111661e-02,-6.53672881e-02,6.55112174e-03,2.56912485e-03,-3.59536789e-02,-7.76259814e-02,6.40267229e-02,1.32377298e-01,1.97308860e-01,-5.79716921e-02,-9.63731868e-02,4.34502561e-02
-5.06505579e-02,-4.49738187e-03,-1.76794165e-02,6.11841563e-02,2.43341512e-02,-8.11605583e-03,-5.88245204e-02,7.37448300e-02,1.19119146e-01,1.85128465e-01,-6.90318113e-02,-1.30086576e-01,7.02302822e-02
-3.30362359e-02,1.80451956e-02,1.47810744e-02,5.72631476e-02,1.76872699e-02,-1.15108934e-02,-4.69752289e-02,8.18391882e-02,1.32426302e-01,1.68492636e-01,-8.50176213e-02,-1.34871930e-01,5.45381043e-02
3.05131986e-02,1.34825454e-02,2.46916019e-02,5.80542030e-02,4.65815016e-02,-1.59373909e-03,-2.87284965e-02,4.76827567e-02,1.02034802e-01,1.20488897e-01,-7.07285786e-02,-1.19978256e-01,3.50432556e-02
4.80362881e-02,-4.09495552e-02,3.17183518e-02,6.55524929e-02,3.81199421e-02,-5.77524682e-03,-1.53377607e-02,3.49993716e-02,9.96596472e-02,8.73863865e-02,-5.75613327e-02,-8.81833333e-02,3.52131692e-02
8.71192863e-02,-3.14026299e-02,5.83126505e-02,7.98374435e-02,2.44953360e-02,1.12796115e-02,-1.26327023e-03,1.05357226e-02,7.73986871e-02,8.92014126e-03,-3.03373603e-02,-4.98671091e-02,1.42940615e-02
9.85870651e-02,-2.78353023e-02,5.67381893e-02,8.05651069e-02,2.94154854e-02,1.02301191e-02,-1.76950639e-02,-1.37678627e-02,8.93839674e-02,7.86356388e-04,-5.07211442e-03,-6.73525690e-03,3.68812760e-02
4.91541115e-02,-5.64997871e-03,4.18675270e-02,5.51780341e-02,4.01097507e-02,7.24329667e-03,-2.17166439e-02,-2.24594473e-03,4.82060039e-02,-3.14638390e-02,-4.86687438e-04,1.65510411e-02,5.31547847e-02
5.42684242e-02,-6.98743668e-03,3.45442086e-02,4.39400910e-02,6.83606086e-02,-9.37442371e-04,-4.93093572e-02,-3.00673334e-03,3.91628467e-02,-1.35794883e-02,-1.48906200e-03,1.94158291e-02,5.32725713e-02
3.46256315e-02,-1.58757963e-02,3.47100777e-04,6.86068705e-03,4.04613294e-02,-1.38881055e-02,-4.52463346e-02,-9.20563338e-03,1.99967881e-02,1.13274928e-03,2.45064244e-02,5.45655186e-02,4.41583829e-02
4.03243587e-02,9.83713812e-03,1.46778510e-02,4.32683343e-02,3.24906532e-02,-2.62180369e-02,-5.08056426e-02,-1.72566539e-02,-1.96453926e-02,1.03872674e-02,2.05543041e-02,4.36598171e-02,3.88379019e-02
7.10494014e-03,1.62951541e-02,2.40860042e-02,3.63184766e-02,8.66993738e-03,-2.98359642e-02,-4.28742240e-02,1.48478962e-04,-6.97046567e-03,3.06762794e-02,2.21430190e-02,5.51539932e-02,1.48825041e-02
2.59858445e-02,2.42267496e-02,2.33653966e-02,6.50108857e-02,4.97193785e-02,-5.20394493e-03,-4.93223049e-02,-5.16789448e-02,-3.83747962e-02,1.95505066e-02,3.42033846e-02,6.89456566e-02,-1.57766340e-02
-1.09390636e-02,-5.74812046e-03,3.69685045e-02,5.51601779e-02,4.39525392e-02,-4.02341704e-03,-2.60514674e-02,-3.24162137e-02,-3.39177441e-02,2.59644471e-02,-2.61496620e-03,6.92109852e-02,-3.64474560e-02
7.52653769e-03,-1.42975394e-02,3.22463473e-02,4.88429713e-02,4.08419149e-02,-3.75058664e-03,-2.59518570e-02,-3.72677794e-02,-2.26092098e-02,4.53367113e-02,4.19353930e-04,6.36276890e-02,-4.60762516e-02
5.93491684e-03,-1.50340241e-02,1.16976637e-02,1.73453009e-02,5.23063757e-02,8.01085320e-03,-1.13191749e-02,-2.99319742e-02,-9.33783961e-03,4.70812116e-02,-5.03575181e-04,6.33989967e-02,-3.38320212e-02
1.28601452e-02,-2.99958856e-03,1.61657814e-02,1.23857142e-02,5.47335960e-02,2.24927150e-02,-9.44542920e-03,-1.35775552e-02,-7.82427045e-03,3.63063523e-02,-2.07402374e-02,2.72010503e-02,-4.19126522e-02
-1.89229676e-03,6.55440708e-03,5.14185612e-03,-1.32420621e-02,4.36447463e-02,2.12992167e-02,1.02089934e-02,-7.38024174e-03,-7.90146019e-03,2.62010682e-02,-1.18428179e-02,5.37173244e-03,-3.22518430e-02
2.60350037e-02,-1.09095879e-02,-1.92665899e-04,-5.40668437e-02,2.06891522e-02,2.18273790e-02,2.80739493e-02,1.94306548e-02,-1.04750516e-02,3.08091180e-02,-8.45119934e-03,-4.96758496e-03,-2.95464375e-02
2.93020628e-02,-7.04372616e-03,-1.62167529e-02,-4.56024806e-02,2.94482644e-02,3.83457649e-02,3.79066253e-02,1.58036822e-02,-1.01862707e-02,6.30517187e-03,-1.20151372e-02,-2.78719242e-02,-1.78374651e-02
2.50652078e-02,3.78527356e-03,-1.93135270e-02,-5.03511876e-02,1.72756648e-02,5.10539603e-02,3.28761524e-02,2.88180802e-03,-7.92633477e-03,-1.63203113e-02,2.91142214e-03,-2.30092200e-02,8.72417519e-04
3.29731924e-02,2.75815277e-02,-1.37400792e-02,-3.04068628e-02,1.44890534e-02,5.64694871e-02,4.46952087e-03,-2.36964032e-02,-6.20240501e-03,-3.08779994e-02,2.47990817e-02,-1.02109895e-02,7.27670434e-03
-1.99868664e-03,3.11402890e-02,1.00996067e-02,-2.90202146e-02,1.02963943e-02,6.32234820e-02,2.66870189e-02,-4.95920279e-03,-1.86677215e-03,-3.70406469e-02,1.53875602e-02,-3.41687772e-02,-2.46998403e-03
-1.06529880e-02,5.09163426e-02,3.29747098e-03,-3.68519208e-02,2.87593333e-02,8.43277567e-02,4.82500357e-03,-2.25970104e-02,1.19814844e-02,-2.75407397e-02,1.43374312e-02,-2.38699510e-02,2.17268493e-03
-5.91434393e-02,2.25624261e-02,7.58354616e-03,-2.04577378e-02,5.20167942e-02,8.87635029e-02,1.37317955e-02,-1.49334306e-02,-9.20188091e-04,-2.60913157e-02,1.65199571e-02,-2.56479884e-04,1.80273070e-02
-1.03543769e-01,5.08470200e-02,1.54338447e-02,-5.21360412e-03,2.68531546e-02,9.42993285e-02,1.96212169e-02,-8.52987009e-03,6.80666323e-03,1.40672492e-02,1.71474986e-02,-4.03585739e-02,-2.40761533e-02
-1.26525766e-01,8.14667034e-02,3.29127651e-02,-9.58186429e-05,-3.04292687e-02,6.58816564e-02,1.39542082e-02,-4.40620485e-02,-5.51375925e-02,8.38036192e-03,5.94381406e-02,-2.52637188e-02,-1.90418122e-02
-1.03247230e-01,5.50239961e-02,8.60033847e-03,-3.48584967e-02,-9.68572523e-02,1.60376998e-02,-5.82078319e-03,-2.89140689e-02,-8.35120794e-02,3.51823453e-02,8.14952371e-02,-1.04719116e-02,5.58280217e-04
-1.02256661e-01,3.42985006e-02,1.76147817e-02,-3.25585410e-02,-1.42785327e-01,-1.54879894e-02,-2.15676303e-02,-3.56978128e-03,-1.00812549e-01,5.71125857e-03,7.65211389e-02,2.21028381e-02,1.76763312e-02
-5.10559969e-02,2.71876625e-02,1.48561451e-02,-1.77245101e-02,-1.66635499e-01,-5.70492236e-02,-4.55922708e-02,-5.69824906e-03,-1.01675559e-01,-1.80264855e-02,7.07517097e-02,3.27736037e-02,2.04408044e-02
-4.28858336e-03,3.02932903e-02,2.65109496e-02,-2.57659351e-02,-1.91022345e-01,-8.30735377e-02,-5.69504721e-02,1.88823529e-02,-9.59498137e-02,-4.20816633e-02,5.63424372e-02,4.83906494e-02,4.40184885e-02
3.69479465e-02,2.05074839e-02,5.10297277e-02,-2.60289023e-02,-1.87555420e-01,-1.07721380e-01,-5.94031668e-02,3.39275221e-02,-9.04912575e-02,-5.29455373e-02,4.01694348e-02,1.93188913e-02,5.46507278e-02
7.50053766e-02,1.03903470e-02,3.62750142e-02,-5.08681038e-02,-1.33922110e-01,-8.72244261e-02,-7.58426874e-02,1.84453714e-02,-5.47748257e-02,-3.98354435e-02,4.11645648e-02,2.45563039e-02,8.04452460e-02
8.09402329e-02,-1.71400707e-02,5.75637097e-02,-3.96934119e-02,-7.25140131e-02,-9.22923182e-02,-6.60661170e-02,2.76136468e-02,-7.50959987e-03,-4.25379127e-02,1.09500657e-02,5.19724999e-03,9.31690471e-02
5.38205078e-02,-2.67298405e-02,5.58196356e-02,-2.63458587e-02,-3.55591783e-02,-6.50249756e-02,-5.05886439e-02,4.67261081e-02,6.45799057e-02,1.39104248e-02,-8.46807720e-03,-5.77835852e-02,4.52347731e-02
4.87804961e-02,-1.99665520e-02,5.07285170e-02,5.79909022e-04,-1.01595760e-02,-3.43971951e-02,-3.29250718e-02,5.28110523e-03,5.48398931e-02,4.76193907e-05,1.02629277e-02,-7.08542896e-02,3.17093659e-02
5.07807718e-02,-4.09457377e-02,-1.07516190e-02,-1.83712467e-02,1.93194151e-02,-1.18632007e-02,-2.59013635e-02,-1.50372964e-02,4.92763687e-02,3.23028372e-03,2.25328238e-02,-6.69960327e-02,3.24291288e-02
5.22269682e-02,-7.06271922e-02,-2.21190974e-02,-2.78490084e-02,1.11414418e-02,2.94863935e-03,-1.41069864e-02,-4.42021266e-03,1.57151879e-02,-3.88032858e-03,2.02311416e-02,-3.84844384e-02,1.87317510e-02
4.06958584e-02,-7.51266925e-02,-4.82442748e-02,-2.22079458e-02,-1.29072146e-05,-1.60451365e-02,-6.53599691e-03,-4.19185669e-03,2.08549227e-02,-2.01018716e-02,9.75317261e-03,-3.23490582e-02,1.66701148e-03
5.07323447e-02,-6.15613827e-02,-4.79427992e-02,-1.18453159e-02,-1.55199965e-03,-3.57960297e-03,6.02936905e-04,1.56332198e-03,-1.13473595e-02,-4.57431888e-02,-1.08451730e-02,-1.76419113e-02,-4.74166844e-03
4.60452336e-02,-4.81196066e-02,-3.95690292e-02,-3.88319814e-03,1.19118863e-02,1.34203697e-02,4.54737544e-03,4.31769101e-04,-4.89232535e-02,-5.37666936e-02,-2.19422750e-02,6.34490081e-03,1.87011437e-03
3.56120860e-02,-3.00537605e-02,-5.17381854e-02,-1.55234407e-02,2.44181754e-02,9.30941751e-03,9.46361392e-03,-1.09576196e-03,-5.94508431e-02,-3.70440718e-02,-2.42228438e-03,2.22196277e-02,2.09749293e-02
1.46477243e-02,2.56018713e-02,-5.56279822e-02,-2.32371013e-02,2.45412576e-02,-1.58047108e-02,2.95721345e-03,-2.78731961e-03,-3.46594298e-02,-1.03614586e-02,3.41577777e-03,5.38961453e-03,1.00851561e-02
-1.88829431e-02,4.55216437e-02,-5.21718710e-02,-1.61705747e-02,1.87604268e-02,-3.57618754e-02,-9.49004505e-03,-4.68724198e-03,-1.50563945e-02,2.58101501e-02,8.90961049e-03,6.54971922e-03,2.12215787e-03
-3.75259137e-02,5.90648136e-02,-7.33809468e-02,6.63144486e-03,9.88690970e-03,-1.75159564e-02,8.82681752e-03,-1.67259920e-02,9.14443648e-03,3.14440873e-02,2.51016133e-02,2.43927387e-02,7.16711949e-03
-3.61218940e-02,7.62580359e-02,-1.00129843e-01,-2.86988616e-03,2.30128789e-02,-6.53030291e-03,2.70964028e-02,-2.86455896e-02,-1.80101713e-03,1.85306601e-02,1.20770162e-02,2.40240409e-02,7.31670969e-03
-2.64284161e-02,6.69842904e-02,-1.02836258e-01,-1.30875741e-02,1.50298602e-02,9.79293155e-03,5.63033924e-02,-3.39386579e-02,-1.76198697e-02,1.33373374e-02,1.07013210e-02,2.49258726e-02,-7.30996747e-03
-4.56451742e-02,4.73633613e-02,-1.17258014e-01,-4.37372348e-02,-6.64852736e-03,-1.79040111e-02,7.61598928e-02,-1.28477092e-02,-9.55932818e-03,-6.88906056e-03,3.12353931e-03,1.41526244e-02,5.37052949e-03
-1.98119339e-02,2.33181063e-02,-1.03085813e-01,-5.53869435e-02,-2.04908160e-02,-2.21026631e-02,6.44099871e-02,-2.32350258e-02,-1.62075010e-02,-2.98816349e-02,-9.34138681e-03,-5.30920240e-03,-1.07871360e-02
-2.16032874e-02,-9.12287772e-03,-7.15447133e-02,-6.27688695e-02,-2.68423720e-02,-3.02638408e-04,7.31345649e-02,-3.15555672e-02,-3.53625008e-02,-4.82151767e-02,-1.49513944e-02,1.33235166e-02,4.93002245e-04
-1.23565141e-02,-2.53323375e-02,-4.54519970e-02,-3.41126457e-02,-9.08814189e-03,-6.79457086e-03,6.18577607e-02,-3.72456034e-02,-4.09377322e-02,-7.47341318e-02,-1.69631469e-02,9.97846051e-03,8.36301006e-03
-4.60383093e-02,-2.80594208e-02,-3.71071159e-02,-4.48036919e-02,6.50906764e-03,-1.61362435e-02,4.27985966e-02,-2.46209351e-02,-5.28572703e-02,-6.95168036e-02,6.01923120e-03,1.62869513e-03,-7.48169732e-03
-8.38959432e-02,-4.87430802e-02,-1.02829856e-02,-1.24741131e-02,2.13006986e-02,1.15012922e-03,2.28264377e-03,-6.83366271e-03,-7.03175279e-02,-5.60598693e-02,2.24075299e-03,-3.66695466e-03,-4.18584773e-02
-9.35867489e-02,-5.20482027e-02,1.12298726e-02,1.93075084e-02,3.12444720e-02,6.90981879e-03,-1.00669413e-02,9.35495181e-03,-3.42886208e-02,-1.79952364e-02,2.05404916e-03,1.21480717e-02,-6.05258698e-02
-9.65614977e-02,-4.54032561e-02,1.53004595e-03,3.68580247e-02,3.72716131e-02,-2.50598003e-02,-4.24139225e-02,9.04475356e-03,-6.50537800e-02,1.17262406e-03,-5.29040767e-03,8.73858188e-03,-5.28094086e-02
-1.20487391e-01,-4.44019375e-02,4.82098504e-03,4.42327655e-02,3.34770525e-02,-3.34673900e-02,-4.36051776e-02,-1.14838510e-02,-6.61527461e-02,2.13057820e-03,-2.66523369e-02,3.65201465e-03,-7.20644684e-02
-1.34626151e-01,-6.63887343e-02,-2.08416348e-02,3.54312047e-02,3.12456723e-02,-3.11519313e-02,-2.77023891e-03,5.71619761e-02,-2.60664578e-02,1.98174888e-02,-1.67288111e-02,-7.44222868e-04,-9.12112160e-02
-8.82777689e-02,-6.67145681e-02,-3.15039826e-02,1.86997174e-02,1.47215387e-02,-6.21130254e-02,-1.43372122e-02,6.40324346e-02,3.19683066e-03,1.42906698e-02,-1.49937656e-02,-3.40880418e-02,-1.06440209e-01
-8.90005546e-02,-5.42069925e-02,-2.97702066e-02,3.31697600e-02,1.35908109e-02,-5.55000393e-02,-2.95733333e-02,2.87842440e-02,1.47513526e-02,5.73180943e-03,1.78072513e-03,4.17264547e-05,-8.87400856e-02
-4.81786984e-02,-6.16382458e-02,-5.97121692e-02,5.78976291e-02,4.40354128e-02,-2.88780639e-02,-2.76002741e-02,-7.47352492e-03,4.32408403e-02,-8.84646370e-03,4.43951569e-03,2.97545837e-03,-6.56152544e-02
-3.55331114e-02,-5.04333444e-02,-1.03310337e-01,1.01482940e-02,4.68956021e-02,-2.45512304e-02,-2.28804983e-02,-1.74890455e-02,3.55725787e-02,-3.00786471e-02,2.15957954e-03,1.86741942e-02,-2.71119078e-02
-3.48615203e-02,-7.69309196e-02,-9.33552919e-02,4.04228590e-02,7.18656208e-02,2.95731151e-02,-2.70881902e-02,-2.28965490e-02,2.74383102e-02,-2.00937868e-02,1.75444892e-02,9.99853002e-03,-3.11228309e-02
5.10119365e-03,-3.72643714e-02,-4.12413694e-02,6.68467498e-02,6.24656967e-02,2.73602417e-02,-1.08780337e-02,-2.12459118e-02,5.98448992e-02,1.13671286e-02,4.76707141e-03,-1.70593171e-02,-2.69662972e-02
4.07895120e-03,-4.08917262e-02,-5.66284540e-02,4.30818653e-02,1.35965397e-02,-6.26069721e-02,-7.44120230e-02,-6.11964972e-02,2.50409363e-02,2.82821311e-02,3.37968695e-03,-4.48302401e-02,-1.48763318e-02
-2.25090518e-03,-2.13475024e-02,-3.86149922e-02,2.48439667e-02,-2.50213949e-02,-7.45111175e-02,-5.58870552e-02,-6.57292374e-02,1.77542845e-02,5.01231763e-02,-9.39509172e-04,-6.14717765e-02,-9.56741545e-03
-2.00638522e-02,-2.67703548e-02,-2.17358010e-02,1.94112817e-02,-2.31798721e-02,-5.98948688e-02,-1.72421859e-02,-2.75666898e-02,4.76086232e-02,7.51730852e-02,5.15210849e-03,-6.82315790e-02,-1.42282287e-02
1.60495384e-02,4.39077714e-03,-1.85378973e-02,-2.97178267e-02,-7.15513461e-02,-1.01281616e-01,-2.55288613e-02,-1.25932114e-02,3.46478455e-02,5.50416642e-02,-2.66078859e-02,-1.11864770e-01,-3.67955464e-02
1.19808073e-02,2.93692151e-02,-1.35930054e-02,-3.52643977e-02,-6.21338415e-02,-8.63239330e-02,-4.98941127e-02,-3.53675393e-02,6.01846123e-02,3.97130812e-02,-2.84902365e-02,-6.83522564e-02,-2.47926773e-02
1.19933873e-02,2.02870656e-02,-1.57147239e-02,-2.87722644e-02,-4.12629962e-02,-3.80896248e-02,-1.37144255e-02,-1.63707796e-02,6.53723739e-02,2.48916977e-02,-2.23308186e-02,-4.50494592e-02,-3.47906604e-02
3.95253473e-02,1.72986013e-02,-4.72401507e-02,-6.08481581e-02,-2.77408540e-02,-3.29452164e-02,-1.66922391e-02,-2.76101973e-02,4.13419156e-02,-4.80321359e-03,-3.55336026e-02,-2.10979880e-02,-1.77274758e-02
5.55221107e-02,2.65667007e-02,-3.33040157e-02,-5.13056597e-02,7.34753206e-04,1.24503046e-02,-2.18752350e-03,-1.51884242e-02,3.95384486e-02,-1.57147622e-03,-8.62882175e-03,2.03935037e-02,-3.18984386e-02
5.73633308e-02,4.01521336e-02,-3.25552179e-03,1.35576905e-02,4.26310531e-02,5.36441347e-02,4.56137349e-02,3.46093738e-02,6.91775803e-02,3.42984525e-02,7.13277927e-03,1.68153872e-02,-2.18096026e-02
5.47246523e-02,3.61925432e-02,-1.33239823e-02,-2.19936918e-02,2.34222378e-02,2.56660626e-02,2.03970699e-03,-1.67636496e-02,4.41246916e-02,2.42443691e-03,1.41505818e-02,2.62116413e-02,-2.50185395e-02
5.54640984e-02,3.08196530e-02,-1.79957288e-03,-2.51299686e-02,1.33823799e-02,4.31089282e-02,1.55301501e-03,-1.34984944e-02,6.15360742e-02,2.38986136e-02,2.72887502e-02,2.14203296e-02,-1.77956218e-02
1.45691320e-02,-8.90020986e-03,-1.42403596e-03,-2.67201104e-02,5.41166783e-02,7.11763451e-02,5.19846226e-02,6.07539298e-03,6.55185451e-02,3.83082207e-02,5.26555528e-02,1.86287703e-02,1.11471769e-02
9.45979230e-03,-5.82136479e-03,-1.07480286e-02,-7.24666428e-02,3.24621245e-02,3.86199378e-02,7.91186949e-03,-1.01826651e-02,1.03422602e-02,7.65533403e-03,1.01594080e-02,-1.65175886e-02,2.07120952e-02
2.20127346e-02,1.47600372e-02,2.02032607e-02,-7.59313534e-02,3.28383553e-02,2.19128602e-02,7.23665455e-03,-2.13830999e-02,2.32655599e-03,-1.11226062e-02,-6.57642784e-03,-1.82079458e-02,5.35554009e-02
-2.56796075e-02,-9.53976481e-03,3.70811259e-03,-6.43335788e-02,3.04024029e-02,2.20596946e-02,1.99552869e-02,2.54136483e-03,-5.47861615e-03,-1.23488351e-02,-4.02343945e-02,-2.41666233e-02,5.49815204e-02
-6.94699286e-02,-2.89671983e-03,3.07516378e-02,-5.04867863e-02,1.29573595e-03,1.81066285e-02,2.45537772e-02,-2.08311302e-03,-4.44202462e-02,-1.56905468e-02,-3.64800498e-02,-3.15986642e-02,7.32162931e-02
-9.40894180e-02,-2.18022817e-02,1.07604445e-02,-6.34189254e-02,-6.31194486e-02,-2.23834596e-03,1.69080797e-02,6.66424263e-03,-9.42180877e-02,-3.28045214e-02,-1.23869494e-02,-1.07730434e-02,8.06982772e-02
-1.05786262e-01,-1.79416247e-02,2.58198080e-02,-5.74770409e-03,-7.38327795e-02,5.12643557e-03,3.22993769e-02,4.06852833e-02,-9.94750088e-02,3.62359690e-03,1.45761655e-02,1.50805072e-03,7.69569402e-02
-7.09286726e-02,-8.50460114e-04,3.19905485e-02,4.55511638e-03,-9.16678149e-02,1.20355742e-02,2.59847250e-03,3.09079360e-02,-1.19859881e-01,-1.85638968e-02,2.90135030e-02,3.64291120e-02,7.06029206e-02
-3.97859876e-02,1.92845242e-02,5.75726009e-02,2.66564758e-02,-1.22060433e-01,2.13997644e-02,-3.87285308e-02,1.74201015e-02,-1.03895491e-01,-1.69837344e-02,4.79928095e-02,2.99762886e-02,4.02931247e-02
-4.21572139e-02,-3.45453583e-02,3.84665947e-02,2.28669252e-03,-1.35456688e-01,2.37280801e-02,-2.50685126e-02,4.52068164e-02,-7.28525713e-02,6.28306296e-03,6.79404492e-02,3.28637518e-02,3.27430762e-02
1.58466295e-02,-4.89102712e-02,6.21465876e-02,-1.40417975e-02,-1.38998945e-01,2.34963178e-03,-4.69776198e-02,3.58154111e-02,-5.91640978e-02,-8.33037610e-03,5.18148602e-02,3.36913973e-02,2.24962762e-02
9.01334737e-02,-2.26011968e-02,1.26040092e-01,-6.23305173e-04,-1.10659598e-01,-1.88726013e-02,-5.37520854e-02,2.47247726e-02,-5.46545974e-02,-3.28398747e-03,5.55519830e-02,3.11662129e-02,3.34636533e-03
1.02195469e-01,-4.96862253e-02,1.13614459e-01,-3.12183138e-02,-9.43026451e-02,-3.82013034e-02,-5.27926005e-02,1.72877549e-02,-1.96424691e-02,-2.22309290e-02,1.79001656e-02,2.07835736e-02,4.29531400e-04
1.01692832e-01,-1.18939132e-02,1.39775219e-01,-2.55900568e-03,-5.91992776e-02,-1.73597464e-02,-1.47528479e-02,3.93895742e-02,1.82132702e-02,-2.60554590e-02,-6.35399103e-03,1.13197152e-02,8.02437679e-03
6.70048867e-02,-5.45963207e-02,1.00200208e-01,-2.92669320e-02,-7.24700082e-02,-3.03816544e-02,1.20494928e-02,5.01671086e-02,1.84889406e-02,-5.71096712e-02,-1.35434139e-02,1.46180653e-02,1.88749602e-02
5.72429827e-02,-5.59599930e-02,8.64992025e-02,-1.61609746e-02,-5.12855989e-02,-3.61799662e-02,2.82626295e-02,1.89741841e-02,5.08987008e-03,-5.59029629e-02,-2.26602408e-02,2.99875833e-02,2.07308171e-02
7.10809616e-02,-4.87307689e-02,5.75204030e-02,-1.39795278e-02,-2.51943490e-02,-3.35775998e-02,4.49019882e-02,6.30833086e-03,-7.90864152e-03,-5.66543442e-02,-3.78308406e-02,5.05092707e-02,3.98522457e-02
6.79975577e-02,6.23075035e-03,5.31913955e-02,-5.82157134e-03,-1.88224642e-02,-8.92913945e-03,6.64192631e-02,-6.53863591e-04,-1.33813763e-02,-5.58689859e-02,-2.82809716e-02,5.06896221e-02,3.53760040e-02
3.52925131e-02,-3.33112992e-03,-6.96594164e-03,-3.77656083e-02,-2.64679634e-02,-1.80097550e-02,3.68808718e-02,-5.94192811e-03,-1.47453192e-02,-3.86810845e-02,-4.39908679e-02,3.88835639e-02,5.48305393e-02
2.74724225e-02,6.86450129e-03,-1.91437648e-02,-3.24549646e-02,-3.25348687e-02,-1.59734690e-02,3.60942212e-02,-2.02853968e-02,-1.91101060e-02,-2.04732880e-02,-2.47712200e-02,5.02262375e-02,5.10532710e-02
-7.88681613e-03,3.78721798e-02,-1.63977626e-02,-2.06247327e-02,-4.65976607e-02,-5.40925177e-02,-9.02040274e-03,-3.37533906e-02,-1.63744781e-02,8.44387965e-03,-3.53313707e-02,2.32756028e-02,2.07487899e-02
-3.58522360e-02,2.98924224e-02,-4.41790726e-02,-4.09346269e-02,-5.46570421e-02,-4.70186554e-02,-3.16782709e-02,-4.41216627e-02,-1.98785597e-02,1.51380622e-02,-2.18111861e-02,-8.13008229e-03,9.90442524e-03
-2.65852549e-02,5.15779469e-02,-5.51780147e-02,-1.37657652e-02,-1.44221179e-02,-3.37926275e-02,-3.88242978e-02,-4.08299608e-02,-4.64258454e-03,2.71754735e-02,-1.34454278e-02,-2.80760627e-02,2.65267170e-03
-1.93086447e-02,4.37413897e-02,-7.77889070e-02,-8.25551543e-03,-6.65702188e-04,-9.78299474e-03,-4.32460958e-02,-4.70075336e-02,-1.34179881e-02,2.71811223e-02,-3.03919461e-03,-4.31695798e-02,-8.96934680e-03
-2.93336705e-02,2.21133974e-02,-1.03948751e-01,-1.21416944e-02,3.00719720e-02,2.16806262e-03,-4.19403121e-02,-5.69089063e-02,-2.29872608e-02,2.56519803e-02,1.57232031e-02,-6.56014821e-02,-2.77619267e-02
2.04995999e-03,1.93962521e-02,-1.12442730e-01,3.53174347e-03,5.67383245e-02,3.08240289e-02,-1.25332007e-02,-6.89126278e-02,-3.06931808e-02,4.56585876e-02,3.61980066e-02,-6.39093125e-02,-2.43146445e-02
2.27234838e-02,2.23832779e-02,-8.88761685e-02,1.18347077e-02,4.19288620e-02,3.00456774e-02,9.52226891e-03,-6.29007401e-02,-2.83321483e-02,2.15858796e-02,2.47371415e-02,-6.48484985e-02,-1.04051089e-02
1.54260097e-02,8.94084527e-03,-6.36147203e-02,2.61766830e-02,6.10317058e-02,3.09095454e-02,9.64776553e-03,-7.14918937e-02,-1.70441834e-02,2.04674617e-02,2.39328661e-02,-5.06784732e-02,1.40152339e-02
2.89908243e-02,-3.25349320e-03,-3.84643931e-02,3.18528751e-02,6.90616946e-02,6.17435279e-02,4.20985843e-02,-4.95062766e-02,7.16089370e-04,2.48836436e-02,3.99019686e-02,-1.34496284e-02,4.68460421e-02
1.82396486e-02,-4.80588252e-03,-2.48872144e-02,2.96127346e-02,2.96897575e-02,1.80977745e-02,4.49805312e-02,-4.41288915e-02,-3.60326335e-03,6.69562945e-03,8.69034579e-03,-3.03599889e-03,5.87071911e-02
2.01151420e-02,-2.33634247e-02,-5.67882835e-03,3.45061094e-02,1.62007015e-02,1.46398674e-02,3.97068467e-02,-2.49791082e-02,-6.35220136e-03,5.78290916e-03,7.34929062e-03,-2.03357816e-03,5.43457555e-02
2.24919676e-02,-6.68741266e-03,2.18885239e-02,1.72329609e-02,2.72996356e-02,8.76087431e-03,4.67019492e-02,1.13388204e-02,2.17466677e-02,4.26295942e-02,2.51529866e-02,3.58355955e-02,1.89520471e-02
1.76637092e-02,2.41044816e-02,3.61565944e-02,2.47750266e-02,4.00086203e-02,6.01753188e-02,2.57249867e-02,7.81391818e-04,-4.61509388e-03,4.90140293e-02,4.16522405e-02,3.46306273e-02,-3.79407089e-02
-1.68032822e-03,4.34956743e-02,2.83688443e-02,2.25467362e-02,5.17949254e-02,7.98457316e-02,-2.70146516e-02,4.12770125e-03,1.64349021e-02,4.78550149e-02,2.78326496e-02,3.90656971e-02,-8.26028272e-02
2.01616604e-02,7.62755994e-02,1.17932803e-02,3.94171515e-02,8.41298999e-02,1.12173292e-01,-1.35627362e-02,1.23399488e-02,1.98973149e-02,2.78269434e-02,3.48498918e-02,4.43986931e-02,-1.09628263e-01
2.19890116e-02,5.13737088e-02,-3.93427642e-02,2.20475168e-02,4.98547793e-02,1.08077579e-01,-2.48444428e-02,3.94808347e-02,3.09886457e-02,-5.60684212e-03,2.26506052e-02,1.28560540e-02,-1.38837532e-01
7.52343645e-04,4.16551786e-02,-6.07853910e-02,1.53372400e-02,4.34242939e-02,8.37640639e-02,-5.06746995e-02,2.59283049e-02,2.66399810e-02,-4.65443921e-02,2.25123035e-02,3.69681988e-02,-1.30296933e-01
7.79113565e-03,1.42009142e-02,-5.01337951e-02,2.95759910e-02,6.30810313e-02,7.23035141e-02,-4.67601981e-02,5.62017107e-02,5.22411899e-02,-2.79761243e-02,4.25837315e-02,4.20605128e-02,-1.09886253e-01
6.59099874e-03,-1.53964711e-02,-7.17544924e-02,3.26472812e-03,1.86779052e-02,2.77959447e-02,-2.54043642e-02,5.63037349e-02,4.14350263e-02,-4.35308499e-02,3.35231053e-02,2.56194625e-02,-7.46428571e-02
-8.27943758e-03,-5.55375870e-02,-7.29465030e-02,5.02079376e-03,-6.20233484e-03,-2.30925674e-02,-3.82942191e-02,5.62182716e-02,5.84807865e-02,-3.85339123e-02,2.82949629e-02,3.25463622e-02,-2.54116366e-02
1.50938791e-02,-6.06260482e-02,-4.99628159e-02,-1.71825727e-02,-1.99209079e-02,-4.50407668e-02,-8.62485509e-03,5.57100966e-02,5.61768968e-02,-5.56577481e-03,3.95352228e-02,6.01640280e-02,-5.72765442e-03
-1.07574210e-02,-5.60635773e-02,-4.28877630e-02,-3.01391951e-02,-3.08777618e-02,-3.52343420e-02,3.08112284e-03,2.82657651e-02,4.98642522e-02,3.34097301e-02,5.53398318e-02,4.86551167e-02,-1.91565675e-02
-4.57003847e-02,-1.57671789e-02,-9.32253625e-03,-2.72012578e-02,-2.77741319e-02,-2.31411389e-02,-3.81734298e-02,-9.35076954e-03,5.12119374e-02,5.67767755e-02,4.32903896e-02,3.39191817e-02,-3.01678674e-02
-3.66266674e-02,2.25806817e-02,2.24349349e-02,-9.35148383e-03,2.20267015e-02,1.48408851e-02,-6.27938451e-03,-4.07962265e-02,4.50172634e-02,2.97313008e-02,-3.94918576e-03,-2.67172025e-03,-7.08625513e-03
-4.44020332e-02,1.31535043e-02,1.12968513e-02,-2.11432427e-02,1.37013735e-02,6.95421250e-02,5.02771566e-02,-3.44088133e-02,4.57452109e-02,3.75982681e-02,-1.77711466e-03,-4.07053769e-02,-5.85969123e-02
-7.06632486e-02,-7.17529641e-03,-4.35622980e-02,-5.16475712e-02,1.40840001e-02,6.62099801e-02,4.43495887e-02,-6.11801648e-02,3.51857743e-02,-8.35748136e-03,-2.59995013e-02,-3.41332982e-02,-6.37328758e-02
-7.08586486e-02,-2.92572343e-03,-3.13906897e-02,-2.32259086e-03,4.66814779e-02,1.01342724e-01,5.92944348e-02,-6.75103043e-02,3.36583853e-02,-5.97040774e-03,9.76799809e-04,-1.67126034e-02,-6.96804934e-02
-6.09318008e-02,2.49866169e-03,-1.91884416e-02,8.66094929e-03,5.20368684e-02,8.75622587e-02,7.06793745e-02,-4.68986268e-02,4.62675553e-02,-1.15378118e-02,5.99296425e-03,-3.56596579e-02,-7.76925723e-02
-6.13986248e-02,-7.28212109e-03,-3.04588601e-02,5.73243479e-03,2.07554358e-02,3.91544724e-02,4.20469018e-02,-2.70532848e-02,5.67212378e-02,-2.39952644e-03,1.21216790e-02,-2.90480082e-02,-6.98114174e-02
-6.19999834e-02,-1.53264260e-02,-1.66222662e-02,1.98039700e-02,2.99664418e-02,5.15138315e-02,5.24457148e-02,-2.21647367e-02,4.21643038e-02,6.01306842e-03,2.17636491e-02,-2.61878311e-02,-6.81795858e-02
-6.46582056e-02,-2.55826294e-02,-3.44130990e-02,2.02078301e-02,1.45179256e-02,3.28864053e-02,2.29518972e-02,-3.00720212e-02,3.54296759e-02,1.45452575e-02,1.53652022e-02,-2.87536679e-02,-6.24799252e-02
-8.59855100e-02,-1.42847206e-02,-2.48693464e-02,1.31870529e-02,1.02626776e-02,3.03652455e-02,7.56502467e-03,-2.12636056e-02,1.75731915e-02,4.53693688e-03,-1.09045393e-02,-4.38677997e-02,-6.90511596e-02
-4.41076533e-02,3.67900100e-02,3.24324759e-03,-3.42800629e-03,3.22391423e-02,4.04414375e-02,-1.30401234e-02,-1.72467260e-02,-6.61595397e-03,-1.61944660e-02,-6.33457468e-02,-7.05292561e-02,-2.93487920e-02
-1.95439736e-02,6.92561479e-02,4.00596459e-02,-1.35406564e-02,3.70314376e-02,5.93673963e-02,1.82570369e-02,4.73975072e-04,-4.79127019e-02,-5.15119197e-03,-5.11710691e-02,-7.02947191e-02,-3.15232800e-02
-1.26295722e-02,5.63095894e-02,1.45871401e-02,-5.42242523e-02,7.31448238e-03,1.68565142e-02,-7.64449528e-03,-3.87252028e-03,-6.96992677e-02,-1.94357472e-03,-2.88909568e-02,-5.56086767e-02,-1.90470519e-02
2.37167695e-02,5.46512237e-02,2.92844583e-02,-4.51898786e-02,-2.00942783e-02,-3.59009784e-04,1.57333693e-02,-8.79635207e-03,-8.22955404e-02,-9.98139135e-03,-4.36417234e-03,-7.65885424e-03,1.88282384e-03
4.47460296e-02,4.38927339e-02,2.97521051e-02,-1.21359520e-02,-1.71627002e-02,-3.10454228e-02,1.75565567e-02,2.46284479e-02,-3.10270564e-02,6.84837213e-03,-6.83556885e-04,1.30478808e-02,1.11874651e-02
8.47089436e-02,6.06485159e-02,1.59123351e-02,-2.95651512e-02,-4.46771663e-02,-7.96746089e-02,-2.97628043e-03,3.39703131e-02,-3.87800036e-02,-1.40848031e-02,7.01228439e-03,4.31626577e-02,3.25606456e-02
7.42147959e-02,4.60754970e-02,2.60783576e-02,-2.03650953e-02,-5.81230177e-03,-7.61211338e-02,2.82140164e-03,4.24388658e-02,-2.19235012e-02,2.01765717e-02,3.40599121e-03,3.57374743e-02,3.62415375e-02
5.58058107e-02,4.65963205e-02,6.84417097e-02,6.20146950e-03,-3.11122081e-02,-9.23805113e-02,-4.62046676e-02,-5.71766100e-03,-5.82452600e-02,3.99412188e-03,3.32002719e-02,5.10732083e-02,6.40116632e-02
9.06816088e-03,-1.67783714e-02,7.54580778e-02,1.42358808e-02,-3.49264251e-02,-8.56086346e-02,-3.51180031e-02,1.42117410e-02,-4.36610520e-02,1.22170872e-02,1.09369425e-02,7.04190021e-02,1.03600886e-01
2.98150859e-02,-9.64903275e-03,1.12073702e-01,-8.25674825e-03,-5.30766846e-02,-6.27029683e-02,-4.98826805e-02,1.88433288e-02,-8.37558789e-02,-5.02123453e-04,-1.04970088e-02,8.37009502e-02,9.70416021e-02
-3.01362430e-02,-4.70706210e-02,9.99243891e-02,-1.03076420e-02,-6.31083405e-02,-6.84358906e-02,-8.48945405e-02,9.59532585e-03,-9.02745475e-02,2.16490087e-03,1.00127828e-02,8.45723445e-02,1.16202974e-01
-2.81221044e-02,-2.41591233e-02,1.16082531e-01,-5.36123633e-03,-8.53399740e-02,-6.41427640e-02,-1.05123434e-01,1.69793742e-02,-1.01079910e-01,-7.54402988e-04,2.98049159e-02,7.81662683e-02,1.06204742e-01
6.51387377e-03,-4.69297744e-02,1.17772702e-01,-2.12916395e-02,-8.18454849e-02,-6.65302799e-02,-1.13428277e-01,1.79920032e-02,-9.53389700e-02,1.19478933e-02,3.82625062e-02,7.70696832e-02,9.65976801e-02
2.29309615e-02,-5.94935428e-02,1.03247219e-01,-1.61921266e-02,-8.28897913e-02,-5.06945068e-02,-8.77819547e-02,3.26713172e-02,-4.35795614e-02,4.16820077e-02,5.74043160e-02,4.10607805e-02,5.95352554e-02
1.15894329e-02,-7.12946557e-02,2.61311088e-02,-3.42610095e-02,-7.49827853e-02,-5.31465339e-02,-9.70281434e-02,1.12912368e-02,-3.05662954e-02,4.85820568e-03,5.58354518e-02,-4.68643298e-03,4.50541274e-02
2.12992753e-02,-5.56321008e-02,7.52273458e-03,-2.15987915e-02,-8.29452927e-03,-3.98793247e-02,-6.79538642e-02,3.38333333e-03,-1.90157425e-03,2.58874416e-03,2.66277548e-02,-6.59988584e-02,-8.39749276e-03
3.09055901e-02,-4.81838738e-02,7.68572928e-03,7.53894781e-03,4.66912685e-03,-2.30935630e-02,-5.01892426e-02,2.78780472e-03,1.26202392e-02,-1.75032638e-03,3.04864934e-02,-9.38114967e-02,-3.01998651e-02
2.93119085e-03,-5.23850673e-02,-2.85507884e-02,2.05740234e-03,2.12850897e-02,-2.03010066e-02,-2.40738614e-03,1.20290805e-02,2.92492250e-02,4.94890894e-03,3.30526985e-02,-7.68408607e-02,-1.46094271e-02
2.50860396e-02,-1.46507802e-02,-1.70840008e-02,1.78242001e-03,3.35743001e-02,-1.16063103e-02,3.59168974e-02,1.25733333e-03,6.45222845e-04,-3.36550962e-03,1.09735373e-02,-7.03694784e-02,-3.16502857e-02
1.08621601e-03,-3.45693327e-02,-5.54729627e-02,-4.25617979e-02,1.56539943e-02,-1.86379498e-02,3.89609645e-02,-4.94860243e-03,-2.35014507e-03,-9.04251935e-03,1.68198829e-02,-3.82838370e-02,-2.06353140e-02
2.02962028e-02,3.38974411e-03,-3.09947697e-02,-5.05737676e-02,8.70156255e-03,-1.01041148e-02,6.38008643e-02,1.75722879e-02,5.73009992e-03,-1.55857130e-02,4.80542350e-04,-1.01123405e-02,-1.34331002e-02
3.02030104e-02,4.13963236e-02,-2.71856859e-02,-5.99050194e-02,2.34140962e-02,1.11614798e-02,4.43988340e-02,-1.30684009e-02,-1.63543788e-02,-2.89295979e-02,-3.19846741e-02,1.11763553e-03,-7.41784633e-03
5.97234384e-02,9.02596093e-02,1.78276246e-03,-6.01632385e-02,3.37273030e-02,5.13797971e-02,4.72150253e-02,-1.27931218e-02,-2.59771525e-03,8.24105533e-03,-1.43551369e-02,5.84212124e-03,-3.20882060e-03
1.81668914e-02,5.73515179e-02,-4.51882500e-02,-7.73563654e-02,8.44021301e-03,4.56751037e-02,3.35147574e-03,-3.71020581e-02,-1.41088109e-02,1.15425968e-02,-2.92491612e-03,-7.84316135e-03,1.43758062e-02
5.01628630e-03,5.12993128e-02,-3.47027260e-02,-4.18432300e-02,1.98992124e-02,3.83224779e-02,-8.51415262e-03,-5.67448535e-02,-2.90966104e-02,-5.64587303e-03,1.66844132e-03,-1.24273229e-02,-2.54527815e-04
4.91513459e-03,1.62013182e-02,-3.73475638e-02,5.47251738e-03,3.31844526e-02,5.66896158e-02,-4.46867648e-03,-2.00995531e-02,-9.15261829e-03,4.36241156e-03,-9.89527542e-03,-1.99966027e-02,1.03183632e-02
-1.54030683e-02,-3.42593996e-03,-8.25018794e-02,1.69431999e-02,2.94797319e-02,4.79813345e-02,-1.28258667e-02,-9.11522006e-03,-3.17971683e-02,-1.71850555e-02,-4.81097767e-03,-1.40656237e-02,6.08060157e-03
-4.11960474e-02,-6.30236635e-04,-8.92563470e-02,6.40893463e-02,5.20436814e-02,3.20678174e-02,1.43096673e-03,-9.79421425e-03,-3.22744417e-02,-2.51402708e-02,-3.46866525e-03,-2.28685770e-02,4.39738912e-03
-6.29365860e-02,-3.26173044e-02,-1.09408846e-01,4.39382425e-02,1.37452803e-02,3.94393601e-03,5.82873794e-05,-1.46649819e-02,-4.42216877e-02,-4.24654124e-02,-9.91556514e-03,1.11121042e-02,1.57032387e-02
-4.42851340e-02,-4.44198895e-02,-7.91335383e-02,3.44065540e-02,1.06710317e-02,5.07280272e-03,2.92046223e-02,2.03266732e-02,1.29492275e-02,-1.97652170e-02,1.40577265e-03,3.15417098e-02,2.82331805e-02
-3.27746461e-02,-1.84661484e-02,-4.44727969e-02,1.75512413e-02,-1.74921557e-03,-3.22825584e-04,4.37793408e-02,-6.79639782e-03,1.10709260e-02,-3.72494533e-02,-1.48472645e-02,1.61442204e-02,1.60383355e-02
-1.52844019e-02,-1.26542059e-02,-1.76431495e-03,3.03642106e-02,2.53017579e-02,1.67135362e-02,5.98297650e-02,-1.39683893e-02,4.46309787e-02,-4.11029678e-03,9.22305239e-03,2.29563133e-02,3.09814073e-02
-1.15986119e-02,-1.58356203e-02,1.72201998e-02,2.57027389e-03,4.24530839e-03,1.50145170e-02,4.27635695e-02,-2.35738859e-02,5.17057605e-02,1.38214458e-02,2.24801165e-02,9.83866406e-03,3.11716546e-02
-3.43835514e-02,-8.65484807e-03,3.46824438e-02,-5.66331977e-03,1.57967175e-02,2.58262631e-02,7.77490639e-02,-6.56575553e-04,8.72198213e-02,5.33615608e-02,2.61997643e-02,1.34669286e-02,1.58897436e-02
-8.09560119e-03,1.37365505e-02,4.93885580e-02,2.73490599e-02,4.29944730e-02,5.53708894e-02,8.69210372e-02,8.83414577e-03,7.62545604e-02,6.37978895e-02,8.93601892e-03,1.28258403e-02,1.18889921e-02
3.78054806e-03,4.78905955e-03,2.31059062e-02,5.07549967e-02,6.40628528e-02,6.81943749e-02,7.16791620e-02,3.82581615e-02,4.83812864e-02,2.95690250e-02,-6.47327399e-03,2.92747838e-02,6.14735164e-03
1.45369427e-02,1.08001592e-02,-1.45079676e-03,9.20832880e-02,1.06551707e-01,8.83236791e-02,7.24017608e-02,3.35203895e-02,1.20759849e-02,1.65214655e-02,2.05502463e-02,4.46694317e-02,-1.10312587e-02
-2.02810158e-02,-1.83147614e-02,-2.82707177e-02,1.15590510e-01,1.09811822e-01,7.07966664e-02,3.68089432e-02,1.68249811e-02,-5.47871107e-02,-3.93652758e-02,7.17417023e-03,7.64457925e-02,-1.46638993e-02
-1.52884802e-02,-9.97365169e-03,-2.63411933e-02,1.11178565e-01,1.16587198e-01,7.68097661e-02,4.40436884e-02,4.72323050e-02,-3.78198764e-02,-3.88610936e-02,8.02737036e-03,8.04487737e-02,-4.77432494e-02
9.52200383e-03,1.01801645e-03,-3.42495494e-02,6.91770539e-02,6.73884779e-02,4.39539579e-02,1.29059905e-02,2.52639674e-02,-2.74143367e-02,-2.61115674e-02,1.24545713e-02,6.49445300e-02,-7.57204572e-02
3.08128216e-02,1.14783368e-04,-2.71925180e-02,4.78981715e-02,4.19186863e-02,2.35669269e-02,-7.17911566e-06,4.55758284e-03,-4.16024692e-02,-2.94530611e-02,2.35073342e-02,8.79712319e-02,-8.42767413e-02
5.53136532e-02,5.46408688e-03,-1.10645393e-02,-7.72074225e-03,9.92414752e-03,-5.50538727e-03,-3.91293931e-02,-4.02318576e-02,-5.51476226e-02,-3.90941272e-02,4.32351691e-03,4.95884992e-02,-1.03215994e-01
2.72234485e-02,6.74429323e-03,1.60401615e-02,-4.23093314e-02,1.56844795e-02,-9.03887665e-03,-2.53595584e-02,-2.61604445e-02,-2.11473650e-02,-1.40405115e-03,-9.63735815e-03,4.53747047e-02,-9.00756979e-02
3.99416979e-02,4.33005242e-02,1.68465929e-02,-5.12881688e-02,2.88267647e-02,-1.55676640e-02,-3.87240464e-02,-4.64188647e-02,-3.86096454e-02,-1.64152635e-02,-5.20579450e-02,2.39639727e-02,-5.88416131e-02
4.48880816e-02,6.97885730e-02,6.68604195e-03,-6.02287449e-02,2.28846646e-02,-3.93753149e-02,-6.24521194e-02,-4.38815735e-02,-3.25212910e-02,-2.02156229e-02,-5.58439624e-02,3.98268586e-02,-3.90452058e-02
5.28417555e-02,6.92586260e-02,-2.24748116e-02,-7.84088375e-02,2.11454702e-02,-6.42876485e-02,-6.78059582e-02,-3.79141965e-02,1.15090697e-02,-2.10246612e-03,-4.16821425e-02,4.82173745e-02,-1.66760374e-02
1.56258618e-02,7.62739158e-02,3.07899750e-04,-4.49354746e-02,2.96581880e-02,-6.73210045e-02,-9.44249857e-02,-3.63945935e-02,6.42197954e-03,-3.70780887e-02,-1.27285223e-02,7.13204293e-02,4.08431993e-03
-9.27165139e-03,7.52743008e-02,1.55609907e-02,-1.54392543e-02,5.33382459e-02,-3.97580594e-02,-7.53805601e-02,-1.50611439e-02,1.03028953e-02,-4.92009465e-02,-1.89493093e-02,3.84380277e-02,1.42020401e-02
-2.80409474e-02,6.24185128e-02,2.02965227e-02,6.36923521e-03,2.60671667e-02,-5.58164097e-02,-6.27908477e-02,-1.55321347e-02,3.03019870e-02,-2.10309443e-02,-7.02688642e-03,2.34572197e-02,1.71117391e-02
-1.66911106e-02,4.84481221e-02,7.66327731e-03,-5.24661508e-03,-1.37918880e-02,-4.53776069e-02,-6.26188010e-02,-2.86688611e-02,1.12748434e-02,-2.45001118e-02,-8.79592885e-03,1.69729456e-02,-1.38306579e-02
-2.75490085e-03,5.43538353e-02,1.82013536e-02,-3.34834416e-02,-3.86649225e-02,-3.15735239e-02,-3.68011649e-02,-2.66362680e-02,8.56999316e-03,-1.59039073e-02,-3.88355676e-03,-2.00241231e-02,-4.16535040e-02
-7.92727681e-03,3.48952848e-02,3.32533110e-02,-2.44787409e-02,-3.10263678e-02,1.77259411e-02,-9.17246549e-03,-4.67600117e-03,1.27863793e-02,-9.41953410e-04,2.14625757e-02,-2.35465698e-02,-4.29332508e-02
-2.13170291e-02,2.04690580e-03,1.15291565e-02,-1.76046223e-02,-3.38254631e-02,2.11627457e-02,1.18340830e-02,-2.18662342e-02,-5.73836788e-03,-1.82905992e-02,-2.72180531e-03,-3.50490904e-02,-2.81296738e-02
7.84016469e-03,7.08467026e-03,1.13067395e-02,-2.49112130e-04,-2.85068590e-02,1.73864600e-02,4.29255602e-02,-3.01642063e-02,-2.65361878e-02,-3.83532527e-02,-8.78442339e-03,-1.74041019e-02,6.65604569e-03
1.87435338e-02,-3.89989368e-02,-9.26411028e-03,-1.20449045e-02,-2.49403752e-02,8.13522951e-04,4.91917275e-02,-4.38405291e-03,1.97940286e-02,-1.92133065e-02,-1.71892972e-02,-2.27567023e-02,1.56118167e-02
3.77388980e-04,-3.16105443e-02,9.46106131e-03,-1.87280729e-02,-4.82962417e-02,-6.93516177e-03,5.04568423e-02,2.33651732e-03,4.07800701e-02,-3.58115694e-04,2.29099955e-02,7.46212999e-03,3.37785650e-02
1.71574885e-02,-4.54662977e-02,1.09599022e-03,1.78424539e-03,-4.54050433e-02,3.79815142e-03,3.33483119e-02,9.60642027e-03,5.08458400e-02,-4.21382705e-03,3.38673835e-02,-2.83509190e-03,6.04187697e-02
-1.07564171e-02,-5.13911920e-02,3.68459251e-03,2.55582087e-02,-4.23246397e-02,-2.69378016e-03,4.80671509e-02,1.20456276e-02,2.15015866e-02,-9.21050027e-03,6.13680055e-03,-4.46196399e-03,5.70428628e-02
-7.25398131e-02,-7.64598936e-02,1.47904173e-02,4.73396632e-02,-5.65041161e-02,2.32099175e-03,4.04306211e-02,-1.44782837e-02,-1.76260771e-02,1.71210550e-02,-6.08157970e-03,-1.95021616e-02,5.19673538e-02
-5.35835977e-02,-3.55121901e-02,4.48710225e-02,2.97052703e-02,-1.02719800e-01,1.46392772e-02,3.84517143e-02,-6.87010111e-03,-6.04902115e-02,2.64236777e-02,1.14917015e-02,-3.02535682e-02,4.23335937e-02
-5.96184087e-02,-1.91179531e-02,6.00537971e-02,1.35167985e-02,-1.00993147e-01,5.13510463e-02,2.18030980e-02,-5.22094025e-03,-9.98696244e-02,1.35665112e-02,3.51942768e-02,-1.93147713e-02,3.77190700e-02
-5.95493062e-02,-4.02523224e-03,6.93155845e-02,-1.84499598e-02,-1.32700607e-01,4.68982080e-02,1.60843279e-02,5.79602515e-03,-8.70999350e-02,3.37055115e-02,4.50493755e-02,-1.98966425e-02,7.60109145e-03
-3.94278548e-02,-9.72757589e-03,5.83972736e-02,-9.38344345e-03,-1.29827084e-01,2.39182024e-02,-2.92121547e-03,-8.57032855e-03,-8.88063948e-02,1.87602834e-02,2.22528869e-02,7.26766756e-03,3.28914311e-02
-8.24082214e-03,-1.53504436e-02,4.79521597e-02,-5.49131346e-03,-1.16557514e-01,1.71005870e-02,-3.86260679e-02,-3.77629605e-03,-7.15868177e-02,2.08243184e-02,6.16603953e-03,-1.22665683e-02,2.43136940e-02
-1.52579808e-03,-8.30911061e-03,5.34486255e-02,-1.65568177e-02,-7.99234271e-02,8.27242589e-03,-4.24295817e-02,-2.22344966e-02,-3.40973345e-02,5.49401781e-02,3.21441813e-02,-1.35398772e-02,4.56084998e-02
2.40820515e-02,-1.59898040e-02,1.60842960e-02,-3.68506315e-02,-6.32965580e-02,-1.77423460e-02,-5.33471423e-02,-1.72881182e-02,5.09051658e-03,4.36438793e-02,3.36504038e-02,-4.40059038e-03,4.70480329e-02
1.78175105e-02,-4.49371665e-02,-3.46030662e-02,-4.07617938e-02,-2.66919497e-02,-3.21893500e-02,-6.85267730e-02,-2.24215707e-02,-2.69770872e-03,1.09150263e-02,1.07953951e-02,-1.07451818e-02,2.76333024e-02
-1.99389529e-02,-5.28723825e-02,-1.68940388e-02,-2.86396078e-02,-7.13905280e-03,-3.98200992e-02,-3.43656804e-02,-2.62760720e-02,-1.11298899e-03,2.88929810e-02,2.49632819e-02,-2.07263566e-02,1.87169128e-02
6.69724420e-04,-6.23868520e-02,-2.67959033e-02,-2.66962760e-02,-6.31665213e-03,-2.88570450e-02,-2.84246757e-02,-1.53060768e-02,-2.59262560e-02,6.99484351e-03,2.78295931e-02,-2.70103666e-02,2.48950195e-02
1.01600253e-02,-3.85176044e-02,7.86246970e-03,-7.55041552e-03,8.94250870e-03,-1.65493178e-02,-2.64649346e-02,-1.62976033e-02,-5.95580490e-02,-1.22366552e-02,2.85509481e-02,-3.24970589e-02,1.27757602e-02
4.64169259e-02,-2.91222427e-02,4.07557901e-02,-9.45950256e-03,-5.32180980e-03,-2.65940460e-03,-1.17708146e-02,1.89220223e-02,-3.13578313e-02,-4.33193522e-03,1.82667296e-02,-4.46454712e-02,1.60984572e-03
4.10647673e-02,-5.87245732e-02,4.46133204e-02,-1.26810151e-06,-2.37237556e-03,9.04510592e-03,-2.82647994e-02,1.72403263e-02,-4.62551233e-02,-3.38930926e-02,-5.25311167e-03,-3.59382266e-02,2.09117772e-02
5.44520532e-02,-5.86457942e-02,3.63070583e-02,4.76535636e-04,-9.49216136e-03,3.46931231e-03,-3.93657415e-02,3.45308961e-02,-4.32858309e-02,-2.03164625e-02,-7.42686974e-03,-4.56609382e-02,7.75651646e-03
5.65839891e-02,-1.69427608e-02,5.95333292e-02,9.24043299e-03,1.75252437e-02,2.22159511e-02,-3.46505253e-02,4.39958633e-03,-3.44466283e-02,1.01527134e-02,1.92062347e-02,-3.35413788e-02,1.01860152e-02
5.20262777e-02,1.45238599e-02,7.78818384e-02,2.78572333e-02,4.22677323e-02,1.41719623e-02,-3.55688014e-02,3.88548775e-03,-4.59589298e-03,9.45590729e-03,-9.15957205e-03,-1.38755454e-02,1.01122395e-02
1.64272979e-02,6.92728261e-03,4.79659298e-02,3.24422558e-02,5.90705822e-02,6.64664744e-03,-3.51289086e-02,-4.86191902e-03,1.00932275e-02,2.16111083e-02,-1.12798536e-02,1.63576745e-02,-4.94400343e-03
-9.36579801e-03,3.52744078e-02,3.76456487e-02,9.89989778e-03,4.66286925e-02,-1.91687547e-02,-1.48248985e-02,-2.23470315e-02,3.05430352e-02,4.47015704e-02,-4.29955773e-03,2.49331747e-02,-3.26399534e-02
-3.33243438e-02,1.43209120e-02,6.93591644e-03,-1.30848475e-02,4.41593230e-02,-2.14357267e-02,2.60302756e-02,-4.22507273e-03,2.35042676e-02,2.24371695e-02,1.40419510e-03,6.65991754e-02,-1.48622056e-02
-5.66731995e-02,3.94652235e-02,-9.63085457e-03,-2.15106337e-02,3.18384908e-02,-2.42663322e-02,5.05027839e-02,-8.82719964e-03,3.55404867e-02,2.92606636e-02,6.68416955e-03,5.44039530e-02,-4.12842836e-02
-5.03653152e-02,5.23829027e-02,-2.70189699e-02,-9.84908542e-03,1.54429780e-02,-3.30134904e-02,7.50660760e-02,-1.00676870e-02,3.71355889e-02,2.99432658e-02,4.01584281e-04,4.97894464e-02,-4.30927977e-02
-5.06316462e-02,4.12309275e-02,-3.91905125e-02,-7.68543105e-03,1.20756961e-02,-4.18279880e-04,7.66404359e-02,-2.25505508e-02,2.46850345e-02,-4.11497287e-03,-2.84666549e-03,2.59386334e-02,-1.07998712e-02
-7.93978162e-02,-6.27536461e-03,-7.24701902e-02,-2.18247003e-02,-2.11036473e-02,-2.77842337e-02,7.00995594e-02,-7.68147652e-04,4.81615772e-02,-3.55351880e-03,9.45248832e-03,1.52209521e-04,6.34296691e-03
-1.02952478e-01,-1.46969468e-02,-7.86943045e-02,-3.11790806e-02,-5.63472294e-02,-2.91404938e-02,4.81106711e-02,-2.38909146e-02,2.81676650e-02,-2.34712128e-02,1.09226628e-02,-1.20295964e-02,3.10524446e-02
-7.35096892e-02,-2.95433277e-02,-4.90762075e-02,5.58547831e-03,-3.73716511e-02,-8.80353454e-03,3.76465705e-02,-8.03437623e-03,1.84003138e-02,-4.86171301e-02,4.35912660e-03,5.46596654e-03,4.86705230e-02
-3.94923890e-02,-5.82249647e-02,-5.22109249e-02,1.47110023e-02,-3.72873602e-02,-7.68934036e-03,2.24091702e-02,4.45062110e-03,1.02313320e-02,-8.12365333e-02,1.19106544e-03,9.14978281e-03,6.13475959e-02
-3.93015981e-03,-5.02528777e-02,-3.51357372e-02,4.89353032e-02,-1.17605519e-02,-1.33533791e-03,1.26577865e-02,2.29660715e-02,1.38061151e-02,-7.04957738e-02,-2.07121159e-02,-1.58323119e-02,5.89886379e-02
5.34319239e-02,-4.00593047e-02,-1.33422538e-02,4.69340907e-02,-7.77275175e-03,4.31723195e-03,4.10627907e-02,6.24869030e-02,1.46075781e-02,-5.71131545e-02,-1.17925041e-02,1.50300909e-02,6.63677766e-02
9.20108096e-02,-1.70900157e-02,-6.16710593e-03,1.30608926e-03,1.66242460e-03,2.18777988e-02,5.95952337e-02,7.48530095e-02,2.49837754e-02,-2.85594074e-02,-7.67069683e-03,6.28372980e-03,4.72175046e-02
8.93357903e-02,5.19733427e-02,-2.83887824e-03,3.45630005e-02,3.74918211e-02,5.10214941e-03,8.44765103e-02,9.40544051e-02,1.34340040e-02,3.49512309e-03,-4.57271890e-02,-6.39889563e-03,6.95934331e-03
8.37108906e-02,6.87576818e-02,-3.81953395e-02,3.76697880e-02,6.22679404e-02,4.35302669e-02,6.56912504e-02,6.56196376e-02,1.82899928e-02,3.04846995e-02,-4.94595175e-02,-3.99493226e-02,-2.88842413e-02
5.76867257e-02,6.82958085e-02,-2.13142667e-02,4.74492557e-02,7.87054103e-02,4.68887075e-02,4.24076453e-02,7.93752911e-02,6.96970450e-02,4.07846088e-02,-5.75605924e-02,-6.44053028e-02,-4.97731688e-02
2.12980137e-02,9.23129079e-02,-4.34812203e-02,1.66036131e-02,7.45407987e-02,5.41802314e-02,-2.89420082e-02,5.68473537e-02,1.13434943e-01,5.82509295e-02,-8.29934232e-02,-1.00636333e-01,-7.45663573e-02
-1.62293706e-02,8.31532877e-02,-5.19101775e-02,-2.43159131e-03,1.04007307e-01,7.21613230e-02,-3.99820192e-02,4.78485482e-02,1.19687196e-01,4.92100940e-02,-7.15213366e-02,-5.70778667e-02,-6.62651637e-02
-1.16524369e-02,6.47287559e-02,-7.32102312e-02,-1.94382772e-02,7.24322358e-02,5.28478401e-02,-6.16885284e-02,2.35301588e-02,1.21062282e-01,1.87063545e-02,-5.83411774e-02,-5.01027942e-02,-5.98525247e-02
7.97941258e-04,3.80214081e-02,-6.17834773e-02,-3.02826292e-02,6.17153210e-02,5.62985697e-02,-4.54936341e-02,3.52195772e-02,1.20854858e-01,2.01880465e-02,-5.47064172e-02,-4.51813407e-02,-5.95152804e-02
6.85125071e-03,3.51505311e-02,-6.65135956e-02,-5.08802094e-02,3.24848260e-02,2.93330367e-02,-1.66912532e-02,4.51171217e-02,8.89289544e-02,-2.31574487e-04,-3.27827948e-02,-3.32864529e-03,-3.44000066e-02
1.00842752e-02,-1.43113876e-03,-5.26508100e-02,-7.77936940e-02,9.22549932e-04,7.84024122e-03,1.89807513e-02,4.21978869e-02,5.51409111e-02,1.56765190e-02,2.44577476e-02,2.23073441e-02,-3.58969051e-04
6.46482075e-03,2.73111489e-03,-4.80917334e-02,-6.91003964e-02,-1.59901538e-02,-2.86671392e-02,4.04878816e-02,4.70492550e-02,1.34365613e-02,3.49791674e-02,1.15034447e-02,3.19026623e-02,-6.14648197e-03
-3.67294438e-02,-3.60109553e-02,-6.26881803e-02,-6.59104756e-02,-4.41287867e-02,-2.86153383e-02,5.28534911e-02,3.06460711e-02,-1.97256191e-02,5.05932600e-02,3.99577505e-02,4.65228144e-02,-6.16118344e-03
-6.91173478e-02,-6.51784068e-02,-1.97985898e-02,-4.32100360e-02,-5.14773233e-02,-4.47308182e-02,2.18911092e-02,-1.59623220e-02,-3.99685180e-02,1.50886306e-02,3.25283830e-02,3.68940915e-02,4.98873966e-04
-6.62937283e-02,-4.24476104e-02,-1.54767559e-02,-3.93151083e-02,-5.11565871e-02,-3.96271864e-02,-4.14505298e-02,-4.96697675e-02,-6.91377501e-03,2.30925797e-02,3.75435024e-02,3.02120612e-02,-3.43231128e-02
-6.60259347e-02,-3.42127207e-02,9.08996250e-03,-1.89980018e-02,-2.52044677e-02,-1.36422265e-02,-6.05544784e-02,-7.66822037e-02,-5.55549926e-03,5.19841440e-03,3.16496967e-02,4.26671863e-02,-3.97381035e-02
-4.17406181e-02,8.94310420e-03,3.21650462e-02,3.29099968e-02,-1.69713833e-02,-3.00915197e-04,-7.55544215e-02,-9.64023384e-02,1.77788839e-02,-2.26323315e-02,3.42231812e-02,4.55538239e-02,-3.84111588e-02
6.73682148e-03,2.35000808e-02,4.94019648e-02,5.83445404e-02,-2.95582774e-03,6.84212094e-03,-6.66254837e-02,-9.14876348e-02,5.74414527e-02,-1.62459932e-02,2.87552170e-02,2.43703195e-02,-4.75775143e-02
3.49023044e-02,7.08382844e-02,5.65790855e-02,6.40297021e-02,-6.87180704e-03,-1.08186997e-02,-5.47552795e-02,-6.68008603e-02,3.78043767e-02,-4.20383361e-02,1.34534613e-02,3.29416618e-04,-5.49171493e-02
1.68947095e-02,4.18932866e-02,5.33815726e-02,8.18193920e-02,6.71681959e-03,-1.49137071e-02,-1.12195602e-02,-3.23897525e-02,3.17229254e-02,-2.75951830e-02,1.83247238e-02,-2.07105844e-02,-3.89122600e-02
9.82353795e-03,2.89018482e-02,2.31640998e-02,4.54066335e-02,-3.84667999e-03,1.68448854e-02,1.48736172e-02,-3.06894272e-02,1.49772032e-02,-3.11444116e-02,2.64713930e-03,-4.64497911e-02,-3.06220264e-02
-2.63992568e-02,-1.14793494e-02,1.73556545e-03,3.46683659e-02,3.98683273e-03,5.51679790e-02,6.13972653e-02,9.58984980e-03,2.58947377e-02,-1.78068816e-02,-6.59260962e-03,-4.86163564e-02,-1.41799933e-02
-2.99305027e-02,-4.65700620e-03,2.10392183e-03,-3.74382247e-03,-2.50017611e-02,4.58566280e-02,5.74575796e-02,-2.94743200e-02,-2.59687670e-02,-2.63050123e-02,-5.14506797e-02,-6.85121407e-02,-2.59333046e-02
-3.15854212e-02,6.97303328e-04,-1.33199962e-02,-2.02977697e-02,3.90922293e-03,5.19436924e-02,4.16156308e-02,-4.12144205e-02,-1.40156122e-02,7.39606237e-03,-2.78045886e-02,-6.41028334e-02,-2.83952460e-02
-1.96188681e-02,5.06068367e-02,-1.99905115e-04,-5.80848541e-02,-1.15821426e-02,5.02109644e-02,3.27303119e-02,-5.26687965e-02,-3.18927670e-02,3.14667359e-02,-2.95252625e-02,-7.03271722e-02,-3.65197234e-02
-1.98875774e-02,5.13686624e-02,-8.99259241e-03,-7.23644690e-02,-1.54466607e-03,2.64488756e-02,6.93835287e-03,-6.70704676e-02,-6.52921910e-02,2.52437769e-03,-4.65655022e-02,-6.91492451e-02,-3.21434518e-02
-5.12933997e-03,4.67865744e-02,-6.95222407e-03,-4.80577148e-02,2.87164208e-02,2.17231336e-02,2.25646146e-02,-3.52514105e-02,-4.36097647e-02,1.56998350e-02,-3.35291217e-02,-4.91858132e-02,-2.24094135e-02
2.14898043e-02,5.25667984e-02,-3.19791153e-03,-3.43230728e-02,-4.98310955e-04,-2.86591961e-02,6.16491389e-03,-5.02246743e-03,-3.64180795e-02,-4.86236941e-03,-3.77205601e-02,-4.23092253e-02,-7.23254967e-03
1.25598784e-02,-5.62639496e-03,-3.39825530e-02,-4.57263764e-02,-5.91498623e-04,-5.58230413e-02,4.19714910e-03,2.79148515e-02,-2.08772327e-02,1.11570109e-02,-1.63326665e-02,-8.65390381e-03,9.41391174e-03
9.81919982e-03,-3.05992900e-02,-1.61068289e-02,-4.69961120e-02,1.90598089e-02,-6.82176759e-02,1.90583861e-02,8.09086842e-02,1.44799812e-02,2.07552498e-03,-7.51325338e-03,4.26844158e-02,7.04436554e-02
-2.14094915e-02,-5.94447085e-02,1.42713009e-02,4.00689919e-03,4.67077526e-02,-3.80524037e-02,5.23411985e-02,1.28844641e-01,3.52481417e-02,-3.81428950e-02,-3.73620063e-02,7.40683615e-02,1.00345576e-01
2.23898018e-02,-4.80704034e-02,4.58142552e-02,3.99990209e-02,1.48081160e-02,-4.93319412e-02,4.20352433e-02,1.26106469e-01,1.73535119e-02,-5.10584809e-02,-5.84120238e-02,7.32395876e-02,7.50473455e-02
2.84641287e-02,-4.99169833e-02,5.42341725e-02,7.06937044e-02,5.24590609e-02,-2.66730480e-02,4.35027374e-02,1.48836689e-01,5.68431775e-02,-4.17437098e-02,-4.52800209e-02,8.97450719e-02,8.68654844e-02
5.63913248e-02,2.45329176e-02,9.35573437e-02,8.98421756e-02,4.59987407e-02,-2.21913512e-02,3.61209093e-02,1.14322360e-01,2.86664818e-02,-4.12714187e-02,-3.18494357e-02,9.40107350e-02,7.25705655e-02
5.00794512e-02,1.83129323e-02,9.53264701e-02,6.05853803e-02,2.76177007e-02,-5.94354960e-02,7.90622634e-03,8.14794770e-02,-2.21773573e-02,-5.24693642e-02,-4.02954018e-02,4.64123359e-02,1.56696773e-02
7.32116639e-02,4.86316549e-02,1.08982982e-01,5.58952508e-02,2.23957233e-02,-3.71615901e-02,2.61186369e-02,7.46319949e-02,-5.61743010e-02,-4.60808976e-02,-1.82363137e-02,2.13546031e-02,-1.81694460e-02
5.97738967e-02,3.98863521e-02,8.26739205e-02,3.94509119e-02,2.93162006e-02,-3.08856502e-02,1.60144147e-02,4.42852620e-02,-5.06991657e-02,-4.50706841e-02,2.17318628e-03,1.64595775e-02,-4.19708696e-04
7.34808060e-02,2.28906408e-02,2.91676969e-02,4.37222276e-04,6.98512385e-03,-3.11875370e-02,1.23720259e-02,-4.73016592e-03,-8.30782758e-02,-1.92027526e-02,2.79603196e-02,-7.62777359e-03,-3.09939758e-02
7.80019475e-02,2.41121864e-02,1.80863160e-02,-1.97710668e-02,3.05071557e-02,-3.11466164e-02,2.87624154e-02,1.44349067e-02,-6.07760612e-02,-6.26867570e-03,2.30225116e-02,-9.83532512e-03,-2.68313544e-02
2.69555062e-02,4.91882778e-03,8.53261763e-03,-1.77314086e-02,2.68869129e-02,1.37830829e-02,6.16909518e-02,3.24827083e-02,-4.03619256e-02,-7.55888531e-03,2.72158443e-02,9.84130277e-03,-7.71692786e-03
7.58515846e-03,-4.47848308e-03,2.05753313e-02,2.60753574e-03,-3.53524145e-03,5.16127216e-02,7.67391301e-02,4.14824473e-02,-3.83701956e-02,-2.90936890e-03,2.08900190e-02,-1.75120159e-02,-3.33219533e-02
-1.82924259e-02,-2.88601459e-02,4.77528318e-03,1.01252268e-03,-2.07348480e-02,6.40449772e-02,7.61000579e-02,5.60590877e-02,-2.11255295e-02,-1.84716853e-02,1.34142523e-02,-2.43319346e-02,-3.10559608e-02
1.29359861e-02,-2.04963585e-02,1.96168083e-02,4.18535329e-02,-2.18412001e-02,5.32523384e-02,5.34298909e-02,1.94420145e-02,-2.70931013e-02,-2.14624047e-02,-1.29538914e-02,-2.63223971e-02,-1.33462814e-02
-3.91158622e-02,-4.62345991e-02,1.35955357e-02,5.85750809e-02,-3.61944122e-02,2.06640825e-02,3.45083392e-02,1.48997770e-03,-1.05069167e-02,-1.16492735e-02,-2.74305456e-02,-2.94856519e-02,-3.37204960e-02
-1.92663897e-02,-3.26201690e-02,2.63086664e-02,6.28133273e-02,-5.43042988e-02,2.12444652e-03,2.89387097e-02,-6.27075886e-03,-1.35703534e-03,-2.72798168e-02,-1.96838301e-02,-2.22799967e-02,-3.14302554e-02
5.89067536e-03,-5.46856337e-02,2.68527158e-02,4.32757973e-02,-1.54428622e-02,-3.62848463e-03,1.68701304e-02,-2.28988810e-02,3.68726988e-02,-1.09169433e-02,4.98645754e-03,1.21577918e-02,-1.77023909e-02
5.14356553e-02,-5.15452300e-02,5.73599711e-02,6.64400855e-02,-2.48651993e-03,-3.62488695e-02,-9.30658164e-03,-5.11148362e-02,3.83736459e-02,-1.89233480e-02,1.40856043e-02,7.97089866e-03,-1.04216626e-02
6.43572487e-02,-1.85729613e-02,6.72054267e-02,5.05845385e-02,3.39567594e-02,-5.41834375e-02,-2.84980611e-02,-5.83783397e-02,3.75944545e-02,-4.39472476e-02,2.61807477e-03,4.42814263e-03,-1.37832510e-02
4.59246958e-02,-2.04773955e-02,6.80094426e-02,3.25526722e-02,2.46617564e-02,-5.22885396e-02,-3.84548516e-02,-2.65460551e-02,7.13827840e-02,-1.72884380e-02,2.96523564e-02,1.88831479e-02,-2.54825136e-03
2.22999480e-02,-6.14000769e-03,7.66886090e-02,1.77975288e-02,1.76665281e-02,-1.95182016e-02,-3.85463891e-03,1.22876931e-02,7.87170701e-02,7.18966682e-04,2.09608338e-02,3.45015619e-02,-1.83769373e-02
2.29735770e-02,7.43512132e-03,7.02921965e-02,1.01305299e-02,5.06796946e-04,6.10055482e-03,1.41021313e-03,-2.37984173e-03,3.31677454e-02,-1.72513239e-02,7.11696911e-03,2.49161805e-02,-4.14468572e-02
3.81505827e-02,4.72566476e-02,6.55556081e-02,-1.85254460e-02,-3.61354378e-02,9.86978475e-03,1.07779484e-02,-4.07875309e-03,-6.77810631e-03,-7.78257481e-03,-1.09774691e-02,4.85348709e-03,-2.84535994e-02
9.22310720e-03,3.83720500e-02,1.34651932e-02,-1.82320332e-02,-2.37050187e-02,2.40229906e-02,1.90730304e-02,-1.35632051e-02,-2.45890658e-02,1.77215223e-02,-2.75889066e-02,-3.69002769e-03,-6.16776951e-03
-1.23892710e-02,4.98723520e-02,5.16949833e-03,-1.75855248e-02,-1.92551548e-02,2.56588588e-02,2.03502516e-02,-2.72742116e-02,-6.64288191e-02,-4.75979175e-03,-3.54144442e-02,6.31509644e-03,3.16822430e-02
-7.04235388e-03,3.58572218e-02,6.96347065e-04,-4.05508159e-02,-1.21590898e-02,2.00491530e-02,2.64760558e-02,-2.77377283e-02,-5.96104110e-02,4.61942681e-03,-3.89855742e-02,1.26663400e-02,3.12363834e-02
1.27615047e-02,6.28896129e-03,-1.10819026e-02,-2.40655188e-02,-9.73511171e-03,1.53732624e-02,5.78784918e-03,-2.43826875e-02,-2.95778251e-02,-5.35333405e-04,-4.21924052e-02,1.51073556e-02,4.45293379e-02
-6.37093341e-03,-1.12998448e-03,-8.97212453e-03,-2.61904217e-02,-3.76755809e-03,1.33170757e-02,1.38034758e-03,-3.38787070e-02,-3.27185984e-02,-3.09181026e-02,-3.23294210e-02,3.35849019e-02,4.04997806e-02
-9.26196314e-03,-3.23145471e-02,-1.04779693e-02,-4.51316364e-03,-2.21857782e-02,1.59253501e-02,-3.89142940e-03,-1.10105868e-03,-1.75096349e-04,-1.56631173e-02,-1.57895963e-02,3.02269049e-02,3.22867908e-02
-7.91685434e-02,-1.06828722e-02,-8.69206464e-03,1.32868129e-02,-6.12507806e-02,-1.55660035e-02,5.06636343e-03,3.03964327e-02,1.60809772e-02,4.50197628e-03,-4.81695198e-03,6.87606699e-02,5.21513927e-02
-7.85489029e-02,7.24479867e-03,-9.83402860e-03,6.65201225e-02,-5.99697397e-02,1.58080983e-02,-1.00372913e-02,1.95477228e-02,1.63612526e-02,-7.47239908e-03,-6.87992712e-03,3.92371334e-02,4.13458288e-02
-5.58696569e-02,4.63457568e-02,-2.06703560e-02,7.44550157e-02,-6.80898658e-02,2.05379833e-02,-2.33989506e-02,2.69233201e-02,1.44456075e-02,4.83481492e-03,-1.17488229e-03,1.74582317e-02,6.99487074e-03
-7.36932589e-02,1.71518719e-02,-7.84820204e-02,6.35038247e-02,-5.67484034e-02,5.06237385e-02,-6.13915900e-03,6.95461853e-02,5.82861433e-02,5.07777681e-02,1.62833431e-02,-2.08373544e-03,2.95697489e-04
-4.68056477e-02,3.12983658e-02,-7.65924323e-02,9.23476369e-02,-3.47363215e-02,4.48141032e-02,-2.62856536e-02,4.02931858e-02,2.63706834e-02,9.63110681e-03,-7.17596530e-03,-7.27268298e-03,-3.41919743e-03
-5.46358758e-02,6.11175801e-03,-8.73984115e-02,5.82695389e-02,-2.97443212e-02,2.39591400e-02,-3.31009985e-02,3.93958242e-02,4.38711848e-02,-2.42989139e-02,-1.97309660e-02,-2.55354722e-02,-2.38435534e-02
1.17115854e-02,7.07178736e-03,-9.83621954e-02,2.55863207e-02,6.92022539e-03,7.68295972e-03,-3.00529818e-02,4.01540101e-02,5.54282086e-02,-2.17952074e-02,-3.17965336e-02,-2.26652488e-02,-3.53846617e-02
3.70307378e-02,1.42058369e-03,-6.94315603e-02,-1.41190935e-02,4.95902490e-02,-9.06148057e-03,-3.53006813e-02,2.16863764e-02,2.22631180e-02,-4.18032166e-02,-4.57073564e-02,-1.01796253e-02,-4.48366258e-02
6.60896812e-02,-5.31231216e-02,-7.12186279e-02,-4.26705181e-02,5.57350960e-02,-2.63337958e-02,-1.41402473e-02,1.44213643e-02,1.78329243e-02,-1.46127655e-02,-3.30203131e-02,-2.52486053e-04,-4.18762981e-02
3.72928813e-02,-4.34981817e-02,-4.98286721e-02,-6.97992061e-02,2.13876606e-02,-6.93957093e-02,1.02793690e-02,9.75563066e-03,-1.27792666e-02,1.21183030e-02,-2.57702198e-02,4.76635208e-02,-1.36764865e-02
3.98804502e-02,-1.19482488e-02,-4.38077663e-02,-6.67670575e-02,1.75268979e-02,-3.91949028e-02,-5.81927875e-03,-1.90479897e-02,-2.20624213e-02,-1.42955146e-02,-2.28434355e-02,3.19233079e-02,4.12297149e-04
4.59781965e-02,2.64279872e-02,-1.65459767e-02,-5.28703349e-02,1.09703455e-04,-3.77453908e-02,-1.42511946e-02,-4.53829631e-02,-4.40845999e-02,-1.22738045e-02,2.64471642e-04,3.07486105e-02,1.27588719e-02
-1.19174960e-03,2.15898070e-02,-9.25212727e-03,-3.81951753e-02,-4.26907951e-03,1.34892636e-03,6.52814887e-03,-2.48330614e-02,-3.52904640e-03,3.32415395e-02,3.07980371e-02,1.17330326e-02,2.33247972e-02
7.02090459e-03,6.05089182e-02,1.07382204e-02,-2.53948421e-03,-2.92165775e-04,2.76212505e-02,1.22081320e-02,-6.77741671e-02,-1.81593762e-02,2.25540923e-02,2.42461143e-02,-3.86362414e-03,8.21027700e-03
-4.14917252e-02,1.33433752e-02,-7.62088627e-03,1.32516411e-02,-1.38620244e-02,3.08122297e-02,1.17361495e-02,-6.43653249e-02,-2.90890110e-03,-1.07742174e-03,8.64072828e-03,-2.43593308e-02,-2.28903987e-03
-2.99475572e-02,1.56703548e-02,-1.34428221e-02,4.72208468e-02,-7.38493119e-03,2.75853263e-02,3.88347694e-02,-5.54184631e-02,2.41217522e-02,9.51292249e-03,1.14782846e-02,-3.68552904e-02,-1.65873781e-02
-1.94542063e-02,1.60928699e-02,2.14959093e-03,5.02834785e-02,2.62462071e-02,9.54113463e-03,4.60399887e-03,-5.27812245e-02,3.20234623e-02,7.81277144e-03,-8.15250853e-03,-5.76047622e-02,-2.53093398e-02
-5.47922393e-02,-2.94070762e-02,-1.13479380e-02,3.63601759e-02,5.06853153e-02,-8.06156178e-03,7.39739920e-03,-2.90718418e-02,6.33303215e-02,4.38909832e-02,1.13715392e-02,-7.71085966e-02,-4.25561629e-03
-6.33564079e-03,-5.64230819e-02,-2.63855891e-02,2.36586086e-02,5.76075757e-02,-1.31515639e-02,-3.16434991e-03,-2.16856441e-02,4.75425350e-02,6.71828625e-02,6.20211767e-03,-8.31220670e-02,-1.43887807e-02
4.44560632e-03,-5.59948317e-02,-3.73349331e-02,5.93024006e-03,4.23406286e-02,1.82920327e-03,-2.41961132e-02,-2.06158353e-02,7.93186492e-02,3.80596202e-02,-1.23869411e-02,-1.08356158e-01,-1.22202259e-02
-1.35583056e-02,-5.35698997e-02,-4.80200970e-02,-1.13256447e-02,-7.44855085e-03,2.58717988e-03,-2.08119963e-02,-2.80169578e-02,6.67821976e-02,1.26645388e-02,-2.25748626e-02,-8.16917450e-02,-4.95461526e-03
3.85065564e-03,-2.57439317e-02,-2.39532493e-02,-4.02077098e-03,-1.18016872e-02,1.65375809e-02,-2.54256399e-02,-1.50981731e-02,5.10120316e-02,5.06111864e-03,-5.69830655e-03,-8.04738557e-02,-2.41279851e-02
6.57857151e-03,2.26344851e-02,-1.62122333e-02,-9.22713663e-03,-6.24313707e-03,1.31970655e-02,-1.95501335e-02,-4.33488039e-02,7.54753993e-03,-9.39098122e-03,-7.63201429e-03,-6.70658357e-02,-1.77507728e-02
-5.47933192e-02,-1.73747411e-02,-3.36826433e-02,-3.71981265e-02,1.84873997e-03,1.53905410e-02,-2.37852517e-03,-3.44528385e-02,-3.12059792e-02,-2.60162436e-02,-1.39600470e-02,-5.47356764e-02,-8.97762518e-03
-4.94136827e-02,-9.94716257e-03,-2.40292201e-02,-3.05573766e-02,2.56226701e-02,1.44179548e-02,1.99601058e-02,-3.20064384e-02,-4.46980465e-02,-2.50564676e-02,-2.84339390e-02,-4.12492779e-02,1.92092561e-02
-4.76232341e-02,-1.09112879e-02,-2.61245060e-02,-5.74946322e-02,3.67719037e-02,3.67684306e-02,2.22773946e-02,-2.58541094e-02,-4.71381529e-02,-4.00635294e-02,-1.64461151e-02,-3.30054072e-02,9.98684543e-03
-6.52157239e-02,-3.54353203e-02,-3.75865250e-02,-7.38369699e-02,6.13754839e-02,3.04070396e-02,2.18287914e-02,-2.92322413e-04,-2.74121441e-02,1.55967641e-03,3.52067356e-03,-1.25275007e-02,3.69130262e-02
-3.29405328e-02,-1.08222358e-02,-1.80444166e-02,-6.88946366e-02,5.20186528e-02,1.30101120e-02,-1.30759576e-02,1.31466136e-02,-6.87594213e-02,5.03839046e-02,2.01713407e-02,1.91203420e-03,5.47325872e-02
-3.49686525e-02,-8.92665320e-03,1.67062607e-02,-8.11831789e-02,9.09832787e-03,6.28701874e-03,-2.98660004e-03,2.63757677e-02,-6.90680208e-02,7.03612904e-02,4.69756491e-02,3.13286882e-02,9.18206947e-02
-2.41029350e-02,-2.70856509e-03,2.17474215e-02,-9.72815239e-02,-6.48613730e-02,-6.80500753e-04,-2.40566363e-02,1.84343543e-02,-7.24883221e-02,6.86679506e-02,3.25441601e-02,6.39594780e-02,1.05388333e-01
3.49474799e-02,3.50401920e-02,6.74496000e-02,-7.56139501e-02,-1.22691173e-01,1.64744579e-02,-2.32654783e-02,2.96794172e-02,-1.00708869e-01,6.14150498e-02,4.85263015e-02,8.15451416e-02,6.56020588e-02
6.25377612e-02,4.02472050e-02,7.86270532e-02,-3.45350389e-02,-1.41872299e-01,-1.95005999e-02,-6.23792435e-02,1.73431789e-02,-9.66368227e-02,7.50479939e-02,5.38258335e-02,8.52272871e-02,7.40874102e-02
3.18750571e-02,1.67863708e-02,8.51215540e-02,-4.25985906e-02,-1.53441506e-01,-4.83311997e-02,-7.93254895e-02,2.23974912e-02,-1.02785723e-01,7.54988291e-02,3.65486422e-02,6.59267847e-02,5.79874015e-02
4.51376028e-02,3.01171428e-02,1.10723330e-01,-5.09704533e-02,-1.48962721e-01,-5.61264746e-02,-6.76511103e-02,9.04823962e-03,-1.06982497e-01,5.65675410e-02,3.18848613e-02,4.72783922e-02,6.27985951e-02
4.09161567e-02,-5.33915283e-03,8.02414827e-02,-4.73915412e-02,-1.11972675e-01,-3.96107282e-02,-6.11101662e-02,-5.14485260e-03,-5.86197538e-02,1.96623579e-02,3.30611414e-02,1.53873351e-03,3.51605336e-02
4.35007361e-02,-4.06653298e-02,4.60796588e-02,-4.40319332e-02,-7.48267237e-02,-4.09149436e-02,-3.79122055e-02,-9.50018396e-03,-5.26141412e-04,-1.69115322e-03,4.10691509e-02,-1.35360593e-02,4.69421998e-04
3.38020791e-02,-4.04066697e-02,4.18812962e-02,-2.60864388e-02,-4.52825419e-02,-6.62307570e-02,-4.61527929e-02,-2.56030142e-02,7.28831632e-03,-8.84781104e-03,2.12239105e-02,-3.87673993e-02,-2.52253862e-02
1.25447166e-02,-1.45247511e-02,6.22064995e-02,-3.88513875e-03,6.40981192e-03,-4.68468071e-02,6.41821071e-03,4.04475674e-03,7.27987081e-03,-2.57403106e-02,1.01616087e-02,-2.76149278e-02,-2.56653988e-02
-1.28127179e-02,8.34995540e-03,5.55040985e-02,-8.15425775e-04,1.77591859e-02,-7.70084098e-02,-4.58130473e-03,-2.28555543e-02,-4.72456987e-03,-4.96437029e-02,4.40304062e-03,-2.73014113e-02,-1.71866341e-02
-1.63829177e-03,1.31414086e-02,6.76202097e-02,3.53280782e-03,1.62700610e-02,-5.31071171e-02,9.85035145e-03,-3.14933335e-02,-1.24330358e-02,-5.58231009e-02,-3.55750045e-05,-1.55330829e-02,-3.32278764e-02
2.55898164e-02,1.23711051e-02,8.23143224e-02,9.32754190e-03,2.91075551e-02,-3.81838172e-02,-7.34145900e-03,-4.06796245e-02,1.23313945e-04,-4.91721614e-02,-8.98241373e-03,-1.05006255e-03,-6.74398993e-03
-1.68408364e-02,-5.28377180e-03,5.50280489e-02,-1.39671189e-02,1.65443798e-02,-3.51568869e-02,-2.16420125e-02,-3.56528557e-02,6.91891907e-03,-3.95723050e-02,-3.64960933e-02,1.54771395e-02,4.36428142e-02
-1.54152143e-02,1.68570141e-02,2.75682541e-02,-3.97908449e-02,-4.68585079e-03,9.61739091e-03,-2.84047538e-03,-6.50879916e-02,-1.81273304e-02,-2.93523813e-02,-2.50191286e-02,3.14531774e-02,6.15456169e-02
-1.60556266e-02,2.55816141e-02,-1.12077358e-03,-1.50098307e-02,-3.97055393e-03,2.84816863e-02,-9.56105316e-03,-4.55115800e-02,1.62247667e-02,8.06048496e-03,-2.72987017e-02,2.38294199e-02,9.20354997e-02
-1.24070992e-02,3.76718018e-02,-2.80959728e-02,-2.54263036e-03,-5.95353519e-03,2.86098441e-02,2.95861526e-03,-1.32464672e-02,3.86981924e-02,2.96281630e-02,6.84275565e-03,3.27034932e-02,8.81493452e-02
-2.29388068e-02,3.90816292e-03,-5.57347511e-02,4.80893466e-03,-1.38047156e-02,3.31431951e-04,-6.87033631e-03,5.87747506e-03,6.01798548e-02,3.41294158e-02,1.55099103e-02,3.25559574e-02,5.93397043e-02
-1.42721626e-02,2.80401644e-02,-4.16288759e-02,4.41760432e-02,1.45362490e-02,2.18450476e-02,2.85584377e-02,6.20600011e-02,6.01072666e-02,1.81636981e-03,-8.30010848e-03,2.83359884e-02,4.72815149e-02
-1.27828018e-02,6.11575026e-02,-3.87761197e-02,7.73684712e-02,1.69424129e-02,-8.02196204e-03,3.38586416e-02,5.38798627e-02,2.97311147e-02,-3.21774177e-02,4.77023050e-04,2.34048621e-02,5.98205977e-03
-7.98794143e-03,3.67421727e-02,-5.10834931e-02,9.36641298e-02,3.76438678e-02,-2.68310792e-02,2.03815999e-02,4.05785602e-02,2.76795655e-02,-3.05919169e-02,4.25014860e-03,1.04039648e-02,-2.14464798e-02
3.96875978e-02,4.61106618e-02,-5.55851645e-03,8.82944948e-02,4.85144544e-02,-3.70562018e-02,1.04206722e-02,3.36321765e-02,1.04311258e-02,-4.03943238e-02,-1.80755774e-02,-8.02429902e-03,-4.11391135e-02
1.54474478e-02,2.77476865e-03,-2.61072169e-03,4.66675684e-02,2.94772240e-02,-4.51633591e-02,1.71786803e-02,3.12687599e-02,-9.49899702e-03,-5.55291633e-02,-1.85527139e-02,-2.33979155e-02,-3.20940944e-02
1.66693901e-02,-8.81836882e-04,-1.31856551e-02,5.29197737e-03,3.27746420e-03,-2.65949022e-02,3.99696596e-02,-7.74918549e-04,-3.81358967e-02,-6.38524882e-02,-1.15409944e-02,-2.52507278e-02,-1.71084898e-02
4.72822221e-02,1.40405125e-02,-1.05567242e-02,4.84578920e-03,9.65206412e-03,3.55104966e-03,6.47181516e-02,-5.47542141e-03,-3.24967224e-02,-6.03565400e-02,-2.84067678e-02,-4.21855445e-02,-3.83579425e-03
6.49160789e-02,-1.02767384e-02,-4.31842240e-02,8.81258351e-03,3.07983567e-02,1.18684440e-02,7.08924044e-02,-1.19769939e-03,-3.36190728e-02,-2.24996220e-02,-8.35132735e-03,-3.11415979e-02,1.39220142e-02
6.34812667e-03,-3.40995848e-02,-4.97707909e-02,1.13085698e-02,-1.55645354e-02,-3.87382721e-04,4.17120847e-02,1.40847615e-03,-5.15360695e-03,-2.42693361e-02,4.34672394e-03,-2.96882782e-02,3.90141947e-02
-1.63474194e-03,-3.91494226e-02,-4.44434813e-04,1.40599849e-02,1.54959636e-02,2.12514686e-02,3.89536425e-02,2.32103895e-02,4.02390444e-02,2.85225125e-02,-1.31896505e-02,1.24344787e-02,5.75987551e-02
-2.83028301e-02,-3.51512931e-02,1.01107619e-02,7.21985411e-03,3.64844295e-02,5.00661189e-02,5.45521070e-02,5.40687580e-03,6.72958258e-02,9.78137115e-02,-6.45330496e-03,2.82835625e-02,4.19894318e-02
-5.23715931e-02,-6.85568976e-02,-4.58027480e-02,-8.49211157e-03,5.24381541e-02,5.80928826e-02,1.66009961e-02,-3.21739902e-02,1.01488456e-01,1.40252346e-01,-1.11460081e-02,3.82956561e-02,1.90605200e-02
-4.80619103e-02,-6.50043714e-02,-5.47197456e-02,4.83478900e-03,6.64635275e-02,6.52959766e-02,-2.35235357e-03,-3.87066922e-02,1.45470869e-01,1.85838502e-01,-3.28366021e-02,3.67057850e-02,-1.60080197e-02
-5.68287683e-02,-6.57564010e-02,-4.11884624e-02,-1.52077824e-03,7.83649762e-02,7.03483670e-02,-1.93183254e-02,-5.75839036e-02,1.61874500e-01,2.38099801e-01,6.75616661e-03,4.03420577e-02,-5.34090588e-02
-8.30242774e-02,-4.46055858e-02,-2.36534968e-02,-2.42131181e-02,6.80652193e-02,8.11919826e-02,-2.76339333e-03,-3.80814598e-02,1.51134241e-01,2.25936104e-01,1.70000241e-02,3.75048139e-02,-5.53765251e-02
-5.11630582e-02,-2.14522207e-02,-3.53557621e-02,-3.22439091e-02,7.38264869e-02,1.01000391e-01,2.24159715e-02,-3.22508774e-02,1.20781145e-01,1.95008540e-01,2.53704522e-02,1.40512596e-02,-6.77259725e-02
6.13336294e-03,-8.52976974e-03,-5.08267620e-02,-1.92911960e-02,8.08235802e-02,8.52166697e-02,3.41184099e-02,-1.65953388e-02,7.09902892e-02,1.38070124e-01,3.95298797e-02,1.47089364e-02,-6.89924198e-02
8.39712978e-03,2.27465632e-02,-3.81330663e-02,3.32361381e-02,1.84699412e-02,5.77296797e-02,1.28927710e-02,-6.78988091e-03,5.59137755e-02,3.40105507e-02,2.73937692e-02,-3.88669387e-02,-4.65612508e-02
3.06313895e-02,6.70906157e-02,4.57501226e-02,7.13228601e-02,7.94591950e-03,3.56843202e-02,2.27715745e-04,1.55377734e-02,5.46091937e-02,1.11493791e-02,2.82759711e-02,-2.83638603e-02,-4.61117775e-02
5.19338381e-02,7.31761205e-02,7.75163846e-02,7.83816244e-02,-2.70726808e-04,1.16395837e-02,-8.78420938e-03,2.39074145e-02,5.15214037e-02,1.66026833e-02,1.92483689e-02,-3.02713559e-02,-1.11306741e-02
7.40234305e-02,6.03962620e-02,7.02565682e-02,4.73798497e-02,-8.19693575e-03,-2.56434948e-02,-2.57506362e-02,1.27585278e-02,4.92858955e-02,-5.20440219e-03,5.87629380e-03,-4.15277103e-02,-9.78490241e-03
8.83376026e-02,3.77825090e-02,6.01181423e-02,5.22173956e-02,-1.51119873e-02,-6.85792660e-02,-5.06507696e-02,1.92419133e-02,6.31091606e-02,-1.30809235e-02,-1.61997447e-02,-5.38401717e-02,9.58203097e-04
6.65543577e-02,1.20202525e-02,5.58148233e-02,5.71639882e-02,-1.63256066e-02,-9.82632683e-02,-7.82656982e-02,-8.58278474e-03,5.02069263e-02,1.81647701e-02,2.62899601e-02,-9.49547547e-03,6.61959585e-03
4.98769930e-02,-1.89439080e-02,4.33514505e-02,4.62518957e-02,-2.23309318e-02,-9.32876390e-02,-7.60766132e-02,-2.41055286e-02,2.08082073e-02,-3.76816769e-03,4.08627024e-02,1.00819637e-02,4.92203001e-03
1.48236504e-02,-6.02600958e-02,-5.84366015e-03,2.69791508e-02,-2.38517622e-02,-6.33344053e-02,-5.85550396e-02,-3.52927822e-02,-9.07817007e-03,-8.29225800e-03,7.02865747e-02,3.65057560e-02,2.05501316e-02
1.64722842e-02,-4.25294728e-02,-2.21463226e-02,2.04771714e-02,-2.78492064e-02,-3.58990979e-02,-4.74773843e-02,-3.90090804e-02,-5.23503002e-02,-5.58815475e-02,6.59722840e-02,6.10478188e-02,2.11198691e-02
2.01926388e-02,-2.18596861e-02,-8.97817784e-03,3.66052972e-02,-3.42868244e-02,7.74816092e-03,-1.06937157e-02,-1.66958396e-02,-6.82704001e-02,-9.09020782e-02,3.86075008e-02,2.84335089e-02,1.20952041e-02
-9.87400485e-03,7.19247542e-04,1.56426305e-02,4.90899885e-02,-2.83229799e-02,4.70256899e-02,1.26318842e-02,9.40979908e-04,-6.27385619e-02,-7.82429974e-02,3.49755982e-02,1.40942066e-02,2.44630205e-03
-1.43993055e-04,1.23757313e-02,2.87395217e-02,6.11896884e-02,-2.41270580e-02,9.24611969e-02,1.30769137e-02,4.15620659e-03,-6.35891034e-02,-6.46234996e-02,2.69316370e-02,1.79119419e-02,1.61308236e-02
2.41259880e-02,1.87477465e-02,4.80606288e-02,6.51081283e-02,-2.98626359e-03,1.04106683e-01,1.29217852e-02,2.44412658e-02,-2.52880003e-02,-3.89106287e-02,-9.56126835e-03,-3.52152523e-03,2.00394858e-02
4.51209485e-02,2.45957910e-02,4.46509137e-02,5.06425591e-02,-6.35470822e-03,8.33976246e-02,1.43735688e-02,4.36062847e-02,1.01050657e-02,-1.50378200e-02,-3.44013899e-02,-3.12597194e-02,2.76474526e-02
3.75961420e-02,9.54049967e-03,2.08480278e-02,4.55174957e-02,5.36044600e-03,5.03685765e-02,4.80328602e-03,3.27073540e-02,2.51242676e-02,1.51463160e-02,-4.26902205e-02,-2.25515359e-02,2.88197746e-02
5.80746975e-02,-5.44765456e-03,-4.92001711e-03,2.96344546e-02,6.55642456e-03,1.21488660e-02,-8.49785525e-03,7.85319835e-03,2.12586284e-02,9.47449279e-03,-4.01952546e-02,-1.78530735e-02,2.29313282e-02
2.14264677e-02,-4.88125914e-02,-3.86632581e-02,1.41331830e-02,4.20714574e-03,-3.04239869e-02,-8.57339021e-03,-1.88849252e-02,4.47213585e-03,1.50393312e-02,-2.04929492e-02,8.99448260e-03,2.15259927e-02
2.24792229e-02,-4.53875950e-02,-3.65851640e-02,1.05917227e-02,-1.58390720e-02,-5.91624259e-02,-5.94249330e-03,1.01046239e-03,-1.04008643e-02,-1.42452265e-02,-4.24180560e-02,5.07126338e-03,-1.71467612e-03
-2.61645201e-02,-1.62718029e-02,2.29124158e-03,1.10585443e-02,-3.49586177e-02,-7.90049722e-02,1.54946048e-02,4.24517169e-02,-4.50214954e-02,-3.38332749e-02,-2.79104933e-02,9.58758722e-03,-3.72128438e-02
-7.97284257e-02,-1.52215538e-02,1.52879634e-02,-2.77905388e-02,-3.63413778e-02,-7.58444850e-02,4.26571733e-02,8.90557215e-02,-6.16036427e-02,-4.36118853e-02,-2.00081134e-02,2.55431337e-02,-1.93346620e-02
-9.29794444e-02,8.23705053e-03,3.74406758e-02,-5.48757356e-02,-2.30209370e-02,-3.52862194e-02,5.65684856e-02,8.77813220e-02,-1.13578871e-01,-5.64256629e-02,-1.12973226e-02,3.74774213e-02,-8.19337037e-03
-9.77207872e-02,5.40775143e-03,5.06608904e-02,-6.54312251e-02,-1.17535464e-02,-4.61172882e-03,4.79151899e-02,1.09170085e-01,-1.23409685e-01,-5.58434774e-02,-9.62467045e-03,5.49364658e-02,6.78025049e-03
-7.32167372e-02,3.42668553e-02,7.21569489e-02,-5.64831660e-02,-1.74028249e-02,-8.56096633e-03,6.21466207e-03,1.00894077e-01,-1.07334885e-01,-4.82136382e-02,-9.20775110e-03,3.84041022e-02,7.80254809e-03
-4.90686141e-02,5.01975306e-02,7.39005114e-02,-4.86226354e-02,-1.95739818e-02,-7.10049983e-03,-4.00091403e-02,7.73562217e-02,-7.85809055e-02,-1.16550750e-02,1.23881588e-02,1.22472317e-02,-1.38091107e-03
2.65900112e-02,5.42142059e-02,5.28625648e-02,-3.90238255e-02,-1.49852258e-02,-2.03131665e-02,-8.22171678e-02,3.28159981e-02,-5.37104742e-02,-3.56955281e-03,1.40838024e-02,-1.76448592e-02,5.57201387e-03
5.29698523e-02,1.79095259e-02,5.00581913e-03,-5.86568407e-02,-3.61510137e-02,-4.35702812e-02,-8.89996814e-02,-1.26771814e-02,-2.57985460e-02,-1.98831866e-03,4.17184649e-02,-1.79960967e-02,1.92282548e-02
1.12889495e-01,-1.23849351e-02,-1.85210912e-02,-6.72760160e-02,-6.32067051e-02,-6.94113371e-02,-8.20957957e-02,-3.12614167e-02,4.92424006e-03,-1.88040967e-02,3.22173150e-02,-4.20422349e-02,1.73096357e-02
1.15337970e-01,-1.44039781e-02,1.05805356e-02,-3.66232820e-02,-8.03906653e-02,-8.09288095e-02,-6.56523906e-02,-2.68893001e-02,2.49123136e-02,-9.37305145e-03,5.06029378e-02,-4.62271117e-02,-7.08592733e-03
8.63648920e-02,-4.81801580e-02,1.07345564e-02,-3.67304592e-02,-8.16565431e-02,-6.52329806e-02,-2.93889948e-02,1.18581530e-03,4.15640564e-02,-2.67895957e-03,6.02015357e-02,-2.12606177e-02,2.34268065e-02
8.30909997e-02,-4.66882256e-02,1.03434305e-02,-4.59807834e-02,-5.56414034e-02,-2.59971440e-02,1.31935983e-02,1.34209630e-03,1.63071838e-02,-8.43963322e-03,4.62734118e-02,-3.10177528e-03,3.81464274e-02
5.92864532e-02,-5.58053266e-02,1.19737339e-02,-6.41257613e-02,-3.92872103e-02,6.86783029e-03,4.61265739e-02,2.31037668e-02,-6.17265578e-03,-9.95527896e-03,3.46536192e-02,2.86431276e-02,4.73379075e-02
6.74733288e-02,-3.16734101e-02,3.92182853e-02,-5.45225853e-02,-1.57784392e-03,1.98996732e-02,4.39832206e-02,6.42017139e-03,-1.79711001e-02,-2.95279483e-02,1.16046312e-02,2.58734895e-02,3.28033619e-02
4.98943220e-02,1.10566977e-03,6.35263563e-02,-2.77159270e-02,2.73180714e-02,3.66833022e-02,1.03861741e-02,-4.99701268e-03,-2.70485474e-02,-1.62769518e-02,1.14773025e-03,1.43538338e-03,1.33889087e-02
5.28965151e-02,2.33854751e-02,5.27107200e-02,6.51905518e-03,5.43131294e-02,6.01445188e-02,-1.62467760e-02,-2.22107138e-02,-5.11353644e-02,-1.78756188e-02,-1.48096011e-02,-2.04588208e-02,3.13767595e-03
5.10170979e-02,2.71102277e-02,3.31882321e-03,7.72829997e-03,5.30267766e-02,6.63505793e-02,-3.10714358e-02,-2.52872701e-02,-5.73020160e-02,-3.30755466e-02,-1.52273680e-02,-4.04542735e-02,1.48668210e-03
4.37643875e-02,4.09057333e-02,-3.58927750e-02,-5.97852248e-03,4.20001934e-02,4.65459143e-02,-3.04697966e-02,-4.01061421e-02,-6.62509950e-02,-5.19339271e-02,-1.01363808e-02,-5.06845185e-02,-7.30619055e-04
2.94172608e-02,4.84336329e-02,-5.45585266e-02,5.18129627e-03,3.84158731e-02,1.87166042e-02,-2.95927718e-02,-5.43658112e-02,-6.14023881e-02,-5.12029954e-02,-2.36682893e-02,-5.47336878e-02,2.70358174e-03
-1.42966906e-02,3.89003821e-02,-6.78264666e-02,1.61146042e-03,1.38534361e-02,1.05785792e-02,3.00441786e-03,-4.43272583e-02,-6.50247384e-02,-4.54675334e-02,-2.23563540e-02,-2.94187949e-03,3.10542398e-02
-4.52923662e-02,3.20727373e-02,-8.59590761e-02,2.11353383e-02,1.89027669e-02,-7.33216473e-04,3.94182567e-02,-4.71490634e-02,-5.67994325e-02,-4.50474836e-02,-1.97590171e-02,4.58697837e-02,5.13377908e-02
-8.23181667e-02,2.50627969e-02,-8.46684066e-02,2.56870299e-02,1.81886188e-02,-5.98298652e-03,6.32630213e-02,-2.91435471e-02,-4.19223268e-02,-1.60890587e-02,6.70463602e-03,7.54581016e-02,5.51741961e-02
-5.83667907e-02,3.02862961e-02,-5.77393198e-02,3.13884098e-02,4.07520006e-02,-1.03273141e-02,6.72196010e-02,-2.38181922e-02,-2.31755945e-02,-9.38538100e-03,1.01479353e-02,7.50767643e-02,2.64397975e-02
-4.33334604e-02,3.21776619e-02,-7.78386052e-03,4.33615594e-02,4.14371247e-02,-1.74576955e-02,5.41993604e-02,-1.54279985e-02,4.79997835e-03,2.91036422e-03,1.70701476e-02,5.97629541e-02,1.01816534e-02
-1.15914302e-02,3.22848452e-02,3.52918505e-02,5.23305578e-02,5.71126172e-02,-8.60396857e-03,3.37497155e-02,-9.37453887e-03,1.15578922e-02,-1.83539250e-03,1.52435471e-02,4.18289803e-02,-1.10060449e-02
2.74080677e-02,2.67380565e-02,3.57978905e-02,4.44040275e-02,6.91574187e-02,-3.55270955e-03,2.33784301e-03,1.17059620e-03,1.70800761e-02,9.99445911e-04,1.32021093e-03,6.13471350e-03,-3.26907498e-02
6.40395249e-02,2.99718006e-02,2.73930115e-02,2.53304015e-02,6.96932172e-02,-4.56036302e-04,-8.47011594e-03,1.69248967e-02,2.10429053e-02,-6.99108194e-03,-9.27744899e-03,-2.67159473e-02,-4.54423555e-02
7.99578289e-02,1.62965589e-02,7.60894408e-03,-5.93495214e-04,7.19615447e-02,-6.44017002e-03,-2.69153142e-02,1.15175389e-02,1.94232334e-02,-1.53500250e-02,-3.00293180e-02,-5.75917501e-02,-3.52337219e-02
3.42633734e-02,2.72154732e-02,-2.53056129e-03,-2.24214043e-02,5.26965309e-02,-1.35055102e-02,-2.51336673e-02,1.04281466e-02,1.10702782e-02,-2.34014703e-02,-7.49226936e-02,-4.07382052e-02,-2.88135686e-02
-8.06386275e-03,1.87423305e-02,-3.98374264e-02,-2.72502003e-02,-5.91157628e-03,-2.29144702e-02,1.44110083e-02,2.82646852e-02,2.16960085e-02,-2.36821755e-02,-9.28270970e-02,-1.43271679e-02,-2.25411112e-02
-2.87828781e-02,1.48650239e-02,-8.91591671e-02,-9.88598649e-03,-2.75903952e-02,-2.76872209e-02,4.17935374e-02,3.42236421e-02,2.93491874e-02,-2.95128066e-02,-8.21681284e-02,-8.19806010e-03,-1.60418482e-02
-4.39907530e-02,3.41813614e-02,-1.18428819e-01,2.91463094e-03,-1.95465067e-02,2.78282288e-03,5.16420134e-02,4.68643352e-02,3.54632856e-02,-2.24190474e-02,-6.37049342e-02,3.52440739e-03,-3.29712817e-02
-6.10285101e-02,2.71796442e-02,-1.09551718e-01,2.91070369e-02,-1.14560546e-02,2.51994869e-02,3.71241852e-02,1.32647625e-02,2.27522005e-02,1.41842027e-02,-3.93068765e-02,2.19309102e-02,-1.59269063e-02
-4.95452454e-02,3.39761770e-02,-9.18549378e-02,1.90873945e-02,8.83027005e-03,5.02742924e-02,1.94969373e-02,8.89052525e-03,3.02495988e-02,2.78577548e-02,4.68021970e-03,2.69651961e-03,-1.61801522e-02
-2.42791407e-02,3.61215148e-02,-8.16993413e-02,5.73953450e-03,2.48464978e-02,4.74169729e-02,6.43129202e-03,-2.92813054e-03,3.31263980e-02,2.99705475e-02,1.02194363e-02,8.84445708e-04,-1.37489070e-02
5.66805373e-03,1.83629850e-02,-5.80946135e-02,-4.60643405e-03,2.25135841e-02,4.31320019e-02,1.61842942e-03,1.04134434e-02,4.43443483e-02,3.94565699e-02,7.16514223e-03,4.87135288e-03,-3.18753613e-03
2.99865386e-02,1.00374486e-02,-1.77369075e-02,-8.76674408e-03,2.17642431e-02,2.10174033e-02,-1.66079578e-02,-7.33782517e-03,3.43450832e-02,2.21832870e-02,1.97344344e-02,6.63951496e-03,2.46333111e-04
4.10403335e-03,5.38548068e-03,2.80775246e-03,-1.12778918e-02,4.04180946e-02,4.04811275e-03,-4.15912198e-02,-3.13111422e-02,2.42761241e-02,5.93283057e-03,-8.77656351e-04,2.23157157e-02,1.53392703e-02
-3.18609989e-02,-2.33431527e-02,-2.53825467e-03,-5.52311408e-02,-2.24797207e-02,-2.20405584e-02,-1.41465141e-02,-5.90023295e-03,2.41108791e-02,-1.77732476e-04,7.24155819e-03,3.56847675e-02,6.30183274e-03
-1.40774258e-02,-2.86550260e-02,1.28795009e-03,-5.29306830e-02,-4.74186210e-02,-4.72358641e-02,-3.70679722e-03,5.87717655e-03,2.57192822e-02,-3.26446716e-02,3.73446477e-03,1.44115489e-02,-9.15321947e-03
-3.50252700e-02,-4.80289222e-02,-1.29807746e-02,-5.11024449e-02,-2.56358038e-02,-1.34970736e-02,3.84678069e-02,2.20564370e-02,4.63017786e-02,-4.81035488e-02,6.37649944e-03,1.61120583e-02,-3.34970755e-02
-7.27507132e-02,-6.18020427e-02,1.40857360e-02,-1.87120983e-02,-4.09981040e-03,5.70341920e-03,5.38686445e-02,-2.56434407e-03,8.65288837e-03,-3.26566185e-02,3.09923972e-02,5.17378979e-02,-4.59444092e-02
-7.26318764e-02,-3.65764496e-02,2.93845771e-02,8.65690627e-03,1.52990649e-02,3.66488562e-02,5.62240630e-02,-1.57478883e-02,1.86798096e-02,-2.25418973e-02,3.35599304e-02,1.91553882e-02,-5.65494908e-02
-9.03560805e-02,-1.15662797e-02,2.93991015e-02,2.64222256e-02,2.82467610e-02,5.90246687e-02,7.72712566e-02,-1.22857188e-03,4.51927873e-02,-2.63804543e-02,1.95874599e-02,-1.25915715e-04,-8.38887720e-02
-5.66438998e-02,-2.27212470e-03,1.64206386e-02,4.43786527e-02,4.71462932e-03,5.67812940e-02,7.68368088e-02,8.93509411e-03,7.38992220e-02,-1.61483964e-02,-1.69801157e-02,-1.50177946e-03,-7.35028211e-02
-3.36476007e-02,9.10673361e-03,4.05960084e-02,7.19353109e-02,-1.22027508e-02,4.53283865e-02,5.87725918e-02,1.54624055e-04,8.55061332e-02,-3.76012218e-04,-1.96734704e-02,-1.48724217e-02,-9.45225169e-02
-3.12661894e-02,2.70639551e-02,3.25787571e-02,1.04794029e-01,-1.21854368e-03,2.98375434e-02,2.09918109e-02,-2.60209615e-02,5.34456983e-02,1.17009754e-03,2.52583149e-03,8.85965664e-03,-6.84611639e-02
-3.35699984e-02,1.92457691e-02,6.29583386e-03,7.00668718e-02,-1.02175537e-02,5.73380606e-03,3.90415815e-03,-2.15686044e-02,3.06023536e-02,5.10613610e-03,4.85311617e-03,-5.21234832e-03,-6.16956396e-02
1.29069116e-02,3.46931275e-02,1.74724096e-03,2.39762231e-02,-4.51667329e-02,-1.00937203e-02,9.95539146e-04,-9.67535214e-03,3.10050774e-03,-7.45854963e-03,-5.77031404e-04,-2.81488557e-02,-5.45704562e-02
-1.49149886e-02,-1.94940652e-02,-6.82464697e-02,-4.21770490e-02,-6.38843214e-02,-2.02611176e-02,9.16833585e-03,-7.09544262e-03,8.38518160e-03,-7.99392616e-04,-2.20444423e-02,-2.28611429e-02,-4.02463749e-03
-2.38657171e-02,-1.89121218e-02,-4.42891366e-02,-5.46110859e-02,-4.90308461e-02,4.03745602e-03,2.50020267e-02,2.95378577e-03,-4.63675984e-02,-2.59234276e-02,1.08014249e-02,-7.24057415e-04,-4.82126267e-03
-3.37103095e-02,5.60690472e-03,1.03114471e-02,-2.12468447e-02,-2.36835220e-03,-1.59893950e-02,-1.30801429e-02,-1.97276702e-02,-8.16245761e-02,3.73951712e-03,3.16862243e-03,-1.75921923e-02,1.99917786e-02
-7.79525792e-02,3.67632571e-02,3.79925234e-02,-4.58039822e-02,-3.30365965e-02,-5.84983274e-03,-4.91644002e-03,-1.90159387e-03,-9.68428015e-02,2.69872923e-03,2.12356007e-02,-1.77289556e-02,1.41253376e-02
-4.38847762e-02,4.03890961e-02,2.75380050e-02,-3.52611852e-02,-3.75162443e-02,-2.70359076e-02,-1.40476615e-02,-1.53170480e-03,-8.83842279e-02,9.77116118e-03,-7.42055684e-03,-7.20801459e-03,1.78308545e-02
4.76541400e-04,4.04001735e-02,5.93686271e-02,-2.77479925e-02,-4.99639037e-02,-3.01987485e-02,-1.84822214e-02,1.62926956e-02,-7.82930708e-02,1.16388316e-02,-1.33910265e-02,-2.07432334e-03,1.80503976e-02
-1.30962961e-02,2.91953708e-02,9.16159069e-02,4.63795128e-03,-4.00524085e-02,-5.69246852e-02,-6.42061406e-02,1.93438329e-02,-7.22282329e-02,3.98471876e-02,2.48486914e-02,1.65381465e-02,3.03036163e-02
7.75591254e-03,8.09761466e-03,1.00808551e-01,2.42755646e-02,-3.92279805e-03,-4.46586714e-02,-9.33003972e-02,1.26346240e-02,-8.87532237e-02,2.28518476e-02,2.21203770e-02,1.02140514e-02,4.51866343e-02
4.30547957e-02,-4.89184918e-03,9.01238984e-02,-2.69277594e-03,-9.58505459e-03,-5.05060549e-02,-8.56150528e-02,2.91349893e-02,-7.49865840e-02,5.67706369e-03,4.93563392e-03,2.96885824e-03,2.93014112e-02
4.01605728e-02,-7.05573789e-02,1.90631082e-02,-5.18868259e-02,-8.19157263e-02,-7.60031532e-02,-8.42188470e-02,2.95629055e-02,-2.48288387e-02,-1.18201492e-03,-3.01850957e-02,5.66219974e-03,5.51926955e-02
7.50862731e-02,-5.93531856e-02,1.35267429e-02,-4.47741621e-02,-9.15280845e-02,-3.93023475e-02,-3.38174612e-02,4.63628679e-02,7.25116438e-03,-5.82046733e-02,-4.58493890e-02,9.34152938e-04,3.93645300e-02
6.77055822e-02,-5.83238652e-02,1.70853081e-02,-2.53842450e-02,-3.53434313e-02,-5.31445026e-02,-6.56203526e-02,2.82363965e-02,2.77558205e-02,-4.57508333e-02,-3.95816673e-02,-2.32020763e-02,6.07898577e-02
4.92433048e-02,-4.74938033e-02,4.79901209e-02,-3.22977516e-02,-2.46174201e-02,-3.00809067e-02,-3.80321506e-02,-3.32921596e-04,1.00550991e-02,-3.87268505e-02,3.69362644e-03,7.36280647e-03,6.11983287e-02
6.79051159e-02,-5.28258346e-02,4.23594091e-02,-3.13127069e-02,1.05575862e-02,-2.77439149e-03,-2.90337332e-02,-2.22427191e-02,4.13705548e-04,-1.75813679e-02,5.92467568e-03,1.41933486e-02,3.92055290e-02
7.25336225e-02,-3.67399253e-02,3.71516642e-02,-4.05827165e-02,1.51946461e-02,2.57424101e-02,2.74409471e-02,3.94242096e-03,1.83168170e-02,-2.03427136e-02,1.92683931e-02,2.84571225e-02,5.15677519e-02
5.41921120e-02,-3.19147211e-02,6.72242088e-02,-2.51032667e-02,1.82661254e-02,2.16082010e-02,4.18570958e-02,8.40109435e-03,3.21271208e-02,-3.70821077e-03,2.06344238e-02,2.59963039e-02,4.25344419e-02
6.19316063e-02,-2.62175271e-02,7.54641332e-02,4.92298283e-03,3.17696151e-02,5.40779467e-02,3.73945383e-02,-8.10430599e-03,-2.34433720e-03,-1.44981297e-02,1.71114997e-02,2.19297746e-02,6.48813494e-02
3.62296817e-02,-9.41217502e-03,5.14789439e-02,-4.09048885e-03,5.14637371e-02,5.73870187e-02,2.92716965e-02,-2.50624169e-02,-3.55702997e-02,-1.35165126e-02,1.57334866e-02,2.96094139e-02,5.71956320e-02
3.12112086e-02,-1.92874554e-02,1.19292950e-02,-1.54676088e-02,1.49936385e-02,4.03070351e-02,1.21764371e-02,-1.86600042e-02,-3.57775263e-02,-1.06358875e-02,-7.73195252e-03,6.04305342e-03,3.94940906e-02
2.03223338e-02,2.16957917e-02,-1.30545325e-02,-1.12346912e-02,-1.11112400e-02,1.76936485e-02,3.24932521e-02,4.43551568e-03,-6.21244620e-03,-2.77072718e-02,-3.95909550e-02,-2.01063949e-02,4.64854452e-03
-1.11418335e-02,2.64707036e-02,-7.22820670e-02,-2.51052353e-02,-2.53221070e-02,-2.50628313e-02,-1.66668099e-03,2.49563811e-03,1.79598094e-02,-2.64469989e-02,-2.67217841e-02,-3.44224092e-02,9.84075103e-04
-3.05148975e-02,3.17232598e-02,-6.79617492e-02,9.59964800e-03,2.16664142e-03,-5.49566876e-02,-4.88963737e-03,-1.07640518e-02,1.93674605e-02,-2.17807243e-02,-1.22594986e-02,-4.13438523e-03,-1.48948182e-02
-5.31438617e-02,3.17461148e-02,-5.60164094e-02,3.66869985e-02,3.36632377e-02,-5.67320748e-02,-2.37079714e-02,-2.85991724e-02,1.22718616e-02,4.39694258e-03,1.21698894e-02,3.84826457e-02,-7.53697811e-03
-5.99747492e-02,2.25443048e-02,-7.13966167e-02,2.43208114e-02,4.21383645e-02,-3.95666824e-02,-1.32785894e-03,1.80967777e-03,4.28816046e-02,3.30930532e-02,3.42208812e-02,2.01852129e-02,-6.29332821e-03
-3.76520419e-02,2.50284432e-02,-6.51612570e-02,2.79678346e-02,3.79965581e-02,-3.36728347e-02,2.53808042e-02,2.35265021e-02,5.30724821e-02,3.60226905e-02,2.71981637e-02,-8.27583426e-04,-1.28261838e-02
2.58523906e-03,3.23805027e-02,-4.25350828e-02,2.65908633e-02,2.84942114e-02,-5.04663972e-03,3.39867568e-02,1.53725773e-02,4.69680262e-02,3.45259376e-02,1.16035420e-02,-2.51883055e-02,-2.31264369e-03
1.20237974e-02,2.81371265e-02,-2.30212031e-02,2.61561372e-02,2.77836913e-02,1.40151401e-02,2.46466517e-02,-2.63000358e-02,1.92166488e-02,3.49421709e-02,1.24985055e-02,-1.99266806e-02,1.66408795e-02
4.58720350e-02,2.33563298e-02,-1.31032324e-02,3.97077336e-02,3.82912727e-02,3.99683215e-02,2.76574491e-02,-5.19527761e-02,-1.42774662e-02,2.63192101e-02,5.45505272e-04,-2.13296390e-02,2.93857054e-02
5.59264506e-02,2.71729296e-02,-1.23719714e-02,1.17820509e-02,2.45872810e-02,4.80837092e-02,3.70663687e-02,-4.28561708e-02,-1.03233248e-02,1.32399452e-02,-3.90853320e-02,-4.80919891e-02,2.83700278e-02
5.01502466e-02,1.65712185e-02,-2.79007562e-02,-2.18037510e-02,-7.27572345e-03,2.42746774e-02,3.35822626e-02,-1.90921021e-02,-1.42655575e-02,1.41063666e-02,-5.48189678e-02,-6.38664841e-02,3.14636525e-02
5.57155978e-02,2.36448675e-02,-3.06883002e-02,-1.88925151e-02,-1.61653169e-02,-9.52794907e-03,3.12802904e-02,-7.60043381e-03,-1.66815905e-02,-9.76632669e-03,-6.75022711e-02,-6.34538963e-02,1.82387535e-02
-1.79985914e-03,-1.96571725e-02,-2.88321798e-02,9.43184212e-03,-1.06620226e-03,-3.37327735e-02,1.91902038e-02,-1.83136896e-02,-8.83379373e-03,2.42321690e-03,-2.12789200e-02,-4.68740635e-04,5.57739313e-02
-1.44439119e-02,-4.09513803e-02,-9.19180638e-03,1.01721434e-02,6.48001985e-03,-3.87538329e-02,1.01954152e-03,-8.42172040e-03,-5.18188038e-03,2.40964378e-04,9.48861463e-03,8.80676587e-03,3.66837889e-02
-1.51460408e-02,-5.13780901e-02,-1.17980232e-02,1.02852518e-02,1.13115213e-02,-4.52455866e-02,1.16710167e-02,4.29248892e-02,1.71772592e-02,3.37661470e-03,3.32509015e-02,1.79975761e-02,7.62517210e-03
-8.06910935e-02,-4.79918733e-02,-1.68058721e-03,-5.84159099e-02,-2.16895673e-02,-3.25794930e-02,-2.59132871e-02,2.20684351e-03,2.70362456e-02,2.16816063e-02,1.71163323e-02,-1.87095123e-03,-1.10688365e-02
-1.30454366e-01,-5.23263805e-02,3.51913701e-02,-5.06981149e-02,-2.46607614e-03,-2.91092203e-02,-7.46985166e-02,-6.63397760e-03,5.06410844e-02,3.41068398e-02,-7.50650592e-03,-4.10271140e-03,-2.37678366e-02
-1.35135262e-01,-3.35766066e-02,7.99675127e-02,1.08833086e-02,4.87491434e-02,-7.68541393e-03,-7.86717650e-02,-3.19445581e-02,2.99549647e-02,2.73673438e-02,-1.44470151e-02,1.08169982e-02,-2.69640062e-02
-1.34585084e-01,-2.51826549e-02,1.10410418e-01,3.86368547e-02,8.42705096e-02,1.99386984e-02,-6.68440974e-02,-2.50388609e-02,1.36276743e-02,1.81368258e-02,-2.30655302e-02,-4.89723679e-04,-3.28041991e-02
-1.03312535e-01,1.68999572e-02,1.11567228e-01,3.87052895e-02,7.36086608e-02,3.05238166e-03,-4.62397732e-02,1.69523039e-02,1.84848939e-03,2.20236618e-02,-4.40186422e-02,-2.27730054e-02,-4.52448461e-02
-4.72212089e-02,5.20071388e-02,8.69699431e-02,3.54126801e-02,5.91721539e-02,-1.01603954e-02,-7.86216876e-03,4.47944500e-02,-2.18058383e-02,2.45983466e-02,-5.10014946e-02,-4.32667134e-02,-5.65431451e-02
-1.98310434e-02,4.32341827e-02,5.34985112e-02,4.95693541e-02,6.93412773e-02,-2.15136820e-02,1.61350431e-02,4.64794411e-02,-5.25699541e-02,2.50007402e-02,-1.63096216e-02,-3.05714625e-02,-3.76355583e-02
3.17609466e-02,4.08199832e-02,4.72130266e-02,6.39389249e-02,7.85924201e-02,-1.63917362e-02,1.99010215e-02,4.89413011e-02,-7.24047925e-02,7.73517084e-03,1.67912496e-02,-2.31826887e-02,-3.40158361e-02
9.10185680e-02,4.72440036e-02,9.92597416e-03,5.45551009e-02,5.10565393e-02,-7.38075684e-03,4.93953751e-02,9.54943313e-02,-7.46201017e-02,-1.97341837e-02,3.84634506e-02,-2.95896521e-03,-4.99707031e-02
7.01621449e-02,3.26896086e-02,-3.32363525e-02,4.31565711e-03,-1.76717692e-02,-4.22695226e-04,3.56615010e-02,6.78435579e-02,-6.22164327e-02,-1.25397581e-02,3.40462805e-02,-1.37269451e-02,-5.78282041e-02
4.17583572e-02,1.34368247e-02,-4.55715295e-02,1.70729102e-02,-3.32376435e-02,-9.17946261e-04,6.95914177e-03,4.28764115e-02,-2.70838244e-02,-5.68309883e-03,9.02579987e-03,-1.04187501e-02,-4.35594317e-02
3.42212274e-02,2.54195934e-03,-4.11655542e-02,4.59990571e-02,-3.07824526e-02,6.52335641e-03,3.46361668e-03,1.35796089e-02,-1.17728475e-02,-6.67591711e-04,1.09718212e-02,9.21721055e-04,-3.38764244e-02
2.97830547e-02,-1.20700038e-02,-2.70721972e-02,7.07782010e-02,-1.75538946e-02,3.20219278e-02,1.14592172e-02,4.59779156e-03,-1.39462118e-02,-2.44287305e-02,2.41610901e-02,2.71107165e-02,-9.14461921e-03
2.97330865e-02,7.65023092e-03,-1.86386985e-02,7.46009133e-02,-1.89581413e-02,3.22713513e-02,1.75881627e-02,9.70128849e-03,1.03449534e-02,-3.79021780e-02,2.42667297e-02,5.28354022e-02,-1.21612033e-02
4.35209422e-02,2.60498132e-03,-2.95261673e-02,6.46327497e-02,-3.62862406e-02,2.28868254e-02,1.15394660e-02,-3.85870283e-03,2.41342287e-02,-2.58365973e-02,3.48502595e-02,6.73286993e-02,-1.66778405e-02
4.95321092e-02,-2.93313809e-03,-2.12567720e-02,5.28051737e-02,-7.76260009e-03,2.18272084e-02,1.29727368e-03,-3.16259705e-02,1.90699583e-02,-4.48889213e-02,3.94202908e-02,8.30035282e-02,-1.27956134e-02
5.08007626e-02,-2.29345393e-02,-6.35798126e-03,2.89634714e-02,1.97380435e-02,3.45994316e-02,-5.46160911e-03,-6.10312087e-02,1.82525984e-02,-6.92977385e-02,2.12437145e-02,6.44900000e-02,-4.96512091e-03
4.49914298e-02,-3.02896878e-02,-7.27971271e-03,-2.35195203e-02,1.17672812e-03,4.71836944e-02,4.33722841e-04,-6.22139683e-02,2.23223230e-02,-8.38555152e-02,-9.59737368e-03,4.44249655e-02,-1.72582233e-02
4.23047930e-02,-2.88338813e-02,7.52111641e-03,-5.07338848e-02,-1.54363820e-02,5.55169214e-02,1.96230212e-02,-4.30017887e-02,1.07141608e-02,-9.03953241e-02,-4.27773749e-02,1.78584980e-02,-3.00052127e-02
1.62355987e-02,-5.30921415e-02,8.29425038e-03,-5.31977245e-02,5.48200844e-03,3.97054035e-02,6.25725596e-03,-4.02903098e-02,1.20504646e-02,-7.99905631e-02,-6.99032871e-02,-8.71761228e-03,-2.26346019e-02
1.72113785e-02,-5.57475559e-02,4.57037115e-03,-5.68731627e-02,1.57913069e-02,2.45380833e-02,7.01587302e-03,-5.80151949e-02,1.16626796e-02,-4.56173788e-02,-6.50686388e-02,-1.99550928e-02,-3.88376291e-02
1.85904641e-02,-4.83346659e-02,3.25802247e-03,-6.15624691e-02,5.47738495e-03,2.47003523e-02,2.06796524e-02,-3.79410939e-02,-1.91073515e-04,-1.23423851e-02,-4.64274566e-02,-1.94259949e-02,-2.74804858e-02
1.28757431e-02,-2.64314026e-02,7.11971115e-03,-5.18763434e-02,1.03686531e-02,1.37974929e-02,3.95493766e-02,1.31089129e-03,1.45459928e-02,1.42069749e-02,-2.64241940e-02,-1.52384383e-02,-3.01579070e-02
1.05462278e-02,-8.89114718e-03,1.34422928e-02,-2.94990315e-02,1.01475042e-02,-8.42105770e-03,2.99534601e-02,1.99307030e-02,2.58899331e-02,4.34794510e-02,5.32805418e-03,-5.31831097e-03,-3.14429232e-02
-1.23622372e-02,-1.36496057e-04,1.68077865e-02,2.86973885e-02,4.50077326e-02,-1.22098598e-02,1.25647480e-03,2.47413868e-02,1.86577346e-02,5.62549277e-02,3.05639618e-02,1.27287454e-02,-1.05699689e-02
-4.15944929e-02,2.17160645e-02,3.90634625e-03,6.81981027e-02,5.56183353e-02,-7.72730768e-03,-2.62865161e-02,1.93612690e-02,1.52490493e-02,3.34630986e-02,1.43745209e-02,7.76633509e-03,-1.12605414e-03
-6.67467090e-02,2.58913498e-02,-2.21933585e-02,6.55509498e-02,1.47872763e-02,-1.49194795e-02,-2.98464980e-02,6.00696310e-03,3.01727148e-02,-1.18041257e-02,-4.70447055e-03,-4.06855234e-03,-8.63799100e-03
-6.22824281e-02,4.20486137e-02,-3.47132102e-02,6.21042983e-02,-2.25027749e-02,2.20227040e-03,-7.01942728e-03,-5.08020826e-03,2.86304774e-02,-2.50871389e-02,-3.33677172e-02,1.06161383e-03,1.33475801e-02
-6.64863862e-02,1.51385020e-02,-6.19462621e-02,4.07750060e-02,-1.87172918e-02,1.96549917e-02,2.84309862e-03,-1.66977505e-02,3.26523940e-02,-4.77530579e-02,-5.17077258e-02,6.43813877e-03,4.23935662e-02
-6.49233033e-02,7.56137422e-03,-8.68936457e-02,6.53094327e-03,-3.09292490e-02,3.52010148e-02,1.18859569e-02,-2.12283349e-02,4.08149799e-02,-4.68778304e-02,-4.07943987e-02,3.24838577e-02,4.43277387e-02
-5.46356703e-02,3.61763324e-02,-6.02248730e-02,1.38447503e-02,-3.96370731e-02,6.34162703e-03,-7.41662597e-03,-2.90921375e-02,4.80616831e-02,-8.72863318e-03,-5.03722980e-02,1.02626714e-02,4.30848582e-02
-3.47126917e-02,2.26208127e-02,-6.85469619e-02,4.08557039e-03,-1.99102121e-02,9.01214455e-03,3.36239817e-02,4.17780510e-02,6.75057634e-02,1.35730427e-02,-3.76855919e-02,-1.41820233e-02,2.96666062e-02
-8.14085754e-03,-1.56851178e-02,-5.92146656e-02,-1.55558660e-02,1.29181383e-02,1.69679791e-02,4.28343424e-02,5.94187194e-02,7.29813598e-02,3.77145770e-02,-1.08812496e-02,-3.95693270e-03,1.83302443e-02
-4.04587261e-02,-5.52249409e-02,-1.70231165e-02,1.70378044e-02,3.49896951e-02,2.47327073e-02,6.52628314e-02,6.49320980e-02,2.61214186e-02,4.47356369e-02,2.53288490e-02,1.87115179e-02,2.82575885e-02
-7.20590078e-02,-6.02449774e-02,1.16369728e-02,5.87450582e-02,7.42665811e-02,5.41639931e-02,4.77365539e-02,5.77778947e-02,-8.53496341e-03,2.75543596e-02,-1.48531905e-03,2.76549795e-03,-5.73214250e-03
-7.09697121e-02,-6.63772832e-02,4.00631057e-02,6.30670895e-02,4.04778453e-02,1.06133605e-02,1.09030290e-02,5.22263582e-02,-2.18532047e-02,-1.29965085e-02,-3.57651024e-03,-1.04657495e-02,-5.51025451e-02
-5.06163122e-02,-6.88184590e-02,1.63611300e-02,7.21391664e-02,5.44068548e-02,-4.10441328e-04,6.09660633e-03,5.20796886e-02,-4.27255627e-02,-1.45785969e-02,-4.02283757e-03,-3.62802339e-02,-5.16108249e-02
-2.20014633e-02,-7.92110492e-02,-5.81482791e-03,3.89102037e-02,5.11199301e-02,1.51689856e-02,1.33504800e-02,2.17749843e-02,-4.46938106e-02,-1.46536076e-02,1.94648776e-02,-2.01386962e-02,-3.23657349e-02
-3.09666027e-02,-1.00655572e-01,-4.65196931e-02,-1.42368229e-02,2.05434442e-02,4.19731288e-02,1.00342167e-02,2.63648767e-02,-3.52255753e-02,-9.91678645e-03,3.97381974e-02,1.90703707e-02,-1.06964899e-03
2.14284837e-03,-2.60354816e-02,-2.44468828e-04,-1.45340985e-02,-2.06768418e-02,-1.55701172e-02,-4.95382695e-02,1.64366663e-04,-1.18681098e-02,2.29088809e-02,2.64721516e-02,1.09836309e-02,6.23063748e-03
4.90947155e-02,2.16400530e-02,-1.06982231e-02,-2.49206688e-02,-2.61211356e-02,-1.82587527e-02,-2.34671528e-02,4.72019460e-02,-1.07664032e-02,1.52145843e-02,1.98544672e-03,-1.47250345e-02,9.81785637e-03
1.13937999e-01,1.94444690e-02,-2.87311011e-02,-5.03808255e-02,-6.18996361e-03,5.14827210e-03,-3.33977235e-02,5.42954190e-02,1.01949371e-03,2.67194034e-02,-2.10276383e-03,-7.73142473e-03,3.37003907e-02
1.08549716e-01,1.73349034e-02,-2.94114820e-02,-2.74764373e-02,-6.61864155e-03,-5.84825972e-03,-2.11213047e-02,2.26884621e-02,-2.28997365e-02,2.35641238e-02,7.00628156e-03,2.11193932e-02,3.71354082e-02
3.66943390e-02,-5.24953604e-03,-3.10106867e-02,-9.05572126e-03,-4.87337868e-03,1.34118431e-02,-3.09984311e-02,-1.53130908e-02,-2.75776978e-02,1.16985786e-02,-3.58129605e-02,9.11710602e-03,3.28016386e-02
3.42514493e-02,-1.70216648e-02,2.06476058e-02,2.11294505e-02,-2.54475749e-02,-8.28506215e-03,-2.73016638e-02,-2.93766727e-02,-1.23497295e-02,1.42692398e-02,-4.83809830e-02,1.43671573e-02,9.51307058e-03
3.84457575e-02,4.28113167e-03,3.43613992e-02,2.25215687e-02,5.85019741e-03,-4.52683639e-03,-1.88162786e-02,-3.99520735e-02,-2.80400204e-02,3.23620611e-03,-4.10794405e-02,1.71412431e-04,1.87942690e-02
2.90630361e-02,2.81952524e-03,3.40138396e-02,3.45936049e-02,2.49210022e-02,-8.39905516e-03,-6.99558806e-04,-5.34633240e-02,-2.84997727e-02,1.46526441e-02,-2.31731979e-02,6.69262442e-03,1.63996747e-02
-7.09355986e-03,-1.81666534e-02,7.26747041e-03,1.88373768e-02,1.56344724e-02,-1.25189925e-02,1.12998389e-03,-3.54766544e-02,7.20627218e-03,3.09875359e-02,-6.87579714e-04,2.01286956e-02,3.64658188e-02
-3.35294696e-02,-1.58241481e-02,6.34239803e-03,1.03975797e-03,-1.44190982e-02,-4.99179696e-02,-2.20260760e-02,-3.51716191e-02,4.52123360e-02,5.97428578e-02,1.18252356e-02,9.20368200e-03,4.63851397e-02
-1.68576966e-02,1.42147865e-02,1.40818334e-02,-1.79019716e-02,-2.85015797e-02,-7.14792413e-02,-1.31145177e-02,-1.87715213e-02,3.68278822e-02,3.14025620e-02,1.67311270e-02,4.98874258e-03,5.52148400e-02
1.17340043e-02,1.96859818e-02,-1.00895101e-02,-2.14330638e-02,-2.66257831e-02,-4.30880444e-02,1.04169698e-02,-1.34635388e-02,2.55377741e-02,3.26210689e-03,-7.74803037e-03,-8.69688316e-03,6.40859515e-02
2.71922024e-02,5.34889387e-02,6.18186733e-03,-2.36840297e-02,-1.36451901e-02,-2.49883045e-02,2.73597800e-02,-1.52320136e-02,4.08551797e-03,-2.45537427e-02,7.02093494e-03,-1.10704133e-03,1.15092648e-02
-4.16406678e-02,3.02650498e-02,-3.40506258e-03,8.80240039e-03,-2.71655731e-03,-5.54702612e-02,-3.50105124e-02,-2.27812499e-02,4.48878537e-03,-2.16452433e-02,-4.80223288e-03,-2.33194937e-02,7.29162449e-04
-2.89599083e-02,2.14473174e-02,3.85826590e-02,7.67328375e-03,-7.22573745e-03,-3.12370797e-02,-1.06017102e-02,-3.56765313e-03,1.27211354e-02,-3.92150702e-03,6.01843914e-03,-1.81886002e-02,-4.68458752e-03
-7.64774004e-03,3.46728366e-02,4.67521489e-02,-1.76117797e-02,7.37459785e-03,6.19740451e-03,-1.69337786e-02,-2.87168394e-02,1.88640812e-02,1.01680286e-02,1.25319858e-02,3.75208839e-03,1.40574219e-02
3.96240967e-03,4.01540799e-02,4.88074500e-02,3.29448054e-02,3.66302858e-02,3.39953435e-03,-4.51229303e-02,-4.29410355e-02,2.16253856e-02,7.17542414e-03,-5.91500362e-03,1.52239787e-02,1.43958454e-02
2.94757773e-03,5.79134946e-02,6.81691384e-02,4.41183874e-02,2.51851731e-02,7.69612603e-03,-3.99596180e-02,-1.78293992e-02,2.74518650e-02,2.45103627e-02,6.29401782e-05,3.64087604e-02,2.32109221e-03
2.66646211e-03,2.46800597e-02,6.38804048e-02,2.91739943e-02,2.99231786e-03,-1.75196736e-03,-5.35980855e-02,1.10754111e-02,4.97333253e-02,1.45756539e-02,-5.71598934e-03,-7.49736629e-03,-1.79045756e-06
-3.76452402e-03,-4.46281975e-04,3.60404432e-02,1.40891599e-02,2.50925661e-02,-2.26941202e-02,-7.59534412e-02,2.27623597e-02,6.30630749e-02,4.48060418e-03,-2.39658330e-02,-1.50534665e-03,1.51375851e-02
-8.63721883e-03,-2.40554681e-02,-6.25547731e-02,-4.30719128e-03,1.32754896e-02,-1.13796774e-02,-4.26252145e-02,-3.86919076e-03,5.65444449e-02,-1.10517418e-02,-4.60604108e-02,-4.74454895e-03,3.38642547e-02
3.11252882e-03,-2.90455584e-02,-4.89132516e-02,-3.50745783e-02,-1.26246180e-02,-2.44283377e-03,-5.11744773e-03,2.06931242e-02,4.85598782e-02,-4.51947782e-02,-5.07410736e-02,-1.22330609e-02,-6.97069265e-03
-5.94750512e-03,-2.71126196e-02,-3.07306539e-02,1.21098645e-03,1.27090285e-02,-3.77641591e-02,-5.67593143e-02,1.49288557e-02,3.62653866e-02,-2.98490289e-02,-4.90265592e-02,-2.35188526e-02,-3.26247477e-02
1.53963237e-02,-1.79347081e-02,-2.44946211e-02,-2.68248447e-02,1.20760046e-02,-1.77430184e-02,-1.03475095e-02,4.58236038e-02,2.82866952e-02,-2.91713497e-02,-1.34804610e-02,-9.62649405e-03,-1.14418541e-02
2.44800503e-02,-9.76722083e-04,-3.56380185e-02,-6.02846182e-02,1.29980768e-02,6.94833488e-03,1.07665671e-02,2.42141441e-02,1.41113035e-02,-2.49512087e-03,-9.37124475e-03,-2.13080457e-03,1.05624802e-02
4.23199096e-02,2.28273081e-02,-1.24024021e-02,-2.09043648e-02,4.33875672e-02,-6.59881765e-03,-3.60188191e-03,1.22806420e-02,1.59822314e-02,7.88122346e-03,-1.05132432e-02,-1.84462809e-02,3.62102123e-02
2.91561062e-02,4.40644815e-02,2.14029351e-03,-1.45462596e-02,3.56619161e-02,-2.91327329e-03,-3.81113758e-03,2.89952270e-02,1.55580411e-02,3.00956269e-02,8.78974214e-03,-4.52905217e-03,4.02015642e-02
5.23014699e-02,5.35821110e-02,3.43334975e-02,-2.16222520e-02,1.03082887e-02,-2.75240648e-02,-1.72639628e-02,2.51929643e-02,-1.83567601e-02,-2.62824876e-03,2.01097222e-02,-2.49774949e-02,1.17749126e-02
-2.69412264e-03,2.98222574e-02,-6.93635551e-04,-2.28282114e-02,3.22349322e-02,-3.08097767e-02,-3.04925349e-02,6.97279494e-03,-1.10112815e-02,-2.58584660e-02,-4.70063771e-03,-3.31396713e-03,2.59525099e-02
-3.66426303e-02,2.42089030e-02,-1.94422738e-02,-1.85485520e-02,4.20626595e-02,-1.86289512e-02,-2.55567462e-02,-2.95620091e-02,-2.74678643e-02,-7.96501261e-03,1.22627129e-02,9.45687612e-03,3.30186872e-02
-4.18556429e-02,8.51815265e-03,1.41296387e-03,-9.91298213e-03,2.66810044e-02,-7.25857173e-03,1.73383904e-02,-4.36363079e-03,-1.95707228e-02,-3.80174408e-02,-2.80675826e-02,-3.66130197e-05,7.64230839e-03
-8.24098373e-02,-5.18502857e-02,-3.83301875e-03,1.20874605e-03,1.82393738e-02,-2.44259726e-03,-5.03292464e-03,-1.68524628e-02,3.54269558e-03,-2.27607531e-02,-4.03036383e-02,-1.62021262e-02,-1.53169339e-02
-8.20190748e-02,-8.60135979e-02,-3.97640234e-02,-9.15686639e-03,1.11448403e-02,1.31991382e-02,2.88000819e-02,1.57016483e-02,7.09920338e-04,-1.79491586e-02,-9.86712599e-04,9.17251710e-03,-1.63564497e-02
-2.99541150e-02,-4.41843968e-02,-4.07741510e-02,-1.05184309e-02,1.42508367e-02,2.33230365e-02,4.33527441e-02,2.14068086e-02,9.42149287e-03,6.05613715e-03,-6.00524452e-03,1.78895132e-02,-4.07502360e-02
-4.88770824e-03,-2.75129614e-02,1.93799641e-02,1.70969753e-02,1.99852710e-02,-5.13579214e-03,4.74222910e-02,1.04752777e-02,2.91041078e-02,3.30282533e-02,1.32367800e-02,-1.81720973e-03,-2.15213327e-02
1.65600507e-02,-2.18087521e-02,4.11916253e-02,2.31527593e-02,6.93474246e-03,5.54453595e-03,1.75667169e-02,5.57198757e-02,7.08665611e-02,3.51509011e-02,2.83671737e-02,-1.06858876e-02,-7.13366558e-03
2.73499535e-02,9.31342990e-03,2.94331890e-02,4.59770473e-02,1.32606659e-02,2.93463094e-02,3.33067514e-03,-3.82993638e-03,7.05972837e-03,6.88574971e-03,-5.54556711e-03,-4.78472189e-02,-5.64811926e-02
3.24509645e-02,-1.13576209e-02,-1.08034820e-02,3.11380303e-02,3.14494976e-02,5.90244354e-02,-1.23190933e-02,-3.53569850e-03,4.17590398e-02,1.01570883e-02,-1.07233845e-02,-3.43594029e-02,-3.87197252e-02
1.80634576e-02,3.43628296e-02,4.57475533e-02,5.98268268e-02,1.89980194e-02,6.54612962e-02,-1.34521260e-02,-3.64293705e-02,2.37295030e-02,2.83807289e-02,-7.47593604e-04,-4.24927111e-02,-3.47979714e-02
4.77040024e-02,6.66289822e-02,8.23365052e-02,5.84830449e-02,1.23801669e-02,8.92779978e-02,9.08364761e-03,-1.97182437e-02,-1.98489960e-02,-1.02111134e-02,-1.46725322e-03,-2.90810494e-02,-3.04279177e-02
-3.72119570e-02,-1.23638639e-02,3.72382403e-02,6.13429903e-02,1.27732400e-02,8.22422191e-02,-8.47770726e-03,-5.28986568e-02,-3.04874370e-02,-2.70994621e-02,-1.25641619e-02,-4.65907839e-02,-1.50942568e-02
-4.98938461e-02,-2.52311486e-02,2.72134613e-02,4.48195049e-02,1.19746202e-02,7.14973417e-02,-1.55278609e-03,-7.92736231e-03,-2.41480057e-02,-1.25622870e-02,-7.30135429e-03,-2.85514617e-02,1.59316983e-02
-3.83503112e-02,-1.52497469e-02,1.66384649e-02,2.65481389e-02,1.97370771e-02,7.42220526e-02,9.85974403e-03,2.50832059e-02,2.33334881e-03,5.21726372e-03,-4.35691163e-03,8.63366898e-04,1.04034005e-02
-5.87212290e-02,-3.34175101e-02,9.35578934e-03,5.27406488e-03,-4.73144381e-03,3.16614702e-02,1.96799590e-02,4.25800825e-02,2.29937333e-02,3.32211966e-02,2.99125072e-02,-1.68380006e-02,2.01093546e-02
-3.71784814e-02,-1.81267707e-02,1.92743511e-02,-2.17197755e-02,2.39946705e-03,7.62930895e-03,1.50281740e-02,5.56841420e-02,1.39148847e-02,3.72802743e-02,5.40241403e-02,6.68691636e-03,5.57719337e-02
-5.44794692e-02,1.15942123e-02,9.96665440e-03,2.55118333e-02,2.09813237e-02,3.16841315e-02,2.05975704e-02,1.10765742e-02,-4.47437267e-03,1.25559396e-02,3.17039689e-03,-3.27537422e-02,3.87744810e-02
-6.13589182e-03,-1.63868000e-02,-2.52847664e-02,-2.49200266e-03,1.63432181e-02,2.50770029e-02,2.72213294e-02,1.48600235e-02,3.34294013e-02,3.39510336e-02,-8.32753096e-03,-2.46179916e-02,2.56292926e-02
4.13872569e-02,2.21445971e-02,1.57699899e-02,1.47469001e-02,1.24746813e-02,4.46353722e-03,2.85235354e-02,2.49589198e-02,6.32638731e-02,5.80667180e-02,-3.82175140e-02,-4.04016879e-02,-4.26944332e-03
6.91049657e-02,4.11690675e-03,-4.77465682e-04,-1.26532801e-02,-3.89750248e-03,2.38680272e-02,5.33549592e-02,4.16646143e-02,4.06624605e-02,4.87557510e-02,8.24194815e-05,-2.30287253e-02,-6.06718289e-03
6.00620360e-02,-1.87549172e-02,-1.52682795e-02,-1.15439576e-02,-8.30022729e-03,7.71194656e-03,4.93957322e-02,-1.10983627e-02,-2.09590385e-02,-1.54122091e-03,-4.96006735e-03,-9.05123587e-03,-1.51211861e-02
1.03668033e-01,2.29870029e-02,2.52565855e-02,2.41299372e-03,-4.38873344e-03,-3.21854632e-02,5.58771096e-02,3.49204998e-03,-2.67773694e-03,6.32189754e-03,-2.75415973e-02,5.21703187e-03,-1.02224262e-02
7.76953311e-02,1.56138625e-02,3.70048538e-02,-3.37510342e-03,-5.23151402e-03,-6.11814292e-02,2.63023401e-02,-4.00843942e-03,3.23207261e-03,6.38625701e-03,-1.39736422e-02,2.31464309e-02,-1.48738353e-02
3.22497695e-02,-1.75096203e-02,1.34331150e-02,-3.31685210e-02,-3.23841185e-02,-4.73519245e-02,-4.19219653e-03,7.50628143e-03,1.14642280e-02,1.12081337e-02,-9.21242390e-03,-4.08473857e-03,-5.34029217e-02
4.07886956e-02,1.16048545e-02,1.40288660e-02,-3.39575809e-02,1.57139276e-03,-5.13405396e-02,-1.77303769e-02,-2.20912376e-03,-3.68694270e-02,1.77363977e-02,2.13938888e-02,-1.30883850e-02,-1.27442871e-02
-3.68516972e-02,5.10927431e-03,4.54641937e-02,9.14549860e-03,3.92488084e-02,-1.60110468e-03,-4.54561692e-03,1.45607060e-02,2.95942457e-03,8.51675728e-03,3.69895992e-02,-1.22081570e-02,8.28218981e-03
-4.87968765e-02,1.64240887e-02,1.60062849e-02,-1.98651486e-02,-1.35733660e-02,-1.11092597e-02,-2.18465613e-02,-2.64767599e-02,-1.16740382e-02,-1.11867096e-02,3.46636388e-02,-1.80342255e-02,3.39678414e-03
1.61425062e-02,5.20747888e-02,3.03398355e-02,3.29790226e-02,-1.64580647e-03,-4.83879515e-02,-5.51691984e-02,2.15825289e-03,2.84813637e-02,7.59043077e-03,2.72664355e-02,-2.45265186e-02,-2.04815732e-02
8.33446151e-03,3.26902490e-04,-7.14859142e-03,3.02924304e-02,4.39300818e-02,-8.44308009e-03,-3.54816342e-02,4.00205822e-02,6.53137962e-02,2.62339179e-02,3.88947690e-02,-1.68932069e-03,-1.59871046e-02
1.65217614e-02,-2.02535147e-02,-3.71141501e-02,-3.40302308e-04,1.20400091e-02,3.08301376e-04,-3.06578895e-02,2.23803334e-03,4.00812960e-02,-7.53514751e-03,2.40942645e-02,1.21920240e-03,3.00544908e-03
4.69944045e-02,-5.92085364e-05,-1.44043223e-02,1.24444914e-02,9.58020395e-03,2.26425769e-04,-1.28923014e-02,-4.71643543e-03,2.48435741e-02,-1.33366482e-02,2.36867315e-02,4.66517836e-02,1.69939592e-03
1.85442741e-02,-1.83016183e-02,1.61046812e-02,1.70178483e-02,1.00900221e-02,-2.31734439e-02,6.74071199e-03,-3.46992193e-03,-2.59783523e-03,-1.94743922e-02,2.52761725e-02,4.35021626e-02,7.49910482e-03
-8.53892107e-03,-4.26446128e-02,6.09570493e-03,6.16188860e-03,1.68450684e-02,5.44961978e-03,-2.11989948e-02,-5.71084853e-02,-4.03148247e-02,-2.32913011e-02,-6.36050415e-03,3.69684702e-02,-2.08329453e-03
-6.62298509e-02,-6.10244710e-02,2.96697944e-03,-1.84673453e-02,-1.63617125e-02,-6.28585515e-03,-2.88726605e-02,-4.97706418e-02,-5.16935385e-02,4.63963976e-03,-2.15131440e-02,-5.33264312e-03,1.31663309e-02
-1.85397868e-01,-7.81951977e-02,7.22295083e-03,4.15239059e-04,9.03576119e-03,3.10112160e-02,-5.13162472e-03,-6.08566673e-02,-7.62427816e-02,-1.75931543e-02,-8.05192633e-04,2.05139107e-02,-3.25688126e-03
-2.31077833e-01,-4.49580240e-02,-1.67273541e-02,-2.37403695e-02,-1.55203637e-02,4.12929803e-02,-1.52378756e-02,-7.99543248e-02,-1.24723191e-01,-3.93606443e-02,-9.86025204e-03,3.61246196e-02,-1.54388027e-02
-2.32442846e-01,-2.53673883e-02,-5.86732845e-02,-1.71323242e-02,-3.93030468e-02,3.35519959e-02,3.30013575e-02,-1.19343376e-02,-1.04437565e-01,-3.22011264e-02,7.39482943e-03,3.21598422e-02,-3.32066279e-02
-1.85272059e-01,1.46572070e-03,-7.03568619e-02,-1.13619611e-02,3.57696016e-03,4.62266259e-02,6.23636119e-02,3.93517347e-02,-8.38181417e-02,-3.46272515e-02,-1.06047017e-02,5.31846263e-02,-3.47788823e-02
-1.04540419e-01,3.35681549e-02,-9.11493313e-02,-4.00321779e-02,-3.09351884e-02,1.61679243e-02,6.79318288e-02,4.28653822e-02,-6.93492889e-02,-1.14090051e-02,3.44491971e-04,4.40126980e-02,-4.93843786e-02
-1.41505120e-02,6.01375338e-02,-8.67407701e-02,-4.18224636e-02,-4.73668395e-02,4.65435253e-04,6.15675829e-02,4.93528060e-02,-5.11425645e-02,1.32778291e-02,4.24979021e-02,9.07329879e-02,-4.90110648e-02
7.84646590e-02,8.65797758e-02,-3.98649304e-02,-1.15262317e-02,-2.76510886e-02,-2.99867788e-02,7.30331344e-02,7.82617017e-02,-2.67489888e-02,1.05311644e-02,2.64072807e-02,5.66869762e-02,-1.37301428e-02
1.35570119e-01,6.61388016e-02,-2.68261825e-02,1.63419296e-02,-4.69582808e-03,-3.79535223e-02,3.92023665e-02,5.28588191e-02,-3.62095896e-02,1.38221870e-02,1.05961999e-02,4.28967116e-02,1.91218071e-02
1.46536645e-01,2.68823038e-02,-3.58510665e-03,-1.99307291e-03,-2.79246817e-02,-3.23469960e-02,3.59889063e-02,7.53395202e-02,8.18680409e-03,3.38872880e-02,-9.48837571e-03,7.09763037e-04,3.00470474e-02
1.01862991e-01,3.37640645e-02,2.50639169e-02,3.16586505e-02,3.11211464e-03,-4.99998941e-02,1.01473985e-02,2.03867865e-02,5.63132484e-03,1.73171945e-02,1.26875967e-02,-1.00203231e-02,1.03522504e-02
8.15968334e-02,1.69501585e-02,4.59093378e-03,4.27231668e-02,6.77846795e-03,-5.94309684e-02,-1.75024487e-02,-2.98395334e-03,-3.89615207e-03,-2.58446475e-03,6.80000794e-03,-7.75097994e-03,2.81438619e-03
5.35804543e-02,-2.39268468e-02,9.34806640e-03,3.33768405e-02,-1.36060002e-02,-4.16115504e-02,1.46604956e-02,2.38447675e-02,6.63651399e-03,-1.23171781e-04,1.30077467e-02,-2.47431126e-02,-6.34896393e-04
3.81538360e-02,-2.93761493e-02,7.69180675e-03,2.37384510e-02,-2.27520935e-02,-4.44992687e-02,-1.40428588e-02,-1.25645965e-02,1.05620313e-03,-1.12113491e-02,-8.67491305e-03,-2.75805064e-02,4.75291165e-03
3.64698154e-02,-1.79078180e-02,2.14342254e-03,-2.00541003e-02,-3.29365936e-02,-3.72491156e-02,-2.26683561e-02,-3.27357685e-02,2.82894257e-03,-2.78010104e-02,1.92782477e-02,-1.60940666e-02,-3.30531069e-02
4.85065276e-03,-2.76910134e-02,5.46719369e-03,-3.55112536e-02,-5.55292010e-02,-3.41568083e-02,-9.44118708e-03,-2.34105884e-02,2.44931550e-02,-2.04788342e-02,5.69693946e-02,9.66443739e-03,-5.28878894e-02
4.86308972e-02,-7.06733991e-03,1.22021889e-02,-2.86521535e-02,-1.32972133e-02,-2.10542334e-02,-1.36059529e-02,-4.14671763e-02,2.05086864e-02,-4.61683116e-02,3.90214362e-02,-1.74498661e-02,-4.56864166e-02
2.20814083e-02,-4.97269517e-02,1.19031359e-02,-3.31794694e-02,4.39142374e-03,-1.63308507e-03,-2.61198611e-02,-4.33305700e-02,1.12953281e-02,-3.82405117e-02,-1.46362276e-03,-2.56060631e-02,-3.47545577e-02
1.88364989e-02,-3.16587356e-02,6.04401290e-02,-9.03693036e-03,-7.63333611e-03,1.34887480e-02,-1.84076548e-02,-3.20829677e-02,2.07928236e-02,-4.19210639e-02,-2.00361050e-02,-2.48777246e-02,-4.38638531e-02
-1.21789066e-02,-9.93610525e-03,4.82631867e-02,-2.66928993e-02,2.08738544e-02,1.43778045e-02,-1.56170904e-02,-3.97604365e-02,2.89677793e-02,-4.55333656e-02,-1.04599858e-02,-2.10655577e-02,-4.75078160e-02
-3.60847219e-03,-4.38315805e-03,1.51009965e-02,-3.05303036e-02,3.00986410e-02,1.93939199e-02,-5.77623157e-03,-9.07909134e-04,1.82922949e-02,-3.57711019e-02,-4.00128672e-03,-2.98893171e-03,-3.76402137e-02
2.27898787e-02,-2.19791940e-03,4.18002228e-02,1.13346169e-02,3.11338365e-02,3.12218963e-02,2.84738003e-02,7.08564407e-03,2.15229559e-02,-1.58874001e-02,-8.48306425e-03,1.51025252e-03,-1.66527692e-02
7.22606989e-03,-5.45663139e-03,2.74757067e-02,1.01225697e-02,2.44448494e-02,2.00242416e-02,9.58950542e-03,-9.42928659e-03,1.47842585e-03,4.80643122e-03,-3.60543804e-02,-1.87882366e-03,8.07119893e-03
7.16766471e-03,2.39126069e-03,1.03020215e-02,-3.48548637e-03,1.26898274e-02,1.95215301e-02,2.41799533e-03,-1.59085876e-02,-1.75816286e-02,5.94971482e-03,-1.49809064e-02,2.53930706e-02,1.28912960e-02
-1.93227278e-02,-1.47441996e-02,-1.04959261e-02,8.39573844e-03,-1.22250948e-02,2.44852520e-02,1.44215509e-02,1.48340397e-03,4.12377358e-03,1.33123115e-02,-4.82574848e-03,4.15335484e-02,3.69689450e-03
-7.02692830e-04,-1.03356346e-02,-3.49469680e-02,-7.74245686e-04,1.03393210e-02,9.18414590e-03,-1.43442595e-02,-2.83584019e-02,-1.42399277e-02,2.75021124e-03,-1.67205537e-02,1.19494605e-02,-1.39786652e-02
8.12458689e-03,-4.60565922e-02,-6.48938069e-02,-1.01347620e-02,3.49305123e-02,1.84110438e-02,-1.78648453e-02,-3.59069887e-02,-3.65136598e-02,-7.40471907e-03,-3.42508758e-02,-5.21068901e-03,-1.16153978e-02
2.66934640e-03,-3.16502119e-02,-3.47460721e-02,3.76685332e-02,3.70732571e-03,1.26082211e-02,-2.14825892e-02,-3.69496547e-02,-1.86200600e-02,-2.11017555e-02,-2.92203569e-03,5.26723984e-04,-2.38036180e-02
-2.90624346e-02,-1.17738543e-02,-6.23126452e-02,1.34680188e-02,-2.29133654e-02,1.78461604e-02,-3.35090725e-02,-4.06938284e-02,1.25123481e-02,-4.42797620e-02,-1.35774678e-02,-1.35278249e-02,-1.39634782e-02
-4.17837958e-03,3.18909441e-02,-4.77284376e-02,-1.86369268e-02,-3.09657647e-02,4.19285949e-02,-1.57706388e-02,-1.54971358e-02,1.46359160e-02,-1.61294922e-02,4.99494546e-03,-5.22441104e-03,-1.34380422e-02
1.39530952e-02,4.06198838e-02,-4.35423672e-03,1.27225920e-03,-4.39836693e-02,3.25120066e-02,3.73167233e-03,-9.94809942e-03,3.15965757e-02,-1.55167601e-02,1.78468237e-02,3.84845880e-03,6.16450941e-03
3.10036558e-03,5.50886016e-02,-2.37999387e-03,4.22665097e-03,-3.23375174e-02,4.11644511e-02,3.04941294e-02,1.22959414e-02,1.37986948e-02,-1.63386138e-02,2.34770780e-02,1.54415397e-02,1.15768105e-02
1.65521208e-02,4.70561048e-02,-6.61845112e-03,4.00191748e-02,-9.99673006e-04,5.18404459e-02,5.39890503e-02,3.96591395e-02,-1.91516446e-02,1.17016520e-03,4.66960294e-02,2.44143691e-02,1.79787228e-02
9.08558338e-03,2.14144462e-02,-1.55111013e-02,7.13343526e-02,2.77206515e-02,7.91458694e-02,7.78860142e-02,6.29086089e-02,-1.68239952e-02,1.37017400e-02,5.36013754e-02,3.33054334e-02,4.36743000e-03
1.69995545e-02,2.55979153e-02,-4.90298752e-03,8.77129738e-02,4.82979746e-02,4.83522655e-02,6.64390644e-02,4.55822025e-02,-3.51323545e-02,1.80172607e-02,1.86255251e-02,-2.53440535e-03,1.14180714e-02
1.97552377e-02,-1.14858223e-02,-1.18310536e-02,1.01168410e-01,6.79038250e-02,9.92521696e-03,4.97966062e-02,2.71579537e-02,-4.07980989e-02,2.84699842e-02,3.67438371e-03,-1.03090585e-02,2.55989110e-03
3.74512302e-02,-2.74405265e-02,-2.11265709e-02,1.20864161e-01,5.19784786e-02,-7.27043294e-03,1.99113635e-02,-1.56996784e-03,-4.63323996e-02,2.91560630e-02,1.34921585e-02,1.69724648e-02,-1.34394817e-02
1.76553714e-02,-1.59669612e-02,-2.32434056e-02,1.07586033e-01,1.24772290e-02,-3.83277941e-02,-3.07557621e-02,-2.83841543e-02,-9.97827220e-03,3.38799636e-02,-5.54143723e-03,2.75513176e-02,3.37009214e-03
1.82166507e-02,-3.46426716e-03,-1.33570112e-02,2.48646219e-02,4.32812017e-03,-4.09378902e-02,-5.73210949e-02,-2.70336260e-02,1.51340134e-02,6.46572015e-02,-2.54194765e-02,6.66996717e-03,9.39461818e-03
2.96773573e-03,2.19088954e-03,2.01166430e-02,-1.92612458e-02,-2.20319697e-02,-7.00664818e-02,-6.53198760e-02,-1.07995893e-02,3.69310107e-02,6.58668231e-02,-3.77732406e-02,-2.52618635e-02,2.98120045e-02
1.69011786e-02,3.37192250e-02,5.10822090e-02,-3.77680628e-02,-3.80053355e-02,-6.77545694e-02,-8.11588376e-02,2.09748694e-04,2.41044961e-02,5.81530622e-02,-1.30785106e-02,-2.73004514e-02,5.20321696e-02
-2.61403047e-03,3.51896719e-02,4.10160751e-02,-5.01291464e-02,-3.36630353e-03,-4.93023250e-03,-6.05287059e-02,-7.84237487e-03,-1.22092359e-02,3.20358950e-02,1.08060296e-02,-2.82419559e-02,5.24644134e-02
-1.73593538e-02,1.03434222e-02,4.94550372e-03,-6.46156710e-02,2.07266906e-02,3.19698821e-02,-5.33058593e-02,1.87034817e-02,5.09090951e-03,1.74255118e-02,2.13723605e-02,-3.60047958e-02,4.30919479e-02
2.13243196e-03,1.51150275e-02,-1.30355748e-02,-8.03690710e-02,1.89842755e-02,5.51014563e-02,-3.69713670e-02,3.58193951e-02,1.78436240e-02,-1.13280551e-02,3.28310848e-02,-4.07863276e-02,2.87135065e-02
-1.31890464e-02,-2.82702272e-02,-2.51564184e-03,-7.69481899e-02,3.82802814e-02,7.36585719e-02,1.07620768e-02,7.01434027e-02,4.94851370e-02,-1.40358231e-03,4.84572207e-02,-4.12742561e-02,1.79552798e-02
-1.03951321e-03,-2.56109046e-02,-3.94907248e-03,-6.40760867e-02,3.83449224e-02,7.96168991e-02,2.68681709e-02,6.16328331e-02,4.50846354e-02,-2.15096718e-02,3.05296786e-02,-1.03164627e-02,-9.62092101e-03
2.36392138e-02,3.46120343e-03,-6.80352235e-03,-3.91355568e-02,4.89140764e-02,6.94630896e-02,1.01846370e-02,8.49932673e-03,4.68857991e-02,-1.26035387e-02,3.16533575e-02,3.12432267e-02,-1.78474614e-02
2.67390819e-02,-1.68429475e-02,-1.49138899e-02,-6.99306690e-02,4.05660561e-02,5.50413842e-02,9.69098870e-03,-2.78997445e-03,5.32466081e-02,-9.84033692e-03,2.44333607e-02,4.62090269e-02,-1.21000412e-02
-6.43289652e-03,-4.78140775e-02,-2.88944436e-02,-5.79671596e-02,1.87109485e-02,2.08485015e-02,2.55484650e-02,1.18029160e-02,7.97220836e-02,4.87450377e-04,-6.66067532e-04,1.15217913e-02,-3.72025866e-02
2.65689363e-02,-2.93277878e-02,-8.50787851e-03,-4.57244625e-02,-1.90874457e-02,-1.81271900e-02,9.47195109e-03,2.43670996e-02,6.94755954e-02,5.53012407e-03,-6.28068033e-03,-2.19147617e-02,-2.63322574e-02
3.13417972e-02,-1.49257492e-02,1.17052920e-02,-7.67970682e-03,-6.44464472e-03,-1.21363703e-02,2.06827183e-02,-1.19846293e-02,3.43420176e-02,-6.63329475e-03,-6.49307296e-04,-2.25121305e-02,-2.30179715e-02
3.88074868e-02,-2.33003729e-02,3.11720612e-03,9.91935653e-03,-1.36764425e-02,-6.15894216e-03,1.32303869e-02,-7.79261316e-03,2.47563039e-02,-1.64822651e-02,1.48074177e-02,-2.89987051e-02,-1.05353358e-02
5.63328676e-02,-2.24181973e-02,-7.43072549e-03,2.29488263e-02,-3.56008161e-02,9.18505980e-03,-7.62085911e-03,3.09394951e-03,3.80166729e-02,-1.31892056e-03,2.62992933e-02,-2.82956649e-02,-2.98189249e-02
3.37537206e-02,-1.47614709e-02,1.05631081e-02,2.97183085e-02,-6.40404035e-02,1.39886991e-02,1.02263735e-02,3.20457981e-02,2.39233496e-02,2.24084367e-02,2.10506014e-02,-3.67879050e-02,-3.17132134e-02
-4.72364267e-03,3.36437553e-02,3.51232111e-02,2.23979672e-02,-8.39205658e-02,4.59379873e-02,3.54277962e-02,4.18083803e-02,-8.80007554e-03,6.89362556e-03,-2.52611690e-02,-3.19157079e-02,-4.17359314e-02
-1.89060496e-02,5.72727459e-02,4.81479982e-03,2.07005439e-02,-5.27549167e-02,4.82276492e-02,2.67250170e-03,-7.95525724e-05,-1.37643607e-02,4.30383531e-03,-2.93144694e-02,-6.00081982e-03,-2.01568957e-02
-2.63388148e-02,6.35957872e-02,-4.80269671e-03,-6.53810342e-03,-3.54371123e-02,3.21403361e-02,-1.31441564e-02,-4.98712497e-02,-1.92992536e-02,1.04749698e-02,-1.83385336e-02,4.39910080e-02,3.67917103e-02
-6.15824125e-02,8.94621699e-02,-1.78257225e-03,-2.63609965e-02,-4.77393664e-02,1.96829579e-02,6.65065143e-03,-5.25966186e-02,-1.50693034e-03,1.59423686e-02,-5.77480657e-02,3.57362923e-02,6.78556400e-02
-1.23518668e-01,8.14009332e-02,2.83007011e-02,-1.94588235e-02,-5.27358581e-02,-1.70605469e-02,5.19036221e-03,-2.85929306e-02,2.60156275e-04,2.50136947e-02,-6.91430684e-02,3.22403694e-02,8.60452056e-02
-9.12230114e-02,5.33999408e-02,-8.68756793e-03,-3.46135787e-02,-2.84140485e-02,-3.43508626e-02,6.87084489e-03,-4.34409284e-02,-1.02608285e-02,-1.14127425e-02,-1.00132577e-01,3.62305263e-02,1.02575940e-01
-5.74822478e-02,2.99515119e-02,-2.91015581e-02,-6.73086792e-02,-1.33066618e-02,-2.21706649e-02,1.90272273e-02,-2.56072458e-02,-1.03040519e-02,-2.53932536e-02,-4.20008812e-02,5.41133412e-02,8.71776649e-02
-3.15530082e-02,-3.26242689e-02,-3.52331168e-02,-3.51079355e-02,8.80843538e-03,-1.87547742e-02,-8.89622826e-03,-3.57142901e-02,8.25342684e-03,4.94976510e-03,5.59650237e-03,5.02352988e-02,7.91249643e-02
7.15328106e-03,-3.91322370e-02,-3.23615628e-02,-1.78292078e-03,-5.08082615e-03,-5.88130135e-02,9.60522675e-04,4.40515408e-03,1.77658284e-02,3.00648245e-02,2.27357921e-02,3.80023234e-02,5.86533230e-02
9.47254857e-03,-6.25234531e-03,1.11421835e-02,1.07026433e-02,7.52876457e-03,1.29870332e-02,5.89749349e-02,4.23920864e-02,-3.49083774e-02,-8.56561502e-03,-1.14231208e-02,-8.36695407e-03,-1.00065363e-02
2.41327327e-02,-1.22123206e-02,1.81964768e-02,8.29852146e-03,-1.37019324e-02,-4.96154548e-03,4.42330063e-02,5.12114127e-02,-3.14470913e-02,-3.19278528e-02,-1.29611633e-02,-6.72698251e-03,-2.14053832e-02
3.97574789e-02,-1.99502843e-02,2.64441082e-04,1.58045718e-02,6.18960647e-03,-2.70389080e-02,1.74458152e-02,1.53173732e-02,-3.61025905e-02,-2.64352737e-02,2.67356281e-03,1.46062870e-02,-1.80115803e-02
4.33637813e-02,8.58415846e-03,2.99088600e-02,1.39309224e-02,7.18956932e-03,-1.54964223e-02,6.96822778e-03,2.25067062e-02,-1.62911767e-02,-2.24985031e-02,-2.04830945e-02,-1.36165345e-02,-1.92097874e-02
-2.30875728e-02,-2.39060312e-02,4.51273255e-02,5.59569258e-02,2.25039437e-02,-2.32854076e-02,1.49755569e-02,4.21883722e-02,1.85989088e-02,2.05687599e-02,-1.30264132e-02,-3.60873702e-03,-1.40870117e-02
-2.43994226e-02,-1.95614015e-02,2.06331533e-02,1.49255265e-02,-1.45470475e-02,-4.51845852e-02,-1.29513911e-02,4.15400981e-02,-1.05155271e-02,-2.85853781e-02,-4.32548650e-02,-1.07153984e-03,7.83269044e-03
-1.34766313e-02,-5.65681188e-03,-1.36660148e-02,-3.29278063e-02,-2.23883796e-02,-2.48611219e-03,4.96195648e-03,2.52638281e-02,-1.28537546e-02,-3.96886941e-02,-5.08322221e-02,-1.90504490e-02,-4.52628150e-03
-1.71596802e-02,-1.71801851e-02,-1.25545240e-02,-3.04636588e-03,-2.03182506e-02,-1.71338525e-02,-4.21050687e-02,-2.14277936e-02,-6.19293408e-03,-3.23636801e-02,-1.86947141e-02,-1.50491370e-02,4.64773393e-03
-1.24198160e-02,-4.27552279e-02,-4.17144369e-02,1.57702290e-02,-2.06135832e-02,-6.62264052e-02,-6.69191126e-02,-5.49760198e-02,8.30216064e-03,9.53958688e-03,7.67620191e-03,-1.48057292e-02,-4.22285493e-03
-1.68067100e-02,-2.30921293e-02,-4.03422654e-02,1.42312647e-02,-3.01974835e-04,1.88513196e-03,-1.03808176e-02,-4.82945228e-02,-1.17142069e-02,1.63076354e-02,8.42801221e-03,-5.67862241e-02,-3.54780159e-02
1.88223669e-02,-2.64881878e-02,-2.38726726e-02,1.60076839e-02,-3.21025505e-03,3.73329077e-03,6.26253374e-03,-2.69848320e-02,1.28526839e-02,3.01286281e-02,1.00613674e-02,-2.74080809e-02,-1.33607246e-02
3.44412696e-02,2.49232636e-02,-1.41131592e-02,1.05388172e-02,5.29570866e-03,9.14217081e-03,1.10978229e-02,-5.73128351e-02,-1.33252417e-02,4.56027523e-02,2.25457267e-02,-1.73006543e-02,-3.74308641e-03
3.36820788e-02,1.26970263e-02,1.43802229e-02,1.22757031e-02,3.13081993e-02,1.17210324e-02,-8.44255065e-03,-3.78823728e-02,-2.85422767e-02,5.87382908e-02,4.07833069e-02,-3.08088065e-02,-1.78093464e-02
6.38050584e-02,-1.88002831e-02,-7.29365346e-03,1.69880092e-02,5.78830597e-02,3.21648217e-02,1.20092594e-02,-2.01137429e-03,9.51511719e-03,7.52397530e-02,5.49891324e-02,-2.00704983e-02,-1.93464315e-02
7.00819467e-02,-1.04220012e-02,9.41863997e-03,-3.03208862e-02,1.89569991e-03,3.84319195e-02,-3.13986339e-03,1.82928619e-02,-1.30248506e-02,2.79123498e-02,7.16611509e-02,-1.57529793e-03,-2.54760291e-02
1.37196614e-02,1.10586941e-02,-2.76776296e-02,-4.91276068e-02,-3.82227277e-02,4.25543863e-02,-1.67713136e-02,2.06214771e-02,1.39874048e-02,1.98453428e-02,7.16652333e-02,-3.77621879e-02,-1.56811134e-02
1.45319887e-02,2.79840562e-02,8.77838815e-03,-3.41953277e-02,-1.84609777e-02,3.77482659e-02,-1.79040246e-02,2.98768077e-02,2.59632439e-02,-7.73533072e-03,4.05255801e-02,-3.04028234e-02,-1.51976810e-02
8.87753575e-03,1.17502040e-02,-4.48898671e-03,-2.68129637e-02,1.25771546e-02,1.32074586e-02,-3.53273825e-02,6.49639833e-03,-9.48158356e-03,-3.45260375e-02,1.26627310e-02,-3.97475105e-02,-2.94332403e-02
-1.19546660e-03,2.53515386e-02,-5.59604040e-04,-2.65060946e-02,-1.76703289e-03,2.68776406e-03,-1.22313701e-02,1.74439635e-03,-2.39833265e-02,-2.57919263e-02,-1.06049025e-02,-5.13157925e-02,-4.35644125e-02
-1.74354705e-02,-4.19827998e-03,-3.53204370e-03,6.22819144e-03,2.67824660e-02,-3.32319990e-03,-8.46048137e-03,7.31131887e-03,-6.39160549e-04,-2.48525905e-02,-3.57525166e-02,-1.34947876e-02,-2.79241717e-02
-1.47182293e-02,2.32935009e-02,4.99437018e-03,5.26881538e-03,1.52019939e-02,-2.45014369e-02,-9.23513228e-03,-1.09213602e-02,-3.27595172e-04,-3.07232713e-02,-4.41992196e-02,9.24563225e-03,-2.63951840e-02
-2.54789255e-02,2.43176213e-02,2.10968888e-02,-4.36819351e-03,1.54065426e-02,-4.76943282e-02,7.29060497e-04,-1.80307001e-02,-2.68514205e-02,-7.58764863e-03,-5.11927350e-02,2.60442936e-02,-1.14231222e-02
8.59224733e-03,2.67151546e-03,1.67326839e-02,2.87990575e-03,3.60844892e-02,-4.10589745e-02,3.09523540e-02,-6.14422027e-03,-4.25524229e-02,-1.69877598e-02,-5.66226390e-02,1.61387804e-02,-1.11261302e-02
1.15205388e-02,-1.55298500e-02,2.92755740e-02,-1.39124767e-03,5.07894812e-02,4.28252053e-03,5.47459388e-02,-6.68571907e-03,-5.76214158e-02,-4.81474781e-02,-5.41593123e-02,8.22586996e-03,-3.54104685e-02
-2.62906023e-02,-4.21854089e-03,-9.43579981e-03,3.37635016e-02,1.52870515e-02,-3.47363753e-02,1.90968030e-02,-3.31178561e-03,-2.35176567e-02,-1.71732959e-02,5.61823036e-03,-2.28986309e-02,-3.23323117e-02
-5.55765776e-03,-1.38880100e-02,-1.31786931e-02,5.12852090e-02,4.34842615e-02,-1.93491902e-02,1.81576165e-02,6.05189574e-03,5.88972225e-04,-7.47097533e-03,8.20718180e-03,-2.98054750e-02,-2.23444358e-02
-7.83080125e-03,-3.68452462e-02,-3.77900943e-02,4.34145820e-02,7.01718952e-02,2.98328545e-02,3.09432085e-02,3.74363431e-02,1.06961861e-02,-8.05930644e-03,2.21772455e-02,-4.45958256e-02,-2.05388614e-02
-5.61216726e-03,-3.41175968e-02,-2.84884961e-02,6.10264054e-02,7.83723982e-02,4.03615223e-02,1.69787747e-02,2.02987255e-02,-6.21109172e-03,-5.98021805e-03,2.50458784e-02,-4.03158899e-02,-1.73789148e-02
-2.06598700e-02,-3.75707330e-02,-3.62730680e-02,3.97454776e-02,7.12802793e-02,4.34361251e-02,-1.40687722e-02,4.17617472e-03,-3.99177935e-03,-1.73920176e-02,2.11693810e-02,-1.12119937e-03,1.94548650e-02
-6.31148862e-03,-4.36695830e-02,-2.41261074e-02,6.80252831e-03,1.96268049e-02,2.84348865e-02,-4.25084821e-02,-8.51015710e-03,-4.24462827e-04,-2.63425764e-02,4.08887429e-02,4.23590416e-02,2.44667886e-02
-1.64025378e-02,-1.53624097e-02,1.37164396e-02,-1.57060243e-02,2.52247965e-03,1.42562261e-02,-7.18704368e-02,-3.58032189e-02,-5.54444591e-03,-2.16057425e-02,4.16683747e-02,7.60270489e-02,3.66326251e-02
-1.58569401e-02,-2.73793482e-02,2.66390310e-02,-3.78762719e-02,-1.21166367e-02,-1.64766597e-04,-6.45600821e-02,-5.17739145e-02,-2.35362308e-02,-3.07563044e-02,2.21484194e-02,6.67650782e-02,2.13937442e-02
-1.55280992e-02,-1.03033226e-02,5.77422995e-02,-4.56706475e-02,-6.70614415e-03,1.07932416e-02,-3.91399260e-02,-5.81406774e-02,-2.96451502e-02,-4.27980349e-02,1.30472975e-02,6.31243167e-02,1.28862873e-02
-1.01204541e-02,1.39076007e-02,6.73922208e-02,-1.01344178e-03,-7.55298373e-03,-3.21768121e-02,-3.23506076e-02,-5.27514081e-02,-1.63388983e-02,-8.83826435e-03,2.62689108e-02,3.99536785e-02,-7.58775337e-04
3.54688904e-02,3.29901300e-02,6.41904572e-02,3.47113032e-03,-4.52151482e-03,-3.48511439e-02,-8.10075641e-03,-2.84939313e-02,-4.54992155e-03,7.04573448e-04,1.44030369e-02,9.50820686e-03,-2.08656065e-03
5.47600983e-02,3.07707810e-02,4.98525849e-02,6.44976008e-03,2.49261636e-03,-3.16956123e-03,3.84528093e-02,3.08379330e-02,3.66426336e-02,1.07224131e-02,6.96261427e-03,-2.15875001e-02,-2.19805094e-02
4.73625059e-02,5.00279476e-02,6.75951868e-02,6.31206130e-02,3.00742214e-02,2.05679984e-02,3.96432987e-02,4.27250531e-02,3.79586849e-02,1.25347434e-02,4.01262676e-03,-3.50545671e-02,-1.79501526e-02
4.10741682e-02,5.10638501e-02,4.26130636e-02,5.98257693e-02,2.75580783e-02,3.73594052e-02,3.23488072e-02,3.92278810e-02,4.46485679e-02,4.06333644e-03,-5.65629345e-03,-2.88434207e-02,6.42617096e-03
4.07293657e-02,1.69801313e-02,5.65488862e-03,1.20770304e-02,-1.31548524e-02,5.16232068e-02,2.26140484e-02,2.20875815e-02,3.09327017e-02,6.38552205e-03,2.49484212e-02,-7.72984584e-03,2.22222488e-02
-3.03944873e-02,-3.61982309e-02,-2.64978307e-02,-1.90112936e-02,-1.32990019e-02,6.18983915e-02,-3.05853653e-03,-4.52970424e-03,1.59338282e-02,1.37780510e-02,4.71895739e-02,1.25975533e-02,3.30729072e-02
-4.11178083e-03,-3.67212025e-02,-4.13804356e-02,-6.07090650e-02,-4.47770526e-02,2.47422444e-02,-1.42810933e-02,-2.64597705e-02,-2.12889653e-02,-4.30738447e-03,3.58884392e-02,7.24847380e-03,1.06062941e-02
4.46542993e-02,-3.08482650e-02,-5.15823356e-02,-8.10245525e-02,-3.45835226e-02,2.04425777e-02,-1.37126406e-02,-1.82045628e-02,-3.67244770e-02,-3.08117122e-02,1.21706911e-02,-1.36603794e-03,1.48932756e-03
5.47357651e-02,-3.03133804e-02,-4.82854989e-02,-6.24585894e-02,-1.33204874e-02,-1.27880197e-02,5.26442728e-03,-3.24061636e-02,-3.47806664e-02,-1.57940248e-02,2.71949754e-02,6.88492123e-03,9.45267284e-03
-1.55262454e-02,-2.55438811e-02,-3.91728088e-02,-6.75183370e-02,3.14749040e-03,-5.19282743e-03,3.42551599e-02,6.92113384e-03,-2.91865847e-02,1.36035490e-02,1.21311119e-02,-4.33475020e-03,-3.54438037e-03
-1.02826572e-01,-6.88143593e-02,-8.00559705e-02,-1.01759206e-01,-2.62504839e-02,-3.36861568e-02,3.74797871e-02,8.23880889e-03,-1.24770241e-02,6.56083167e-02,2.10741035e-02,5.01819990e-03,-9.87386041e-03
-1.25655787e-01,-9.32294268e-03,-7.91181043e-03,-2.22910839e-02,-1.86832524e-02,-6.38697706e-03,2.92988554e-02,2.83870157e-02,-8.93931072e-03,8.38783761e-02,1.49520535e-02,-8.80655281e-04,-2.47991458e-02
-1.37633725e-01,1.66848985e-02,2.72435207e-02,1.73616383e-02,-2.97235574e-02,-1.87517058e-02,1.60058867e-02,3.90396215e-02,9.72580758e-03,9.86628579e-02,2.96442269e-02,-8.84208424e-03,-1.18107402e-02
-9.49957023e-02,4.92144206e-02,2.09578936e-02,1.62823308e-02,-3.11255041e-02,-2.42048171e-02,2.58227599e-03,5.19637616e-02,1.00088766e-02,8.00596522e-02,4.56853755e-02,1.03987788e-02,-9.14912905e-03
-1.34935719e-01,-1.26438289e-03,1.91909857e-03,8.30752171e-03,-4.47360829e-02,-2.41860302e-02,-4.36153919e-03,3.25072533e-02,1.37562055e-03,8.69753985e-02,4.80304100e-02,1.63550022e-04,-1.77420603e-02
-9.01025122e-02,2.23230962e-03,-3.89524710e-02,-4.08807529e-04,-7.53026555e-02,-3.00499324e-02,-9.50958843e-03,-1.27127248e-02,-3.87698426e-03,6.23937454e-02,6.33143448e-02,4.02638127e-02,-3.07874815e-02
8.32146680e-03,2.25130253e-03,-6.43772074e-02,2.48925189e-03,-5.66375315e-02,-2.24415553e-02,-5.33058307e-03,-4.62574388e-03,8.14769826e-03,1.12463074e-02,2.95939675e-02,2.05163389e-02,-5.08238987e-02
1.12609963e-01,1.77003394e-02,-5.84649059e-02,1.53508084e-02,-2.55434694e-02,-1.83080548e-02,2.79440698e-02,-2.13329873e-02,3.16006140e-02,4.00876404e-03,4.22341617e-02,1.86905890e-03,-4.73670288e-02
9.13381898e-02,8.00858975e-03,-3.07271636e-02,2.40358394e-02,-8.03027644e-03,-3.04709835e-04,2.41101413e-02,-4.90235588e-02,3.28032663e-02,-1.82658338e-04,-2.57376773e-03,-4.55599591e-04,-4.84163442e-02
6.75620440e-03,-6.19673732e-02,-6.82250619e-02,-2.78219218e-02,-3.02746992e-02,-2.90359918e-02,-1.27191827e-02,-8.65341288e-02,1.76816994e-02,2.27087205e-02,7.14171261e-03,1.53223667e-02,-1.69343143e-02
-1.72530468e-03,-4.20302111e-02,-3.88922737e-02,1.84555216e-02,2.71545879e-03,2.29882710e-02,-1.76928222e-02,-7.25461106e-02,9.09140582e-03,3.47755238e-02,-2.60574213e-02,-7.11515626e-03,-1.74276228e-02
-1.43199582e-02,-3.39051301e-03,1.48645988e-02,2.54285388e-02,-1.91748565e-02,1.58258656e-02,-6.22700090e-03,-3.97647772e-02,1.14985254e-02,6.72846356e-02,-4.99222055e-03,-3.30450194e-02,-7.14754258e-03
1.91092099e-02,4.87990515e-02,3.17673435e-02,8.83831822e-03,-3.22209444e-03,4.01753082e-03,-1.51463526e-02,-5.57342080e-03,1.57416650e-02,4.00067291e-02,-1.44215922e-02,-2.61295954e-02,1.02773673e-02
1.29638257e-02,4.79354033e-02,2.97734469e-02,2.07236369e-03,-8.23887881e-03,-1.41064125e-02,1.12093324e-04,2.33306405e-02,1.31028569e-02,4.44550585e-02,-3.16822776e-02,-3.89549503e-02,7.69126900e-04
-1.94468756e-03,3.59701091e-02,-1.81321518e-02,-1.19163804e-02,1.48503968e-02,-2.76697742e-02,-3.92035008e-02,1.91970154e-02,2.62664877e-02,3.32732161e-02,5.77613409e-03,1.30263655e-02,-1.65176362e-02
2.76672084e-02,5.46852083e-02,-8.95230508e-03,-2.45818304e-02,3.01956113e-02,-1.19734329e-03,-1.15223524e-02,4.35459072e-02,3.82397624e-02,1.56183680e-02,2.38749572e-02,1.10829721e-02,-4.41883327e-02
4.44965256e-02,5.76137587e-02,-1.23336513e-02,-3.89549812e-02,2.58542665e-02,-2.15224703e-03,1.17967922e-02,7.16207515e-02,3.21979242e-02,-5.09594484e-04,4.11137588e-02,-2.99768909e-03,-5.92792094e-02
4.57449214e-02,4.58855764e-02,1.18869111e-02,-1.23007388e-02,1.55993712e-02,-3.77472927e-03,-8.24361411e-03,3.16983694e-02,3.20229530e-02,-5.47914327e-03,4.21350058e-02,-3.10154854e-03,-6.22712196e-02
8.91988643e-03,-1.18329039e-02,2.14778046e-02,-1.79763824e-02,-4.07387285e-03,-2.82543273e-02,-4.20012823e-02,-6.18091420e-03,1.46876529e-02,6.86040634e-03,5.28154426e-02,-4.98445671e-03,-1.49787116e-02
9.75515004e-03,-7.67875826e-03,1.04645023e-02,3.31538589e-03,1.34947648e-02,-1.70923118e-02,-3.87089307e-02,-6.25913770e-04,-7.33689038e-04,3.45283635e-03,2.34148747e-02,9.38613611e-04,3.00900270e-02
-3.16779538e-03,9.72108653e-03,3.20156157e-02,1.70981205e-02,-2.06562139e-02,-3.48766345e-02,-4.49425659e-02,-2.42987923e-02,-1.71338333e-02,-2.33387939e-02,-1.00786097e-02,-3.05450095e-02,2.24572843e-02
-2.03456899e-02,-5.19117391e-03,4.47240754e-02,1.63924148e-02,-2.94609504e-02,-6.78832006e-03,-2.31822738e-02,-3.21902725e-02,-1.93734625e-02,-2.86584368e-02,-3.51153770e-02,-3.02008474e-02,2.50832742e-02
-2.97622524e-02,-1.97995839e-02,3.14620083e-02,2.22898223e-02,-5.98374461e-02,-1.11532244e-02,1.67572748e-02,-8.22740790e-03,8.98477355e-03,-2.09908726e-02,-3.44080188e-02,-3.02657992e-02,3.08477423e-02
-2.62459947e-02,-4.04634961e-02,1.29573620e-02,2.82746152e-02,-5.31205323e-02,-2.87103002e-02,2.37244922e-04,-1.92067640e-03,2.96476715e-02,-1.09300141e-02,-2.24111752e-02,-1.18070860e-02,2.01930770e-02
1.64683950e-03,-1.24784088e-02,1.28819679e-02,8.28063010e-03,-1.93226607e-02,-6.15913998e-03,-1.10199659e-03,1.86348920e-03,4.10468070e-02,7.67172180e-03,-3.14353364e-02,-6.24375656e-03,-7.36338575e-03
2.29688236e-02,-7.43326526e-03,7.13383499e-03,-2.67762672e-02,-2.21861901e-02,6.89021649e-03,5.67603052e-03,-3.48110891e-03,2.84669987e-02,-5.22016611e-03,-3.85490519e-02,1.29158402e-02,-3.87001165e-03
2.85026895e-02,6.66754578e-03,-1.38892170e-02,-3.15739505e-02,-1.08061211e-02,3.15574691e-02,2.92383078e-02,4.62580824e-03,1.74415352e-02,-7.43919859e-03,-3.61537879e-02,1.98058228e-04,-4.12357042e-03
-1.47539759e-02,-1.37772700e-02,-1.03508887e-02,-3.84153753e-02,-5.62026566e-03,3.14088858e-02,2.42269597e-02,-1.42926918e-02,4.47611640e-02,1.24080725e-02,-2.76343199e-02,-8.03994368e-03,7.60131922e-03
-4.75334095e-02,-6.28052680e-03,-2.14707235e-02,-6.16641093e-02,-8.67240871e-03,-1.86276701e-02,-2.51664041e-02,-4.16737621e-02,7.00075904e-03,-1.78226500e-03,-4.80384798e-02,-5.77790032e-03,2.24066597e-02
-2.28662895e-02,1.30748227e-02,-2.62205372e-02,-3.99909469e-02,-1.01010047e-02,-2.17553741e-02,-2.82315631e-02,-6.42343713e-02,-2.14589806e-02,-4.99805865e-02,-4.27622257e-02,-7.35524372e-03,4.26691324e-02
-2.03030518e-02,-2.77011776e-03,-3.20194701e-02,-1.13159367e-02,-2.48505074e-03,2.09564380e-02,-2.16003574e-02,-5.81983087e-02,-3.54476430e-02,-5.38156155e-02,-5.00781397e-02,-2.92605466e-04,4.45067083e-02
9.94234432e-03,4.05561090e-02,4.16254833e-03,1.24540157e-02,-5.21835417e-03,4.39236022e-02,-2.45898711e-03,-2.09161725e-02,-4.98956895e-02,-6.06342029e-02,-4.27801210e-02,4.18889094e-03,8.45498717e-02
3.86877905e-02,3.03259842e-02,1.42817721e-02,6.19738842e-02,2.17248759e-02,3.63518625e-02,3.12338846e-02,1.82061942e-02,-6.13816562e-02,-4.82722506e-02,-1.01346608e-02,-4.76444393e-03,9.14933378e-02
5.43485306e-02,2.90602895e-02,-1.21559459e-02,8.56590220e-02,3.85114468e-02,2.96130946e-02,1.40255997e-02,-1.99535372e-03,-8.62587711e-02,1.09782249e-03,-1.25668089e-02,-1.09976627e-03,5.56022353e-02
9.72385684e-02,3.07644407e-02,2.21204825e-02,9.75841023e-02,8.66278059e-02,4.05265970e-02,1.44994299e-02,-5.92885399e-03,-5.98352077e-02,2.97214123e-02,-9.76085770e-03,1.36416287e-02,6.43498409e-02
9.71889261e-02,1.08079628e-02,3.97186097e-04,6.39867628e-02,8.63779972e-02,3.14500168e-02,2.49987588e-02,1.09861484e-02,-4.80886190e-02,5.22844840e-02,-6.25560761e-03,1.45020275e-02,6.98391289e-02
7.63340164e-02,1.58865964e-02,-8.87851701e-03,7.87497285e-02,8.57193454e-02,2.98412830e-02,3.53511165e-02,1.41967469e-02,-1.09306725e-03,4.26021084e-02,-1.15062135e-02,2.27746947e-02,3.10163122e-02
4.08569441e-03,-3.32918745e-02,-3.22519085e-03,2.42647109e-02,4.26206368e-02,-6.14003205e-02,-2.01113144e-02,-2.58033328e-02,-4.22013315e-03,-2.69709515e-03,-1.82755127e-02,1.82851438e-02,-1.27016541e-02
-9.43377713e-03,-5.80837231e-02,-1.72771252e-02,2.08604359e-02,3.86958981e-02,-4.22136640e-02,6.10262889e-03,-1.14212034e-02,-4.73610041e-03,-1.65628600e-02,9.70927195e-03,2.17422778e-02,-2.48538753e-02
7.45391998e-03,-8.63425672e-02,-3.00645533e-02,3.74629691e-02,3.94689142e-02,-2.33137294e-02,1.04405446e-02,2.67723433e-03,-1.06331896e-02,-4.84717548e-02,1.86561985e-02,5.32724651e-03,-4.03432001e-02
1.91499916e-02,-6.42935392e-02,1.15880234e-03,4.72871657e-02,5.08254540e-02,1.08262788e-02,-9.87007528e-03,5.69488863e-03,-9.48892799e-03,-8.35219026e-02,-2.19009840e-02,2.28585866e-02,-1.97487302e-02
3.74453389e-02,-5.50578874e-02,1.58143642e-02,3.78700676e-02,5.23468528e-02,3.20061532e-02,4.19786868e-03,2.00315026e-02,-1.79917168e-02,-8.02305515e-02,7.90972493e-03,2.35350191e-02,-1.17830016e-02
2.09099677e-02,-5.95445468e-02,-1.41181338e-02,3.08427256e-02,5.84176572e-02,6.77071055e-02,-2.46328052e-03,6.19421527e-03,-4.28269343e-02,-6.09723966e-02,2.66010496e-04,1.14918256e-02,-2.06383563e-02
2.07732353e-02,-3.50829578e-02,3.48257323e-02,4.37979710e-02,9.01006319e-02,8.73234528e-02,-1.44215153e-02,-3.70824766e-03,-1.59762904e-02,-2.71675820e-02,-2.40483813e-02,-3.09616699e-03,-1.81255598e-02
-1.80437266e-02,-2.98812770e-02,5.28727015e-02,9.40540995e-03,6.88293025e-02,7.55515136e-02,-2.08596338e-02,1.22424199e-02,7.51020251e-03,-1.40621929e-02,-2.31146330e-02,-1.62704555e-02,9.73712307e-03
-6.87791409e-03,5.49719593e-03,4.30551826e-02,-1.26459046e-02,3.57394256e-02,4.24885230e-02,-4.28956430e-02,8.18339058e-03,2.03515219e-02,-1.29529986e-02,-4.46218602e-02,-1.17623455e-02,6.68313624e-03
-2.75302208e-02,-1.19718835e-02,6.67995660e-02,-6.65552451e-02,-2.76367933e-02,-3.05667523e-02,-4.14034603e-02,-6.04156040e-03,1.85739272e-02,-5.90024014e-03,-1.31750964e-02,2.15464829e-02,5.13477179e-03
-4.94437865e-02,-1.47986574e-02,6.54756290e-02,-6.10807356e-02,-5.75411591e-02,-4.46857707e-02,-2.52811796e-02,2.35799383e-02,2.36900350e-02,-2.65218535e-03,-1.75340630e-03,8.23512141e-03,-7.12900961e-04
-1.43691665e-02,1.00907213e-02,4.87186935e-02,-2.53396552e-02,-4.81701094e-02,-6.23071875e-02,1.76996667e-02,6.45626885e-02,6.81236051e-03,-2.14357465e-02,1.15669191e-02,-1.99442964e-02,-2.91297786e-03
1.32425321e-03,-3.83883516e-03,2.71123797e-02,-7.31253197e-03,-1.04701242e-02,-5.32467366e-02,3.23835700e-02,6.89271267e-02,1.21260039e-02,-4.77354590e-02,-1.00658350e-02,-2.34532537e-02,-2.00255862e-02
3.36715330e-02,-8.29229686e-04,1.78026721e-02,1.60588731e-02,-2.42236348e-02,-1.34842046e-02,3.30177074e-02,4.95637668e-02,1.21293848e-02,-2.93392674e-02,2.15514359e-02,-6.57583633e-03,-2.45609043e-02
4.24802029e-02,-9.66516751e-03,-2.03873924e-02,2.90886501e-02,1.20008420e-02,2.66034445e-02,3.18403563e-02,4.17516358e-02,2.90228648e-03,-3.35187232e-02,2.29337379e-02,-4.00389223e-03,-1.27295571e-02
5.95984838e-02,-4.22060327e-03,-2.20477398e-02,3.79918951e-02,4.90715075e-02,6.39016711e-02,1.63022326e-02,2.16720077e-02,1.88022405e-04,-1.28439521e-02,1.47515547e-02,-1.13592347e-02,-9.75848520e-03
-1.20316238e-02,3.22563457e-02,-3.49141905e-02,7.44250063e-02,4.17418567e-02,1.04514740e-01,3.00078893e-02,2.86763021e-02,8.84541940e-03,-2.54696574e-02,-1.99823409e-02,-2.67152756e-02,3.71952956e-03
-6.38903801e-02,6.49094150e-02,-3.28646411e-02,4.03044587e-02,2.59654547e-02,8.29929329e-02,-1.05574456e-03,6.85135725e-03,4.14818798e-02,-1.03266107e-02,-4.41190759e-02,-1.88121195e-02,9.40655172e-03
-9.68036969e-02,5.84141533e-02,-1.91380015e-02,-2.87597311e-03,-9.21785008e-03,2.74352069e-02,-1.54802914e-02,-3.57887059e-02,2.89012985e-03,3.19544534e-02,-5.27194457e-02,-1.61056346e-02,3.08153547e-02
-1.07287992e-01,3.64721896e-02,-1.32196778e-02,-3.26137259e-02,-3.65265894e-02,-4.60324778e-03,-1.37954254e-02,-2.84741042e-02,-2.76101747e-03,2.40889127e-02,-5.65291089e-02,-1.19835911e-02,2.91386614e-02
-1.03065094e-01,2.78146822e-02,-1.08262054e-02,-2.29196372e-02,-4.41650460e-02,-3.43646049e-02,1.34868208e-02,-3.59997076e-03,-1.15271477e-02,3.60767063e-02,-2.74482202e-02,-8.11248796e-03,6.83501714e-04
-7.90970517e-02,1.90527712e-02,-1.60764010e-02,-5.70351566e-02,-7.44282683e-02,-6.18892500e-02,2.67427626e-02,-5.37165133e-03,6.47921551e-03,3.15821372e-02,-2.92078640e-02,-5.46863726e-03,-4.75729879e-04
-3.13073963e-02,8.14879758e-04,-3.11298804e-02,-8.74471107e-02,-8.75403485e-02,-6.74296307e-02,2.58161673e-02,-4.00358016e-04,3.43751753e-02,6.54853656e-02,-5.92241054e-03,3.05316357e-02,1.34867720e-02
2.84469516e-02,1.29437663e-02,-1.47038122e-02,-6.52890596e-02,-6.90685724e-02,-6.26942589e-02,2.38400757e-02,-7.46434588e-03,2.64543322e-02,4.62639617e-02,1.52710646e-02,6.21078541e-02,2.36827181e-02
7.14055054e-02,4.92030435e-03,3.82923654e-03,-7.30653401e-02,-4.85077066e-02,-3.60403292e-02,3.37685360e-02,3.02355124e-03,4.58511814e-03,4.01199282e-03,3.64454590e-02,8.51007701e-02,4.79324240e-02
6.48233170e-02,2.93329742e-02,-8.67810026e-03,-7.21408995e-02,-6.83767786e-02,-3.46463553e-03,3.56895663e-02,2.88032145e-02,4.77717726e-03,-1.91201448e-02,3.48840024e-02,8.71013345e-02,5.09092849e-02
4.06020472e-02,5.63315980e-02,-2.69590559e-03,-3.12141186e-02,-3.29425887e-02,6.17933788e-03,3.68614554e-02,5.16261581e-02,3.12762691e-02,-2.31340315e-02,2.78236024e-02,7.62782588e-02,3.24253705e-02
3.71668006e-02,7.84365014e-02,1.37438251e-02,1.88190859e-03,-1.27988038e-03,-1.19414857e-02,-6.54088772e-03,1.59737009e-02,1.61202165e-02,4.78389887e-03,1.72110415e-02,3.37550664e-02,3.11393872e-02
4.10346251e-02,5.11396989e-02,-1.82734875e-03,-2.50769918e-02,4.89346230e-03,-1.54901562e-02,4.24561482e-03,5.19033841e-03,-1.03688922e-02,-3.22843910e-02,-3.76877706e-02,1.77427105e-03,1.10556570e-02
2.26442155e-02,-7.15493306e-03,-1.25386307e-02,-2.96312279e-02,1.76990484e-02,1.25348281e-02,1.20141197e-02,4.07953168e-02,-2.64837180e-02,-2.04640523e-02,-3.13086958e-02,-1.80698236e-02,-2.75364491e-02
-2.34078363e-02,-4.36155779e-02,-2.21275356e-02,-2.21137269e-02,-3.28441359e-02,-2.29020041e-02,-2.36627431e-02,1.18358224e-02,-2.57268170e-02,-1.12441958e-02,-1.55368610e-02,-2.04340078e-02,-2.37829467e-02
2.89089717e-03,-4.50194445e-02,-3.79404808e-02,-3.86497968e-02,-3.48807930e-02,-3.32405664e-02,-5.59485326e-02,-3.51202567e-03,3.76529082e-02,2.64131717e-02,-4.99959670e-02,-3.50206512e-02,-3.81989585e-03
2.78836363e-02,-3.61870452e-02,-3.66261915e-02,-2.51025779e-03,7.72413189e-03,1.21598471e-03,-4.66550361e-02,-5.07648463e-03,4.36111030e-02,2.32255078e-02,-5.03895938e-02,-3.90397221e-02,-2.40084573e-02
3.72179501e-02,-2.21941584e-02,4.78438865e-03,4.58083762e-02,2.65207371e-02,8.65777751e-03,-3.07973449e-02,-1.65582930e-02,1.60476938e-02,-8.10119562e-03,-4.04686159e-02,-2.42523974e-03,-1.11655025e-02
3.96720151e-02,4.22338395e-03,2.68484354e-02,1.03889681e-02,-2.49314638e-02,-6.97056350e-03,1.08497196e-02,3.04022743e-02,1.27722105e-02,-2.67785698e-02,-3.86478437e-02,2.49938550e-02,1.60829218e-02
4.35060635e-03,1.27153904e-02,3.46143707e-02,2.70901983e-02,-1.53562985e-02,-1.45698281e-02,4.24833221e-02,6.82738697e-02,4.04761157e-02,-2.47701164e-02,-4.44064475e-02,2.23324324e-04,2.35713766e-02
-1.89038034e-03,4.01910868e-02,5.90467573e-02,5.63158159e-02,2.28402626e-02,-1.11868852e-03,3.17212589e-02,3.68196353e-02,5.35092379e-02,5.20266126e-03,-1.03992074e-02,-7.90203039e-05,1.99254182e-02
2.97135124e-03,3.45646732e-02,7.59069988e-02,4.86644366e-02,-6.46350280e-03,-2.13230057e-02,2.97750600e-02,3.45467732e-03,2.79107024e-02,1.20832870e-02,9.07594421e-03,-2.16696955e-03,7.30291411e-03
2.49123440e-03,1.07585661e-03,2.15618120e-02,-1.14700054e-02,-1.64203509e-02,8.54730805e-03,4.38995814e-02,6.10786462e-03,1.36383293e-02,2.84330474e-02,2.52147840e-04,-1.50706478e-02,-1.00713751e-03
-3.17020026e-02,-5.45636025e-02,-1.49362954e-02,-4.73121624e-02,-5.41053596e-02,-2.53325020e-02,2.17194023e-02,2.31934503e-03,-1.32677021e-02,3.09312402e-02,4.63101231e-02,-2.22891967e-03,-9.34002736e-03
-1.39402539e-02,-1.40928991e-02,2.14987319e-02,-7.82019125e-02,-5.63998324e-02,-3.37337847e-02,-2.77496913e-02,-5.38503999e-02,1.34762615e-02,7.05273715e-02,2.00216415e-02,-4.38911281e-02,-2.54840196e-02
-3.40976086e-02,-4.80544859e-02,1.23604062e-02,-5.72875711e-02,-3.53402187e-02,-4.80514983e-03,-5.47804658e-02,-2.95392120e-02,4.26339696e-02,8.46838133e-02,3.27028472e-02,-6.41591134e-02,-4.65073889e-02
1.97363800e-02,-3.28595252e-02,1.89885338e-02,-2.67756839e-02,-2.79882847e-02,-2.81811857e-02,-6.96840921e-02,-4.46117578e-02,1.84602030e-03,7.00277037e-02,8.24311135e-02,-1.71661033e-02,-5.85493376e-02
7.29597730e-03,2.99260045e-02,-1.57380393e-02,-1.88378485e-02,-3.59710370e-02,-7.17118736e-03,-3.85149172e-02,-3.24719976e-02,4.59707522e-06,3.64346752e-02,7.43199889e-02,-7.00381168e-03,-1.82396257e-02
-1.86165789e-02,2.21589653e-02,-2.75424808e-02,-1.59663338e-02,-1.24922941e-02,-2.67110584e-02,-3.13722257e-02,2.28971805e-02,2.54461756e-02,-1.46970285e-03,3.88202157e-02,-4.79515294e-03,-2.10961158e-02
-2.06093894e-02,5.56288329e-02,8.42419552e-03,2.13478960e-02,3.20239430e-02,-4.77042083e-03,1.55017335e-03,4.52050531e-02,1.64072552e-02,-5.36533438e-02,9.31019803e-03,9.59226946e-03,-1.45131892e-02
-3.14869393e-02,6.80995180e-02,4.51335834e-02,5.14441481e-02,2.05570894e-02,-2.19398276e-02,-6.70690212e-03,4.09038524e-02,-2.97607285e-03,-6.74798569e-02,-2.25239951e-03,1.52912630e-02,-1.77906139e-03
-3.00363375e-02,3.81689344e-02,7.28042980e-03,7.23663929e-02,4.45984406e-02,-2.16689203e-02,9.95680878e-03,3.59787877e-02,-1.47264018e-02,-6.73552788e-02,-3.02490258e-02,4.72264077e-03,1.27126925e-02
1.72468313e-02,1.54644548e-02,-3.05925921e-02,3.74622058e-02,3.21985199e-02,-2.64243708e-02,1.17678143e-02,3.49179357e-02,-4.31313559e-02,-8.34500701e-02,-1.03018694e-02,2.19849099e-02,6.32389313e-03
3.67286916e-02,3.76045449e-02,1.28999284e-02,5.76638277e-04,1.66196852e-02,-3.36840157e-02,9.65758643e-03,-1.62517678e-02,-6.14319388e-02,-3.88964220e-02,-1.34770497e-02,7.82522839e-03,-2.71173122e-02
3.53338947e-03,3.92689461e-04,2.91582991e-02,-6.65508309e-03,9.79278018e-03,-1.97537113e-02,-8.75315550e-04,-5.40076003e-03,-3.52602948e-02,-2.53605762e-03,-2.19559149e-02,-8.61077192e-03,-2.40841285e-02
3.21452439e-02,-3.53754295e-02,4.62214824e-02,-2.05738435e-02,-1.58474369e-02,-3.18870766e-02,9.80551318e-03,2.04830736e-03,-4.06430031e-02,1.79120741e-03,1.90781331e-02,2.58170951e-02,-4.37850914e-02
2.64798116e-02,-8.94578567e-03,9.31756214e-03,-9.75443688e-03,-1.04319017e-02,2.08897331e-02,-4.45948321e-03,-4.03537334e-02,-1.57820654e-02,2.01876882e-02,3.91735020e-02,1.98944369e-02,-9.83587515e-03
2.89921390e-02,-1.65246116e-02,1.20088749e-02,1.43315480e-02,1.01369202e-02,2.35050026e-02,-2.55738793e-02,-3.51583060e-02,5.43662324e-03,5.09592443e-02,5.40498655e-02,8.45383075e-03,-2.15120390e-02
3.20900626e-02,-1.40326989e-02,2.65074523e-02,2.89552558e-02,1.60050660e-02,3.85689927e-02,-1.01412738e-02,-1.17912293e-02,6.97898973e-03,2.33446195e-02,2.41242716e-02,-2.87841720e-04,-1.59023098e-02
-4.22030122e-03,-1.52272175e-02,1.37660134e-02,3.45723177e-02,2.76030160e-02,6.16972867e-02,8.48249590e-03,-1.88787629e-04,7.98412682e-03,2.83242786e-03,-1.37623213e-02,-3.28177648e-02,-1.04152046e-02
-3.44288441e-02,-4.12588941e-02,1.21985744e-02,6.71518415e-02,4.42021616e-02,4.00450228e-02,5.08978857e-03,-3.65089271e-03,1.40625238e-02,-7.83359909e-03,-4.86589318e-02,-6.23878259e-02,7.75474587e-03
-2.15268732e-03,-5.25980030e-02,-1.16953249e-02,4.16698017e-02,3.99723905e-02,4.03958878e-02,-5.93077912e-03,-2.48364681e-02,-8.66053801e-03,-2.56206501e-02,-4.91518095e-02,-5.14449796e-02,2.58177100e-02
1.08667105e-02,-3.92244790e-02,-1.04308477e-02,1.39308339e-02,6.86000280e-03,1.16444831e-02,-9.02152771e-03,-3.40641113e-02,-3.66934943e-02,-3.58442143e-02,-2.80025587e-02,-1.23417143e-02,2.52249184e-02
-7.75992803e-03,7.52848894e-03,6.70855100e-03,-5.91553736e-03,-3.01822216e-02,-3.35042033e-02,-1.38996186e-02,-3.65359582e-02,-2.37655543e-02,-8.57374952e-03,-1.57033696e-02,-6.02551316e-03,1.78278300e-02
-7.38322048e-03,1.94566928e-02,2.27893310e-02,-3.50623707e-02,-4.75413948e-02,-4.40967677e-02,1.59895438e-02,-7.69328648e-03,-1.84463159e-02,-2.26586244e-02,1.20672314e-02,1.34233286e-02,-6.91167554e-03
2.62132366e-02,2.53509453e-02,-1.58416576e-04,-3.55989609e-02,-2.31253692e-02,-2.88919082e-02,1.59183987e-02,-2.83942739e-03,-1.38240736e-02,-3.31591059e-02,2.90821919e-02,4.78242565e-02,9.09815109e-03
4.82730383e-02,2.97565717e-02,1.30172130e-02,-4.57379878e-03,2.10855707e-03,-2.96610889e-02,-1.15074131e-02,1.32133191e-02,2.94046202e-03,-2.85008351e-03,6.57515771e-02,5.00722470e-02,2.56341423e-03
6.78469175e-02,3.95081516e-02,1.53572975e-02,7.02279974e-03,1.00179414e-02,-3.47091220e-03,-4.42634911e-03,2.97472858e-02,1.71784299e-02,-6.13024007e-04,5.55117846e-02,4.05354655e-02,-9.25691854e-03
7.32927061e-02,3.20785679e-02,-7.60446276e-03,2.95376552e-02,2.55987268e-02,3.29399113e-02,8.39160715e-04,3.96896716e-02,2.64645141e-02,1.13725395e-02,6.15473802e-02,8.98441225e-03,-2.04910608e-02
4.99456890e-02,-5.09200733e-03,-1.81872750e-02,4.56853492e-02,4.45647705e-02,5.81012944e-02,2.10428065e-04,2.51369225e-02,3.08399495e-02,1.60412653e-02,3.73589115e-02,-1.81253114e-02,-2.71215259e-02
1.82581073e-02,-5.83291405e-02,-5.56400266e-02,2.96093818e-02,3.86351892e-02,7.05426257e-02,-1.66999702e-02,-5.16373176e-03,2.91300544e-02,8.34383942e-03,1.03494778e-02,-2.71554099e-02,-3.56557609e-03
-8.03991853e-03,-7.75347919e-02,-4.81807531e-02,1.30664274e-02,2.90055640e-02,6.72753936e-02,-2.10143639e-02,-3.53230761e-02,4.95029262e-03,1.30565542e-02,1.26636068e-02,-1.88190074e-02,-1.03346602e-02
-2.63862863e-02,-6.54043224e-02,-2.23648168e-02,1.46120569e-02,-3.99459846e-03,3.05497008e-02,-4.70081497e-02,-6.98897375e-02,8.84841091e-03,4.74606262e-02,-9.64337700e-03,-3.77338129e-02,-1.07014480e-02
1.44526146e-03,-3.47120058e-02,5.40304496e-03,-1.08702622e-02,-5.28816336e-02,2.05230043e-02,-1.94796028e-02,-6.38117345e-02,4.21972829e-03,1.60300059e-02,-1.39755820e-02,-5.37969273e-02,-1.55510905e-02
8.65816215e-03,-5.57474173e-03,-7.45991910e-03,-1.06421548e-02,-7.44151043e-02,3.58030109e-02,1.63444459e-02,-6.43049085e-02,-1.65381139e-02,1.13306803e-02,-5.46978620e-03,-1.45109086e-02,9.06290169e-03
-5.77335380e-02,-7.72636417e-03,-3.07782821e-03,-4.17613816e-02,-4.64039725e-02,4.73232056e-02,2.00555045e-02,-1.35994653e-02,-2.91181454e-02,1.85736347e-02,5.81039659e-04,2.01952228e-02,4.58649064e-02
-1.25881151e-01,2.14512454e-02,-1.48654802e-04,-6.29351569e-02,-4.11194201e-02,3.60469392e-02,5.99001698e-02,3.60802873e-02,-1.88374140e-02,-1.13075544e-03,-2.08647417e-02,2.38644890e-02,4.50399096e-02
-1.25222497e-01,4.82000461e-02,-2.03736343e-03,-5.89728430e-02,-2.86592765e-02,-3.76387278e-03,8.98256356e-02,6.44259260e-02,-2.94827146e-02,-1.09907356e-02,-1.15840791e-02,1.20097844e-02,4.59596564e-02
-1.44180194e-01,2.72968203e-02,-4.57242460e-02,-7.87281832e-02,-9.32250961e-03,-2.68092286e-02,7.57080472e-02,8.15982816e-02,-3.43225876e-02,-2.45712229e-02,-9.59598137e-03,4.32661217e-02,7.85339837e-02
-1.42264699e-01,4.85808628e-02,-3.27316867e-02,-5.13243901e-02,-7.71099276e-04,-5.59558577e-02,6.92532989e-02,7.26961040e-02,-6.32852033e-02,-4.27097386e-02,9.72563094e-03,6.79782961e-02,7.97339939e-02
-1.30910398e-01,4.26698485e-02,-1.71179479e-02,-2.02392555e-02,-2.43698834e-03,-9.16325167e-02,7.22069897e-02,5.11356947e-02,-8.92471637e-02,-3.58411525e-02,1.29203746e-02,4.66639278e-02,4.10484598e-02
-1.00537097e-01,1.30804632e-02,-3.16969572e-02,-1.50369952e-02,2.26237361e-02,-1.03165818e-01,5.97498115e-02,2.35330704e-02,-9.20395057e-02,-1.73181570e-02,1.29717951e-02,2.96240055e-02,2.24019217e-02
-2.14902660e-02,1.65809261e-02,-2.06719826e-02,-2.56399907e-03,-1.60543365e-04,-1.14238593e-01,3.00155446e-02,-4.30251917e-03,-7.70642094e-02,-3.97222033e-02,-2.38040481e-02,-3.57964377e-02,-2.25349998e-02
5.75322537e-02,4.25479554e-02,-2.00370008e-03,5.86025403e-02,-2.64176285e-02,-6.65846937e-02,3.56790067e-02,-4.53051175e-02,-8.38077257e-02,-4.34948279e-02,-1.88651054e-02,-3.59116453e-02,-4.35367717e-02
7.06549304e-02,3.08897068e-02,-4.69748560e-03,3.51086091e-02,-1.66848419e-02,-1.78319146e-02,1.46377552e-02,-5.04621840e-02,-9.95398184e-02,-2.82188860e-02,-1.28172668e-02,-7.53386599e-03,-2.73589657e-02
6.48501342e-02,4.83780924e-02,1.51079203e-02,3.27854929e-02,-2.25943897e-02,-1.41048339e-02,1.84996060e-02,-4.38246149e-02,-6.55504494e-02,-1.25395294e-02,-3.02852888e-02,-3.11985928e-02,-4.62193494e-02
6.55683010e-02,2.23948532e-02,8.08677994e-03,1.53076147e-02,-1.93669916e-02,-1.97580954e-03,5.31055781e-02,-1.52821729e-02,-4.01693593e-02,6.23734212e-03,-2.57171320e-02,-6.40649259e-02,-6.99317482e-02
4.34211608e-02,-2.12725209e-02,-4.92044514e-02,-2.37023548e-02,-1.24166839e-02,6.95196281e-03,2.11315990e-02,7.75079151e-03,-1.84232565e-02,-1.10160611e-02,-1.97000435e-02,-5.52495493e-02,-3.08263615e-02
4.67025548e-02,4.71741241e-03,-5.79221631e-03,2.38776920e-02,1.45179864e-02,1.57670563e-02,1.55045109e-03,-3.31196341e-03,-3.84449878e-03,1.53579592e-04,1.56485825e-02,-6.55031851e-03,-1.82297703e-02
2.62972259e-02,-3.67037700e-02,-3.18746548e-05,4.12877762e-02,1.20926877e-03,-1.37463497e-02,-1.49102388e-02,-1.74621046e-02,1.60870452e-02,1.18358449e-02,3.93815881e-02,1.14369052e-02,-1.60699964e-02
4.08564842e-02,-5.67872497e-02,-1.27938146e-02,3.51741805e-02,2.52537752e-02,6.01646874e-03,-3.82793812e-03,-1.56391202e-02,2.97167841e-02,1.48179808e-02,5.95717451e-02,4.46614788e-02,-8.41803149e-03
1.00764830e-02,-4.97848337e-02,-8.96014102e-03,1.61418103e-02,1.74374887e-02,-7.61719733e-03,-5.16459223e-02,-3.02001576e-02,4.94339648e-02,1.95312604e-03,2.64104600e-02,5.64919539e-04,-3.56883658e-02
1.47979368e-02,-5.67024808e-02,8.12769700e-03,1.01389718e-02,-7.02915481e-03,2.03740892e-02,-3.29262070e-02,-2.70139907e-02,4.19066045e-02,-1.44998428e-03,2.71667804e-02,6.67434699e-03,-3.67059473e-02
2.62746384e-02,-4.97176367e-02,1.31934794e-02,-5.21926455e-03,-9.65242468e-03,-1.39354066e-03,-3.62362111e-02,-5.33466979e-02,1.32074758e-02,-2.36278119e-02,1.76648500e-02,3.19146422e-02,-1.16269959e-02
1.88751230e-02,-7.90739123e-03,5.31669780e-02,1.10081009e-02,1.94202389e-02,-1.78158939e-02,-6.21841401e-02,-7.24040456e-02,2.04970367e-02,-3.55369940e-02,-5.32675075e-03,3.43268085e-02,-1.44319548e-02
2.29363138e-02,7.66493659e-03,5.84748463e-02,-3.88258623e-02,-6.09722613e-03,4.48868749e-03,-3.12615606e-02,-6.65441286e-02,7.11175513e-03,-4.15270937e-02,-1.32066611e-02,1.96921243e-02,-2.24187449e-02
5.28177813e-02,2.32482160e-02,3.00663553e-02,-5.30069935e-02,-1.70115403e-02,2.96942941e-02,-1.84477665e-03,-1.83717875e-02,-2.10001906e-02,-5.20605668e-02,-3.04581878e-02,-1.33176078e-02,-1.88054311e-02
2.93009928e-02,3.77520440e-02,2.80394386e-02,-4.61454748e-02,-2.05640796e-02,1.13071368e-02,-1.34850053e-02,-1.74353633e-02,-2.17608436e-03,-5.32184359e-02,-2.72281045e-02,5.29294393e-04,-2.18934965e-02
1.81584408e-03,2.01204882e-02,2.78905272e-02,-4.28456291e-02,5.63488162e-04,-1.43253381e-02,-1.28055451e-02,-1.72573060e-02,-9.93631045e-03,-3.57702315e-02,1.10668805e-02,2.84386450e-02,-1.49285345e-03
1.31800666e-02,6.57859187e-04,1.34291234e-02,-1.27373480e-02,2.42873698e-02,-4.35319992e-03,6.20836700e-03,-2.60299758e-02,-1.59731781e-02,-1.92910405e-02,2.09414993e-02,3.87212901e-02,3.91723352e-03
-5.63580437e-02,2.62006224e-02,-2.27489818e-03,-1.25557589e-02,1.50158156e-02,-2.01836094e-02,-3.21172143e-02,-1.23697931e-02,1.09161981e-02,-3.32718591e-03,7.32822488e-03,1.88439757e-02,-1.34593267e-02
-8.03254977e-02,6.89414862e-03,-3.03700890e-02,-1.86125542e-02,-1.95220968e-02,1.74506341e-02,-1.48651163e-02,1.28828889e-02,9.01699678e-03,1.78095379e-02,6.62764419e-03,3.50698337e-02,-5.32594209e-03
-7.10955597e-02,-1.47468866e-02,-2.48004906e-02,-8.55384298e-03,-5.48935843e-03,9.00471790e-03,1.12037370e-02,1.80064455e-02,-4.29261505e-03,2.89586113e-02,1.83288313e-02,1.57962136e-02,1.91101335e-02
-1.18306660e-01,-4.67044531e-02,-2.63737579e-02,6.66487342e-03,1.04480844e-02,9.03009420e-03,-1.71370255e-02,-5.39968342e-03,8.48289856e-03,4.67044095e-02,1.86765727e-02,3.63237201e-02,2.43256621e-02
-9.85436306e-02,-5.92657975e-02,-3.93018967e-02,1.42155109e-02,6.47144866e-03,2.87654948e-02,-1.05105822e-02,-1.09287444e-02,5.09560801e-03,3.97180477e-02,8.17356104e-03,1.42381001e-02,1.54421962e-02
-2.53612612e-02,-4.32594309e-02,-3.16636107e-02,3.31806604e-02,-4.22971748e-03,5.58115161e-02,1.96202334e-02,7.30230668e-03,-5.71375287e-03,5.25280859e-02,1.64383732e-03,1.47466546e-03,4.98141656e-03
-2.87238918e-02,-4.67809317e-02,-6.11506318e-02,4.99014371e-02,-1.35511062e-02,2.58888959e-02,-2.16441738e-02,8.58538055e-03,1.94968319e-02,4.41037105e-02,1.47840714e-02,1.66032396e-03,-1.99227177e-02
1.66346362e-02,-1.97836790e-02,-2.70330998e-02,5.30021105e-02,1.31644642e-02,1.72862169e-02,-1.84365704e-02,4.68805542e-03,-1.23911409e-02,3.69796381e-02,3.93629816e-02,5.38231681e-03,-1.83062094e-02
3.69074318e-02,-4.39062758e-02,-4.26439718e-02,5.93132520e-02,4.25032013e-02,3.29947494e-02,-1.07150437e-02,-1.31363878e-02,-3.14418920e-02,-1.43640522e-03,4.46669530e-02,8.56053698e-03,-2.85937507e-02
2.76416898e-02,-1.54054684e-02,-1.07476075e-02,7.58076826e-02,5.32551316e-02,-1.55792361e-02,-5.55075392e-02,6.20242969e-03,6.07439286e-03,2.49034418e-02,2.52215708e-02,8.64275802e-03,-5.10240096e-02
1.58812830e-02,4.21068096e-03,9.36259468e-03,8.52081699e-02,2.59503892e-02,-1.49314050e-02,-5.03461049e-02,-7.67875703e-03,1.58642662e-02,1.47037333e-02,-2.07866726e-03,1.75117021e-02,-4.92610874e-02
2.25254702e-04,3.07521573e-05,1.17851826e-02,5.42367819e-02,4.31068588e-02,-1.63528176e-03,-1.70941754e-02,1.82057218e-02,-6.97842025e-03,2.05219914e-02,1.01972005e-02,1.77445632e-02,-1.99634687e-02
-6.05465273e-03,2.26860346e-02,1.48188625e-02,1.72720502e-02,1.53932271e-02,1.88637098e-04,6.57097783e-03,1.49896649e-02,-4.01172518e-04,3.80259800e-02,2.53729046e-02,1.80293916e-02,-1.83951534e-02
-7.86231904e-03,8.94040195e-03,-2.34321809e-02,-3.25006284e-02,-1.97292798e-02,-3.78603440e-02,6.26255036e-03,3.16693188e-02,-3.32960905e-03,4.48695852e-02,1.75601704e-02,1.51719612e-02,1.55868995e-02
1.99040764e-02,1.36617304e-02,-1.09537953e-02,-5.38997447e-02,-3.39831350e-02,-2.89653809e-02,5.60988519e-02,3.15449048e-02,-7.26824172e-04,3.97651613e-02,5.16114735e-03,4.67284313e-03,2.07179788e-02
3.76265170e-02,3.48371624e-02,-2.66276645e-02,-2.97698160e-02,-1.72082282e-02,-3.84588138e-02,5.67875729e-02,4.65151251e-02,-1.37909630e-03,3.94316254e-02,1.43675238e-02,-4.34533870e-03,1.93967179e-02
5.36305635e-02,5.00415325e-02,-2.89578761e-02,-6.21081435e-02,-2.29704926e-02,-1.91513612e-02,6.06303534e-02,3.60485111e-02,-2.00760484e-02,3.14094821e-02,1.99437975e-02,-9.09167532e-03,2.39872321e-02
6.17031260e-02,5.59104376e-02,-3.94961046e-02,-5.00589368e-02,-1.15407855e-02,1.23660872e-03,5.04996603e-02,4.22204437e-02,-4.33550632e-02,-1.01020428e-02,2.51746598e-02,-1.35837254e-02,2.83165176e-02
3.98299997e-02,2.11287844e-02,-1.95846973e-02,-3.70181425e-02,-1.42876626e-02,-4.04072355e-02,8.68558301e-04,3.40751953e-02,-9.69542246e-03,1.22586856e-02,1.60866288e-02,-1.44890363e-02,2.85454214e-02
6.48889538e-02,1.91152039e-02,8.63601669e-03,-1.16003627e-02,-2.05196128e-02,-3.82318596e-02,-1.96687901e-02,1.30329384e-02,5.26090448e-03,8.92796469e-03,-3.61848524e-03,-3.28281944e-02,2.08378460e-02
5.98017807e-02,6.23578813e-03,-3.54636432e-03,-1.58454499e-02,-1.46888880e-02,-2.42913736e-02,-2.36880889e-02,1.31765486e-02,-1.61999570e-02,4.89585773e-03,5.41059872e-03,-1.25936058e-02,2.50048879e-02
3.57208869e-02,3.23758064e-02,3.50493331e-02,5.18636029e-02,-2.11669825e-02,-1.14204582e-02,-3.39627169e-02,1.25623817e-02,3.03755161e-02,3.90518932e-02,2.90559099e-02,-2.67574321e-02,-1.67124592e-02
1.35618684e-02,2.39302470e-02,3.18929099e-02,3.19453199e-02,-3.53879385e-02,-3.07105249e-02,-4.28623233e-02,3.47841220e-02,2.15662702e-02,4.69195325e-02,2.16778897e-02,-1.79330143e-02,-6.16965188e-04
-9.95976267e-03,-1.06498035e-02,1.20916020e-02,7.26204691e-03,-5.02112319e-02,-8.68479613e-03,-1.43841087e-02,3.17076810e-02,4.30627262e-02,3.25863250e-02,-5.53370178e-03,-3.46219389e-03,2.58417008e-02
8.45358842e-03,8.47190966e-03,3.35098950e-02,2.50998665e-02,-4.12317995e-02,-2.64978879e-02,1.53396013e-02,3.54554258e-02,3.38058420e-02,4.26141764e-02,-2.40634076e-02,-2.77027787e-02,1.11934934e-02
1.36364232e-02,1.31232925e-03,4.12468925e-03,-8.57728656e-03,-4.18790530e-02,3.29963754e-03,4.45190824e-02,2.86489118e-02,3.24654052e-02,1.69520484e-02,-5.77583851e-02,-3.26511322e-02,1.40458643e-02
-6.84252507e-04,2.78014439e-02,2.94584490e-02,6.35728045e-04,-9.04665864e-03,1.32481229e-02,5.25999568e-02,2.68403261e-02,2.84118635e-02,-3.65543547e-03,-5.38443043e-02,-3.29686215e-02,3.16178429e-02
-7.55951760e-02,1.04327767e-02,6.72231622e-02,5.72988864e-03,-6.92904005e-03,1.43438959e-02,5.09754892e-02,2.28017058e-02,3.49602640e-02,-3.57007159e-02,-4.45970321e-02,-3.87795657e-02,1.33185882e-02
-8.33253301e-02,-1.20569091e-02,3.41810169e-02,-4.29627241e-02,-2.13504445e-02,-1.37909805e-02,1.57025379e-02,-1.42993422e-02,1.13013183e-02,-4.31428580e-02,-3.51335384e-02,-2.34233649e-02,2.47146257e-02
-4.83875070e-02,2.23054301e-02,3.23594574e-02,-4.85218703e-02,-9.60963194e-05,-1.13417163e-02,2.71858010e-03,-1.37974801e-02,1.80414647e-03,-5.38067559e-02,-2.71419301e-02,-4.47944585e-02,3.10108040e-02
-6.56332522e-02,6.25210099e-02,6.05613219e-02,-1.02699029e-02,1.28913901e-02,-2.14765831e-02,-2.86638329e-02,-1.34554031e-02,2.54954097e-02,-5.39538029e-02,4.48837117e-03,-2.29469791e-02,5.85400940e-03
-3.73225332e-02,6.53035461e-02,4.85872067e-02,6.91960330e-03,3.15502130e-02,-2.23861407e-02,-5.59105997e-02,-2.20791675e-02,-1.66640805e-03,-6.86824096e-02,3.68988532e-03,-1.31902424e-02,-4.28637686e-03
-6.49378723e-02,-2.42625181e-02,-1.83959680e-02,-2.90618477e-02,3.06872010e-02,1.83220042e-02,-4.12448599e-02,-2.69708530e-02,-1.17409854e-02,-6.79069584e-02,1.17102638e-02,2.95380292e-02,1.17311870e-02
-3.42860232e-02,-5.04257494e-02,-5.51148544e-02,-4.40944837e-02,2.15558178e-02,3.41368074e-03,-2.98291442e-02,-8.13358407e-03,-3.37764196e-02,-4.26886518e-02,1.54523168e-02,1.88401990e-02,2.90375206e-03
3.13254125e-02,-5.80071154e-02,-8.29143766e-02,-2.60135322e-02,2.49033736e-02,-3.28961395e-03,-2.09880940e-02,-2.03812090e-02,-5.72669989e-02,-4.68332610e-02,-3.50584081e-02,7.17793709e-03,3.91081788e-03
3.86960865e-02,-7.61532279e-02,-1.01973704e-01,-1.75469470e-02,2.75578408e-02,1.44322456e-02,2.22624003e-02,-1.42388102e-02,-3.60255998e-02,-3.12707934e-02,-4.43897358e-02,6.91887640e-03,-1.68584262e-02
3.30178052e-02,-6.90188837e-02,-4.49853750e-02,2.86898837e-02,6.35593564e-02,7.29980215e-02,6.31602986e-02,2.56863239e-02,-2.31261322e-02,-4.72778804e-02,-3.83637074e-02,-3.48334712e-03,-5.19106949e-02
1.39600406e-02,-8.09496139e-02,-6.17066375e-02,2.74696081e-02,5.10884547e-02,4.12091525e-02,3.29519878e-02,-1.94858064e-02,-5.28322312e-02,-4.81301946e-02,-1.17779082e-02,5.63043359e-03,-5.48202737e-02
-1.19273764e-03,-3.77497639e-02,-2.79614961e-02,4.79910466e-02,6.33322047e-02,2.29736542e-02,3.17957747e-02,7.20152266e-03,7.93220317e-03,4.67267702e-03,-1.51985483e-03,-3.14012902e-02,-4.22602529e-02
1.19768559e-02,3.53234492e-02,-9.73866520e-03,4.55155850e-02,6.13235240e-02,1.24790116e-02,3.94529115e-02,2.26998751e-02,2.82745647e-02,1.22391847e-02,1.54390564e-02,-1.85858163e-02,-3.47704041e-02
3.24137612e-02,7.82566780e-02,1.66863901e-02,6.49136573e-02,6.62912752e-02,2.86114893e-02,2.15880389e-02,-2.59526041e-03,1.74305161e-02,-1.46777721e-02,-3.56376481e-03,-3.29709743e-02,-1.97404191e-02
-6.39322112e-03,4.26772256e-02,-1.45589885e-02,2.87827945e-02,4.83229688e-02,2.42127561e-02,-8.62863111e-03,-3.33501709e-02,3.28106454e-02,1.39982594e-02,2.04972000e-02,9.48213668e-03,-3.52949891e-04
-2.33056069e-02,3.12659437e-02,-1.47232572e-02,1.76434815e-04,1.46781275e-02,1.99591082e-02,-4.48030709e-02,-5.25323823e-02,1.99022364e-02,6.06758674e-03,4.89117279e-02,2.25972880e-02,1.27195315e-02
-6.63626431e-03,3.24392095e-02,6.12395838e-03,-9.48103718e-03,8.68259640e-03,1.57498259e-02,-7.68528131e-02,-5.52984576e-02,8.56848773e-03,-1.87489389e-02,-3.65144854e-03,3.80201245e-03,2.37912150e-02
-3.31441629e-02,9.20575247e-03,-4.79555137e-03,-3.96310001e-02,-2.56942726e-02,3.56271277e-03,-6.23205425e-02,-4.13912227e-02,2.34040718e-02,1.51838468e-02,3.57969795e-02,3.88426631e-02,2.18376244e-02
3.55201049e-03,9.00173025e-03,2.80373390e-02,-3.91572576e-02,-3.01117629e-02,2.56766907e-02,-3.22256740e-02,-2.95713855e-02,-4.31267265e-03,-7.50045885e-04,-1.08014016e-02,3.52187181e-02,4.83503703e-02
6.56442775e-03,-1.40385100e-03,3.69846110e-02,-1.44609104e-02,-2.98460216e-02,3.51890336e-02,-3.37314381e-02,-3.77794886e-02,-5.25894171e-02,-4.40379126e-02,-2.84683690e-02,3.31670112e-03,4.02402133e-02
-2.02927324e-02,2.05768172e-02,9.26484008e-02,-2.15847148e-02,-2.69969207e-02,-1.67821886e-03,-2.36780451e-02,-2.07960487e-02,-4.26012646e-02,-3.31440874e-02,-1.54135651e-02,2.91649743e-02,3.97115711e-02
1.45974571e-02,2.80725388e-02,8.37672775e-02,-2.26358740e-02,-3.12216104e-02,-3.00254275e-02,-1.07162561e-02,-1.62440006e-03,1.68453738e-03,-1.96950913e-02,-2.72418259e-02,2.45918405e-02,3.62394203e-02
2.75329577e-02,6.95618514e-03,7.60515734e-02,-5.68150046e-04,-4.52766663e-03,-1.39324432e-02,1.39593376e-02,1.26283586e-02,1.15251231e-02,-2.83496323e-02,-5.60099619e-02,6.94539060e-03,1.08738564e-02
2.14090470e-02,-6.39466863e-03,3.38038843e-02,-5.21948039e-03,-6.51973110e-03,-4.45933087e-02,-3.14612352e-03,1.55530729e-02,2.38185136e-02,-2.43672043e-02,-6.27895018e-02,9.12979876e-04,6.90546777e-03
3.75451282e-02,-8.14944062e-03,1.12720837e-02,-9.74917676e-03,-2.23301876e-02,-5.45656450e-02,-1.76219582e-02,-2.13777261e-03,2.56424898e-02,-3.76785392e-02,-4.74392840e-02,3.98453899e-03,-2.49236864e-02
6.40497711e-02,-2.69393206e-02,6.00894790e-03,-6.42424052e-03,-1.31873037e-02,-1.13700917e-02,-1.96673659e-02,2.91266639e-02,5.70441298e-02,-3.90714453e-02,-5.81994807e-02,-2.62703632e-02,-6.00909192e-02
2.36081052e-02,5.14201621e-03,-2.97286549e-02,1.51912395e-03,-4.98107529e-03,2.46198463e-02,-1.11389288e-02,4.74152596e-02,7.86686763e-02,3.24324299e-02,-1.38562250e-02,-1.51249183e-02,-5.73219357e-02
1.15581958e-02,2.74546179e-02,-5.18587068e-02,-1.60746720e-02,-7.36963198e-03,3.26482363e-02,-3.52656351e-02,6.59178717e-02,6.17516521e-02,6.69408990e-02,5.67685276e-03,-2.89284141e-02,-3.24516408e-02
1.42581350e-02,3.87810989e-02,-5.81801693e-02,-3.14080625e-02,-2.90110375e-03,5.52299751e-02,-4.21496027e-02,5.11172437e-02,1.51321350e-02,6.48346966e-02,8.31132591e-03,-6.54820025e-02,-5.25665432e-03
-8.40365956e-03,5.57953047e-02,-4.56076130e-02,-5.34418613e-02,7.17514842e-03,5.38211857e-02,-3.12496436e-02,2.99695471e-02,-4.33275146e-02,8.12391647e-02,4.82682879e-02,-2.27926039e-02,2.18606659e-02
-2.98748032e-02,3.69231564e-02,-4.53240503e-02,-8.63733355e-02,-1.33550432e-02,4.50562180e-02,-1.58988974e-02,1.72175229e-02,-2.22544775e-02,7.14681785e-02,3.93132130e-02,-1.27900726e-03,5.77619714e-02
-4.55344385e-02,-7.61252717e-03,-2.67754843e-02,-5.35924965e-02,1.51128740e-02,4.55939425e-02,-1.14719315e-02,-1.63257084e-02,-1.00596106e-02,8.91108322e-02,3.93987771e-02,5.33863672e-03,3.11635804e-02
-3.89634149e-02,-3.85737412e-02,-6.01371280e-02,-6.38749600e-02,-1.74255581e-02,9.75575990e-03,-2.62569809e-02,-4.49227509e-02,-1.55574247e-02,7.40106160e-02,3.19701034e-02,-4.86920851e-03,3.39565151e-02
-7.08390519e-03,-3.34895358e-02,-5.26252374e-02,-5.43749604e-02,-1.67100792e-03,-9.42805638e-03,-2.62991609e-02,-6.76912345e-02,4.72420628e-03,6.37762870e-02,3.52386692e-02,1.11160019e-02,2.34119219e-02
2.35062237e-02,-5.09084738e-02,-3.17780233e-02,-3.50934550e-02,3.55925083e-03,1.41180448e-02,1.04676081e-03,-7.20796794e-02,1.58220270e-02,4.49854274e-02,2.80514125e-02,2.85301888e-03,3.13118872e-03
1.94004192e-02,-1.24642768e-02,-3.03716772e-02,2.69779782e-03,4.55847243e-03,4.58874486e-02,3.07311465e-02,-6.92379603e-02,2.98370839e-02,4.96209096e-02,-8.47330979e-04,-6.00768383e-03,-1.14888299e-02
2.53268174e-02,7.57603268e-03,-1.75482228e-03,1.66483891e-02,-1.50380804e-02,2.64294972e-02,5.59340054e-03,-1.43911458e-02,5.26022850e-02,4.15766012e-02,6.69534775e-03,-1.92160285e-02,-3.56438079e-02
2.22305020e-02,2.82993856e-02,-1.08711621e-02,7.95092345e-03,-2.07852511e-02,-2.20705952e-02,-2.93569144e-02,-1.82552066e-02,2.52914628e-02,3.41362940e-02,4.05952032e-02,-2.50735254e-03,-3.02919134e-02
5.78630648e-02,2.68229687e-02,-6.16547481e-03,2.70408842e-02,-3.09103833e-03,-1.79815604e-02,-1.35122251e-02,1.26970653e-03,9.00458349e-03,4.80534607e-02,3.55635988e-02,-9.35726225e-03,-1.80494647e-02
5.85470971e-02,3.32027320e-02,-1.06331400e-02,1.14681610e-02,-9.05087670e-03,-4.74928585e-02,-9.21990305e-03,2.65162795e-02,-5.66820931e-03,5.18525949e-03,4.44335927e-02,1.32677006e-02,-1.72094306e-02
1.43732591e-02,6.30213636e-04,2.63862444e-02,4.87362985e-02,2.24275892e-02,-3.73249740e-02,2.19045972e-02,4.05294367e-02,3.27946489e-03,9.92324832e-03,2.85072476e-02,1.51487807e-02,-3.37418742e-02
2.84880489e-02,-3.09979961e-02,3.35745569e-02,5.75794432e-02,-2.39046174e-02,-6.60510235e-02,1.60955497e-02,6.01328461e-02,2.95156927e-03,-1.03396447e-02,2.53671563e-02,-1.72801187e-02,-3.49364665e-02
8.63903581e-03,-3.75981177e-02,5.49774953e-02,4.38780176e-02,-4.04032892e-02,-6.32716558e-02,8.57200095e-03,4.98115031e-02,1.01611928e-02,8.91052104e-03,2.51059947e-02,2.92965529e-04,-2.66186408e-02
1.61294494e-02,-2.65628997e-02,7.66025020e-02,5.71498609e-02,-4.14840031e-02,-2.43689330e-02,1.18993832e-02,4.27950643e-02,1.15422445e-02,6.00773175e-03,1.61577255e-02,-2.02835911e-02,-9.76204229e-03
-8.90672491e-03,-2.28694333e-02,7.88303604e-02,2.77513509e-02,-4.64395711e-02,-4.50716193e-03,1.53728036e-02,1.60720144e-02,-1.32892901e-03,1.54014523e-02,1.08362743e-02,-2.39041742e-02,9.12125565e-03
-1.25351151e-02,-1.49591233e-02,8.48831000e-02,1.88544107e-02,-3.19949468e-02,2.60322109e-02,2.64130468e-02,4.62769529e-02,1.87069885e-02,2.63602216e-03,-1.21461071e-02,-4.91814299e-02,6.29684447e-07
-3.54349729e-02,1.32521909e-03,6.78295363e-02,1.06510572e-02,-4.45276470e-02,-2.18840772e-02,9.55071752e-03,4.27646083e-02,-1.17937088e-02,3.86948560e-03,8.02900348e-03,-2.91715435e-02,2.08799981e-03
-4.11934665e-02,-2.31660935e-02,3.78669556e-02,-2.58038668e-03,-4.56463480e-02,-2.52542141e-02,2.37100329e-02,1.84102138e-02,-2.56787324e-02,1.91179862e-02,1.14337699e-02,-2.35880274e-02,3.09879616e-02
5.87579051e-03,1.10626481e-02,1.44946684e-02,8.49217508e-03,-2.02227092e-02,-5.02856245e-02,8.61502204e-03,1.74144094e-02,-3.43944348e-02,5.29555127e-03,1.94464263e-02,-1.09604531e-02,1.73365286e-02
-1.54168643e-02,4.19532004e-04,-1.66571096e-02,7.88465249e-03,1.60636460e-02,-5.58630373e-02,2.20277053e-02,1.41561479e-02,-2.31566665e-02,1.72034554e-02,1.75065140e-02,2.93557543e-02,1.65445125e-02
-1.37099212e-03,9.09715091e-03,3.32664343e-03,4.26258460e-02,3.81549537e-02,-4.90456873e-02,2.47228407e-02,2.89573718e-02,-1.40830244e-02,-1.81156249e-03,1.28993214e-02,2.57995998e-02,5.15594442e-04
-2.56989227e-03,-7.89528327e-03,3.98222962e-03,3.52753646e-02,1.41087232e-02,-5.43425867e-02,3.00994203e-02,1.26457900e-02,-3.72133115e-02,-3.10604739e-03,-5.80648912e-03,4.11422213e-02,-1.46329552e-02
3.33179020e-02,-3.54923820e-03,-1.62387585e-02,5.47725152e-02,6.20199882e-03,-4.31370775e-02,2.62349250e-02,1.43501106e-02,-1.61549665e-02,-1.30982232e-02,-2.23015798e-02,5.67770201e-02,2.69365497e-03
5.98925670e-02,6.19357426e-04,-1.38697209e-03,3.64557411e-02,-7.96042701e-04,-3.85915879e-02,2.90351775e-02,-1.28843995e-02,-3.66782495e-02,-1.05514813e-02,-3.63791764e-02,6.28835221e-02,2.71209636e-02
2.40284501e-02,-3.03555490e-02,-3.63803041e-03,1.80064520e-03,3.02905663e-02,2.28865299e-03,1.35734578e-02,-2.03744940e-02,3.11908290e-03,-8.35559869e-03,-4.61190904e-02,3.17472647e-02,9.80362106e-03
4.17903373e-02,-2.95253795e-02,-9.15683926e-03,-2.27957786e-02,4.00432647e-02,2.72002298e-02,-6.50424389e-03,-1.77587199e-02,2.05502136e-03,5.15326309e-03,-6.70246434e-02,-1.62631242e-02,1.30818415e-02
2.92158951e-02,-1.48271791e-02,-6.06445226e-03,-5.97813107e-02,2.56554155e-02,3.77191186e-02,7.94089964e-03,-7.06415683e-02,-3.13476928e-02,7.00680484e-03,-3.56252527e-02,-2.71916574e-02,2.53191512e-02
-6.13905021e-02,-5.40792886e-03,1.45548723e-02,-6.11434851e-02,2.73281794e-02,3.87242710e-02,-3.72499041e-02,-9.21312306e-02,-3.00313130e-02,-2.41621973e-02,-7.80322172e-02,-1.33324309e-02,2.32885379e-02
-1.10850751e-01,-3.87188946e-03,5.22566754e-02,-3.33091572e-02,6.07611157e-02,8.24631630e-02,-4.40604650e-02,-7.63442922e-02,-7.95464801e-03,-9.74864296e-03,-6.97835807e-02,-1.07108570e-02,1.97696857e-03
-1.26586050e-01,3.45935275e-02,4.05803436e-02,-4.93447412e-02,6.94732150e-02,1.14869090e-01,-4.96213878e-02,-8.41098711e-02,3.84282248e-03,-1.88338142e-02,-2.92154704e-02,-4.68226398e-03,-2.01396787e-02
-1.53401367e-01,5.47242284e-02,6.18846208e-02,-8.23098214e-03,6.40889923e-02,7.94815724e-02,-6.18594993e-02,-9.44054531e-02,-1.88338427e-03,-1.92708608e-02,-4.55104691e-03,-2.65595247e-02,-4.46763266e-02
-1.38881327e-01,5.30228230e-02,1.02425653e-02,1.17464628e-02,4.59552178e-02,8.14273840e-02,-2.95966378e-02,-5.92763470e-02,1.44409871e-02,4.57905006e-04,-2.27977278e-02,-9.08242275e-03,-3.97885979e-02
-9.33650349e-02,6.82251396e-02,3.68148199e-02,3.42894335e-02,3.74308565e-02,7.33186381e-02,-5.44008661e-03,-4.92992273e-02,4.01227900e-02,1.89321629e-02,-2.12243560e-02,7.02145440e-03,-2.46745753e-02
-6.57075158e-02,1.92860719e-02,3.50283146e-02,1.91960484e-02,1.26645775e-02,3.37699682e-02,-3.72665678e-02,-6.35874503e-02,4.94638802e-02,6.56363535e-04,-5.13283149e-02,3.09649712e-03,-3.01153540e-02
-4.56446185e-03,-1.53084711e-02,-1.35673897e-02,4.74807400e-03,2.38427188e-02,4.36909232e-02,-5.01210831e-02,-4.85699743e-02,7.54218145e-02,3.36279202e-02,-5.18846449e-02,2.95179707e-03,-4.33000262e-03
8.63004498e-02,2.09529730e-03,-1.18329227e-02,-5.83517465e-03,1.10412334e-02,3.85696387e-02,-5.68258834e-03,-6.10079527e-02,4.12415292e-02,1.89656572e-02,-1.69879606e-02,3.74226872e-03,2.35081618e-02
3.75772640e-02,-3.45778102e-03,-4.11759251e-02,-2.31113431e-02,-3.08364668e-02,5.48374111e-03,-7.76931022e-03,-3.49974967e-02,4.31013999e-02,-1.89025033e-03,-2.35188409e-02,2.04804526e-02,4.63215727e-02
5.36099100e-02,1.02645556e-02,-2.61347965e-03,4.85988739e-02,9.77986071e-03,1.29631579e-02,9.88637124e-03,-1.12683534e-02,2.63368954e-02,-2.49574068e-04,-1.84343920e-02,1.40544122e-02,3.21219193e-02
8.76792142e-02,3.91007256e-02,-2.16540009e-02,1.54193467e-02,-4.61089330e-03,2.66434901e-02,2.58036210e-02,-4.35436212e-05,1.78739887e-04,-7.43380587e-03,3.11778404e-03,2.31830981e-02,2.80516756e-02
6.18727242e-02,5.91416321e-02,1.48401219e-02,4.99443607e-02,-7.08675566e-03,-8.77826357e-03,2.87608436e-02,-7.95543516e-03,-3.46176193e-02,-4.75013817e-02,2.77379039e-02,1.67624366e-02,1.64521353e-02
6.54646952e-02,6.16519888e-02,-1.95226930e-02,5.41670385e-02,-2.56991873e-02,-9.86928570e-04,5.49496738e-02,2.12914468e-02,-3.96369588e-02,-4.05030165e-02,1.73751659e-02,1.79537150e-03,1.21377722e-02
4.59712256e-02,4.60514794e-02,6.94888717e-03,6.10790954e-02,-2.09853640e-02,4.32884582e-02,5.71776758e-02,2.82505600e-02,-2.26283197e-02,-3.50044854e-02,2.08256081e-02,-1.65157169e-02,2.00126376e-02
4.97242404e-02,2.35587751e-02,6.45819578e-05,4.77650848e-02,-3.16159970e-02,1.50435799e-02,3.01930807e-02,3.69531719e-03,-5.91654353e-02,-4.52147418e-02,-1.93470690e-02,-3.52481390e-02,1.71754580e-03
3.40053555e-02,-5.41083368e-04,-2.05215431e-02,3.91885535e-02,-1.36449354e-02,1.67596382e-02,1.48574969e-02,1.33713291e-02,-1.88872355e-02,1.23727350e-02,-2.37578028e-02,-4.06415113e-02,3.23063360e-03
5.84927072e-02,1.47152191e-03,-1.80369973e-02,3.05921354e-02,-5.19016324e-04,1.64395974e-02,1.16500182e-02,-1.24093950e-03,-1.58655550e-02,-2.65932374e-02,-4.09950383e-02,-4.13225108e-02,-5.18591400e-03
4.10989167e-02,-3.77515102e-03,-3.20157501e-02,-1.08664321e-02,-2.05196232e-02,1.31149139e-02,1.73663562e-02,1.49386828e-02,2.70782622e-02,1.21032142e-02,1.70773549e-04,-6.13513474e-02,-1.22562645e-02
1.65224967e-02,-1.09459966e-02,-2.48262023e-02,1.83844588e-02,1.18457770e-02,-2.14989647e-02,1.51785256e-02,-1.13034037e-02,1.46987197e-02,1.55867271e-02,1.79579827e-02,-7.24244211e-02,-3.31714869e-02
3.36121325e-02,1.85789338e-03,-3.58069032e-02,-4.10505042e-02,2.38133642e-02,-2.75129185e-02,2.18380346e-02,1.62057280e-03,8.15826906e-03,4.14488964e-02,8.70542418e-03,-6.95011486e-02,-3.81548096e-02
-1.22804319e-02,2.97290919e-03,2.23438986e-03,-4.26643733e-02,3.45142379e-02,-8.35847047e-03,4.12126851e-02,-5.78717193e-03,2.50100850e-03,1.81253416e-02,-1.33762745e-03,-4.43233338e-02,-5.05962485e-02
-1.09362695e-02,2.48340992e-02,8.23301514e-03,-4.35648231e-02,1.32436223e-02,1.37177688e-02,3.49928725e-02,-3.29035880e-02,1.40877518e-02,-9.22555645e-03,-5.37596823e-03,-5.01901227e-02,-6.09395550e-02
-2.88416191e-02,-2.16655569e-02,-4.30410468e-03,-3.08697797e-02,3.97618060e-03,5.57401097e-02,3.49505645e-02,-2.67671118e-03,3.63963901e-02,-3.83694595e-02,1.17167528e-02,-3.93724920e-03,-5.09347374e-02
-2.55988195e-02,-1.55710970e-02,-1.30937671e-02,-1.99246775e-02,6.93652623e-03,3.94283714e-02,5.21514823e-02,4.60760887e-03,1.38303426e-03,-5.62048868e-02,5.00929203e-03,9.01227575e-03,-4.64781961e-02
-2.83225468e-02,-3.10719736e-03,-2.97160616e-02,-2.02715174e-02,-7.03938872e-03,5.25141400e-03,6.26927024e-02,5.06763155e-02,-5.89887745e-03,-2.89412706e-02,1.84215325e-02,1.96594393e-02,-1.63427851e-02
-1.26447543e-03,6.51440710e-03,-4.68367570e-02,-4.58807369e-03,-1.42289385e-02,-2.54473820e-02,6.88322363e-02,5.38529632e-02,-9.93438731e-03,-5.71093792e-02,1.90081296e-02,2.90078994e-02,-2.26769756e-02
2.11261546e-02,1.86366041e-02,-1.25639870e-02,2.18033020e-02,-3.67859514e-02,-3.13538329e-02,5.70092801e-02,3.32698536e-02,-2.75385804e-02,-5.14764597e-02,4.55902550e-02,3.26132783e-02,-1.50742989e-02
-6.40776608e-04,1.45591832e-02,8.18655329e-03,1.92568003e-02,-6.39064703e-02,-3.74948598e-02,5.14732560e-02,1.83332968e-02,-2.67440224e-02,-5.12458625e-02,7.28480955e-02,6.47110055e-02,-1.03276909e-02
3.34589104e-02,1.78686834e-02,1.02323941e-02,-1.11911066e-02,-6.42823344e-02,-3.26579526e-02,4.70011507e-02,-5.48937921e-03,-3.87125834e-02,-3.01378864e-02,5.53517146e-02,6.34880129e-02,-1.39197254e-02
-1.65048191e-02,-1.04142225e-02,-3.68785781e-03,-2.20964824e-02,-4.10246362e-02,-2.03496275e-02,2.32252055e-02,1.33358713e-02,-3.92546168e-03,2.16300891e-02,4.26557056e-02,4.94150785e-02,-1.20690262e-02
-4.15743005e-02,-5.94808551e-03,2.90636166e-02,3.54370090e-03,-2.57832199e-03,1.08204386e-04,-3.48835483e-02,-2.26885121e-02,-1.06218062e-02,2.42515763e-02,2.66728704e-02,2.63878864e-02,2.05639552e-02
-7.07509685e-02,-8.70086106e-02,1.34018709e-02,4.46820795e-03,-2.82835864e-03,1.20951552e-02,-7.69173732e-02,1.09050956e-02,2.44028292e-02,3.18464525e-02,2.93260550e-02,3.06417585e-02,2.60304287e-02
-7.92004948e-02,-1.03622269e-01,-1.42478254e-02,3.00196697e-04,3.13694232e-02,-8.65472965e-03,-8.57448379e-02,2.09088221e-02,4.02988198e-02,2.25517904e-02,2.64876967e-02,4.25683579e-02,6.01921200e-02
-4.90993159e-02,-8.63028181e-02,-4.85734876e-02,-1.30620557e-02,5.43382660e-02,-6.15499661e-02,-8.77113432e-02,5.32834392e-02,2.83625612e-02,2.12893389e-02,-4.06886063e-03,2.33242106e-02,5.80333026e-02
-9.20142451e-02,-1.16250597e-01,-6.86875121e-02,-2.04748623e-02,8.49701935e-02,-6.98516197e-02,-6.00678639e-02,7.71756138e-02,5.38666181e-02,5.44889856e-02,-2.24916097e-02,-6.99640319e-03,5.40947262e-02
-5.32641357e-02,-8.98743259e-02,-2.34101979e-02,3.20950930e-02,7.31081989e-02,-6.96345699e-02,-7.86533666e-02,6.05311218e-02,2.23899305e-02,1.76470398e-02,-3.33903542e-02,-3.78718372e-02,1.16330123e-02
-5.68367160e-02,-4.91065134e-02,-3.01219635e-03,-8.36903856e-03,3.79052938e-02,-7.10878762e-02,-7.76116689e-02,1.62768133e-02,-1.05177008e-02,-2.18366322e-02,-3.00624756e-02,-1.36006274e-03,1.82953159e-02
-6.50343143e-04,-1.29198322e-02,2.22331475e-02,-7.13026490e-03,-1.02064599e-02,-3.22704771e-02,-3.87440293e-02,-2.03307370e-02,-1.20045382e-02,-3.52519594e-02,-1.39848965e-02,1.86101107e-02,-1.11282230e-02
1.62780978e-02,-8.88167074e-03,1.48161558e-02,-1.83700428e-02,-2.06526605e-02,-7.19933688e-03,-6.05270123e-03,-3.09051374e-02,1.20364455e-02,-6.46987172e-03,-6.52429736e-03,2.64357748e-02,-2.94387300e-02
3.44095185e-03,1.59244848e-02,1.82570355e-02,1.63719135e-02,-1.63031677e-02,4.59897099e-03,-5.64310517e-03,-5.16494530e-02,-2.67009729e-02,1.91336592e-02,1.28249549e-02,4.70749663e-02,-1.70289814e-03
3.76392069e-02,9.03996119e-03,2.96554148e-02,3.83231090e-03,-3.78111453e-02,2.25476961e-02,-1.43909986e-02,-2.22101638e-02,-1.03456183e-02,2.12719917e-02,4.14295795e-02,3.20739520e-02,-1.75349328e-02
2.92163073e-02,5.08140192e-03,2.36016690e-02,-1.98954172e-02,-3.63083630e-02,5.87334335e-02,-3.45626773e-02,-2.64115348e-02,-2.77172751e-02,-7.60887317e-03,3.00984574e-02,4.23016997e-02,1.56643319e-02
8.34914258e-02,1.78762568e-02,-3.23006017e-03,-2.23979072e-02,-4.03764183e-02,1.59644063e-02,-2.27029578e-02,-5.35098542e-03,-2.50097125e-02,-1.74282516e-02,4.95980794e-02,4.97440249e-02,2.06237524e-02
3.85593924e-02,-1.30323204e-02,-8.08814247e-03,-3.32995717e-02,-1.81062428e-02,4.63098468e-02,-1.08366096e-02,2.08878779e-02,7.86104099e-03,3.98568805e-03,5.58910078e-02,6.55392632e-02,4.24146886e-02
4.60346290e-02,7.53558240e-03,1.22589424e-02,-1.41479385e-02,-2.01126743e-02,3.78540786e-02,-1.93520446e-02,4.25198147e-02,1.06479129e-02,-1.56424344e-02,5.45624471e-02,2.64597065e-02,4.97506439e-04
8.57112753e-03,1.89934133e-03,2.56419026e-02,-8.26591313e-03,-5.05164802e-03,1.94884633e-02,-2.84691285e-02,3.23840464e-02,1.27170459e-02,-4.21349438e-03,3.73705407e-02,8.03830564e-03,6.16303733e-03
-5.62181580e-03,-2.13661548e-02,4.33774975e-02,-5.18838153e-03,-2.14253306e-02,2.84115985e-02,-1.51143591e-02,4.62750420e-02,2.64593438e-02,-2.28841203e-02,3.14521021e-02,-2.70218315e-02,-8.37683877e-03
-1.22596480e-02,-1.11259638e-02,7.21744504e-02,1.68582213e-02,-2.76471307e-02,-2.10145794e-02,-1.15116647e-02,5.30439601e-02,5.64392800e-02,9.79050194e-03,8.02203414e-03,-3.74604134e-02,-6.76096256e-03
-3.77681002e-02,-5.29611698e-03,5.35032006e-02,2.44028406e-02,-3.92916837e-02,-4.30364605e-02,-2.16532540e-02,3.18362424e-02,5.04312735e-02,3.71428210e-02,-2.50746687e-02,-2.18039705e-02,6.32339824e-03
-3.87755229e-02,1.00199900e-02,5.50662803e-02,2.00157236e-02,-2.71543439e-02,-6.18670047e-02,-2.70445666e-02,4.61973232e-02,8.26742899e-02,3.64276467e-02,-1.10600592e-02,-3.18188359e-02,-2.03679947e-02
-3.88013330e-02,-3.31521845e-03,4.26641867e-02,1.33617670e-02,-1.47773551e-02,-1.42727246e-02,-3.88209992e-02,1.19520792e-02,5.23429398e-02,4.15661994e-02,-4.66228453e-02,-5.70567541e-02,-1.48037852e-02
-3.37489875e-02,-5.51233424e-02,1.10984893e-02,3.32455529e-03,-1.96399252e-02,-1.79370686e-02,-1.52273214e-02,4.11639855e-03,3.53869218e-02,3.07801956e-02,-3.05629588e-02,-5.28954116e-02,-2.73090906e-02
-1.81479092e-02,-4.49228226e-02,-7.46952400e-03,4.08316047e-03,2.99423122e-02,-3.99640854e-03,-4.55069638e-02,-2.27170988e-02,1.66811398e-02,1.54865850e-02,2.97261227e-02,9.44864016e-03,-3.40154176e-02
2.50238796e-02,-5.52975947e-02,-4.86340206e-02,-3.84416502e-02,2.16624413e-02,-3.05799247e-02,-3.59954824e-02,-5.27871825e-02,-2.13332384e-02,-3.90234888e-03,2.69036275e-02,2.08339519e-02,-1.43309350e-02
2.44626202e-02,-6.83341529e-02,-6.28060094e-02,-5.16245399e-03,4.34798849e-02,-5.43445218e-03,-1.15507521e-02,-4.34443149e-02,-6.86584564e-03,1.70586878e-03,4.77568212e-02,4.20401596e-02,-2.24016452e-03
-7.16713381e-04,-1.11972348e-01,-7.31620852e-02,-2.89635234e-02,4.15708492e-02,2.68857351e-02,1.71175013e-02,-3.84361018e-02,-5.73334845e-03,1.48461602e-02,4.57101883e-02,2.31890940e-02,-1.41259304e-02
-4.06928738e-03,-9.09310637e-02,-3.37100172e-02,5.63381457e-03,3.51578045e-02,-3.30636799e-02,1.23914634e-02,-7.56772767e-03,-1.19768003e-02,4.35439106e-02,4.09520175e-02,9.64418450e-03,-1.46144371e-03
-4.36316570e-02,-4.58292268e-02,-2.83834261e-02,-1.36133954e-02,6.59554823e-03,-7.13957893e-03,1.62320579e-02,1.39340508e-02,-5.42298456e-03,6.49086575e-02,1.94396147e-02,1.58205389e-02,5.13396467e-03
-1.11136380e-01,-2.37428396e-02,-2.67762358e-02,-1.96581409e-02,-2.68720578e-02,-3.01557411e-02,6.54580343e-03,3.48133151e-02,1.12440854e-02,4.42991984e-02,-4.32706368e-03,1.25882427e-03,1.03907447e-02
-6.42566854e-02,4.37675645e-02,-1.52918398e-02,1.22274807e-02,-4.90330942e-02,-2.27048192e-02,-9.37792784e-03,3.13818829e-02,1.33902518e-02,3.32179596e-02,-2.88390841e-02,-1.71411326e-02,2.49208526e-02
-7.93364198e-02,1.74835467e-02,-1.32584234e-02,2.79614696e-02,-5.02983267e-02,-1.82944454e-02,-1.41628308e-02,1.38737607e-02,-1.62233266e-02,9.26686905e-03,-5.49189406e-02,-2.12111708e-02,2.42055967e-03
-2.70764741e-02,6.76157255e-02,-4.67731815e-03,6.14767152e-02,-9.53158316e-03,4.40522039e-03,4.35146874e-03,3.13577896e-03,-3.94459859e-02,-2.31033319e-02,-3.29704131e-02,-1.59412678e-03,-1.61095812e-02
3.45265535e-02,5.74745922e-02,-8.24158868e-03,2.85463511e-02,-1.38778013e-02,9.55346745e-03,2.08687472e-02,-3.38527163e-03,-4.22328540e-02,-5.11047569e-02,-7.70520955e-02,-3.54304816e-02,-8.54874047e-03
7.67990859e-02,5.02715603e-02,-4.69326321e-02,-1.76035388e-03,5.03057609e-03,2.11220689e-02,4.18266533e-02,-1.97522149e-02,-6.03763696e-02,-1.14093728e-01,-7.36802323e-02,-2.99011858e-02,-1.42753896e-02
1.06209857e-01,4.22707777e-02,-6.86922992e-02,-2.56489771e-02,2.88208543e-02,7.05431180e-02,3.99986560e-02,-3.70906808e-02,-4.55107092e-02,-9.71089435e-02,-7.30988567e-02,-4.12876727e-02,-2.43541256e-02
1.25922590e-01,3.63215125e-02,-5.20171636e-02,-9.90158036e-03,7.49912269e-02,7.52146548e-02,3.28951813e-02,-4.72154595e-02,-5.28827666e-02,-1.21618249e-01,-1.09146993e-01,-4.02874304e-02,-3.15327261e-02
6.41013347e-02,5.75320346e-03,-5.13032121e-02,-3.73326641e-02,8.58558364e-02,1.21101981e-01,5.81585673e-02,-2.01271788e-02,-2.45463926e-02,-7.64156274e-02,-5.65245042e-02,-1.71370060e-02,-1.69533291e-02
-4.99789182e-02,-4.13362697e-02,-4.49013411e-02,-4.74329932e-02,5.92393467e-02,1.25436814e-01,1.28197833e-01,3.78537295e-02,8.58699830e-03,-4.10485121e-02,-1.96068596e-02,-2.30493192e-02,-9.95220217e-03
-8.28732479e-02,-5.05803783e-02,-5.14110303e-02,-3.19834310e-02,5.19930787e-02,9.37638422e-02,1.22325325e-01,4.35844603e-02,1.90484500e-02,-2.34038853e-02,1.17988049e-02,-5.87917352e-03,1.41224533e-02
-9.44758491e-02,-4.11581572e-02,-2.92180194e-02,-9.99198663e-03,3.81343314e-02,8.51212941e-02,9.90047749e-02,4.69538812e-02,3.87978340e-02,1.12939473e-02,4.45056448e-02,1.45643140e-02,-8.43746545e-03
-4.66108037e-02,4.52827865e-03,1.72496767e-02,1.29635849e-02,-3.56269916e-03,2.97079297e-02,7.17336016e-02,2.74734007e-03,3.26587304e-02,3.20596754e-02,4.49623365e-02,2.47146350e-02,4.30978180e-03
-5.99504775e-02,9.76372811e-04,5.05483991e-02,-1.49897534e-03,-6.25527620e-02,-1.11806890e-02,3.04465490e-02,-2.93452794e-03,2.00912491e-02,1.37041142e-02,1.17466098e-02,1.76733670e-03,-1.42471803e-03
3.91319719e-03,5.49177154e-03,5.22868725e-02,-1.62111522e-02,-4.86937713e-02,-4.42761584e-02,-4.80090746e-03,-4.96798551e-02,-2.79090507e-02,7.18030784e-03,2.13276503e-02,2.01729393e-02,2.13655123e-03
4.48335753e-02,2.83217112e-02,4.82685592e-02,-2.95490545e-02,-7.45260125e-02,-8.81289390e-02,-8.04108217e-02,-8.00890910e-02,-4.05580976e-02,7.98741912e-03,3.47705815e-02,-9.99047051e-04,1.16185774e-02
1.03898124e-01,5.62112046e-02,4.29151876e-02,-6.33129714e-03,-3.46766448e-02,-8.62177977e-02,-1.41958107e-01,-1.14426300e-01,-6.56736561e-02,-1.64549611e-02,-1.79665148e-02,-3.21062772e-02,-9.52578695e-03
1.19396054e-01,4.04842076e-02,1.63200773e-03,-1.94943353e-02,-2.39202157e-02,-7.17845668e-02,-1.23364858e-01,-9.93950602e-02,-4.98033842e-02,1.71255745e-02,1.33704440e-02,-1.03121107e-02,2.15217535e-02
6.52228507e-02,4.25365056e-02,2.74882741e-02,-1.20188611e-03,-2.34892909e-02,-6.43668128e-02,-7.42872240e-02,-3.54873876e-02,1.16272354e-02,4.11502967e-02,1.18485990e-02,-1.41902288e-02,3.04822306e-02
3.05171485e-02,-5.10082960e-03,-1.82848454e-03,-3.59603772e-03,-7.58003652e-03,-4.98340543e-02,-9.14116309e-03,-9.93489721e-03,1.24385824e-02,3.76470801e-02,3.52143474e-02,2.47040964e-02,3.94078427e-02
3.23595334e-03,-3.87710594e-02,-3.06600578e-02,-2.31698889e-02,-1.10764541e-02,4.51372482e-03,5.18210581e-02,4.97809035e-02,6.37287652e-02,6.63492379e-02,7.57478276e-02,5.30281525e-02,2.92833874e-02
3.15149256e-02,-5.31921398e-03,6.32320345e-03,-3.40597732e-02,-3.43076563e-02,-7.01701024e-03,7.21546829e-02,7.10878971e-02,8.12585838e-02,5.21362966e-02,3.78834145e-02,3.33838659e-02,1.94506133e-02
2.48012780e-03,-2.10800153e-02,5.30970416e-03,-3.85073373e-02,-4.86937465e-02,-2.56995520e-02,6.42262164e-02,5.96956736e-02,3.79320824e-02,-4.66379108e-03,3.65698423e-02,1.82135589e-02,6.29148434e-04
4.43254043e-02,-1.02907639e-02,1.90860629e-02,-2.09676922e-02,-7.88779895e-03,-2.13671382e-02,6.06261075e-02,4.02471269e-02,-1.29396475e-02,-3.28517339e-02,1.52308410e-02,1.31960954e-02,-1.04707416e-02
1.02025150e-02,1.95688971e-02,5.76517999e-03,-2.23785019e-02,-2.93531992e-02,-2.62382649e-02,-2.10674378e-03,2.99767406e-02,-4.40066049e-02,-3.70985634e-02,8.01433532e-03,7.43475737e-03,-6.39651411e-04
1.92783913e-02,7.46600970e-02,3.44230564e-02,-2.05846386e-02,-4.65218869e-04,7.00345847e-03,-2.58886210e-02,-9.23907009e-03,-1.04441046e-01,-3.45112133e-02,-3.25587312e-02,-4.56459414e-02,-2.91306952e-02
-2.41450432e-02,5.69089047e-02,-3.89954141e-04,-2.90598715e-02,-4.71682708e-03,6.42507324e-03,-1.35861846e-02,-8.76996290e-03,-1.34790966e-01,1.19357417e-03,-6.61127987e-03,-5.38752823e-02,-6.53847618e-03
-6.20554916e-02,5.11763835e-02,-1.85396036e-03,-1.70650215e-03,1.56549707e-02,2.30153730e-02,5.92244874e-03,1.95376415e-02,-8.08665210e-02,4.11124002e-02,6.81713126e-04,-5.06198362e-02,1.38311278e-04
-2.99086096e-02,5.78015938e-02,-1.15180477e-02,7.06624977e-03,3.23913715e-02,6.11244392e-03,5.98217631e-03,1.70900338e-02,-5.10764616e-02,5.55619773e-02,1.56802390e-02,-2.83298519e-02,-1.17088648e-02
-5.46751466e-02,1.42976643e-02,-5.41523985e-02,-2.90751977e-02,7.66864218e-03,-7.22222741e-03,2.02053460e-02,2.72856969e-02,-2.38084082e-02,7.11623456e-02,3.40541646e-02,2.08165057e-03,3.99147143e-03
-4.61399827e-02,9.30768142e-03,-4.23078330e-02,-1.09308773e-02,-1.52530938e-03,-1.51407432e-02,3.14524961e-02,4.13067882e-02,-8.05136682e-03,3.72878570e-02,1.29454914e-02,1.26203764e-02,3.96868888e-03
8.06741079e-03,-8.19994514e-03,-5.55399960e-02,2.07437651e-02,-7.66092784e-03,-3.53274735e-02,2.77733732e-02,3.90004764e-02,5.91203669e-03,4.44151574e-03,4.31724402e-02,4.85322652e-02,5.52688819e-03
7.47000257e-02,-1.69738305e-02,-4.08384407e-02,6.39954912e-02,7.29104701e-04,-8.79144126e-02,2.90992851e-02,1.01186066e-02,2.49160103e-02,-2.23543438e-02,3.24791984e-02,5.34812158e-02,-9.29425664e-03
3.93463464e-02,-3.57094110e-02,-5.70647640e-02,7.44445924e-02,-3.51807991e-02,-1.12184487e-01,-1.92838654e-02,-2.04679997e-03,2.51572144e-02,-2.83113957e-02,2.59046778e-02,8.18110750e-02,2.08215441e-02
5.16221467e-02,-7.57855704e-03,-6.05059139e-02,3.04186419e-02,-4.14620185e-02,-8.43559348e-02,-2.64706273e-02,-1.08775356e-02,3.08464111e-03,-2.28161600e-02,-1.50808782e-03,7.91529229e-02,1.25250949e-02
3.75046496e-02,-1.35594891e-02,-1.33554772e-02,3.62279794e-02,-5.05197345e-02,-5.67518246e-02,-5.73391247e-02,-1.56544921e-02,-9.67905682e-03,-1.37646905e-02,-1.91092854e-02,3.90847850e-02,3.68113600e-02
2.00445429e-03,-4.62752716e-02,-4.05608593e-02,7.44300589e-03,-2.80456562e-02,-1.13021327e-02,-1.39629973e-02,2.06557193e-02,1.93724031e-03,-1.16410034e-03,1.04654371e-03,3.17779072e-02,3.71901653e-02
3.96802620e-02,-1.72245301e-02,3.62686241e-03,1.97843439e-04,-1.96016205e-03,5.40181286e-03,-2.48925628e-02,3.33152977e-02,3.72322043e-02,3.10746001e-02,2.10361896e-02,3.36259255e-02,1.11597502e-02
2.60582478e-02,-1.68198512e-02,2.81316471e-02,-2.33234114e-02,9.05806847e-03,2.56082797e-02,1.93217517e-03,7.08661141e-02,4.51586068e-02,3.44863971e-02,2.86523129e-02,-4.57004081e-03,-1.67665295e-02
-2.75220539e-03,6.27030834e-03,5.57042628e-02,6.61694904e-04,4.54450831e-02,3.34766608e-02,-1.47051612e-02,6.17638087e-02,2.10301887e-02,1.24642099e-02,4.09741825e-02,-1.02080416e-02,-1.84985129e-02
4.71997310e-02,3.37207556e-02,7.13025549e-02,-4.97251415e-03,4.41458800e-02,5.84967439e-02,-1.62172936e-02,7.85972134e-02,1.58609715e-02,-3.61645037e-03,3.66212808e-02,-1.72556539e-02,-2.70769089e-02
4.82018546e-02,3.96635140e-02,1.02518828e-01,3.45854876e-02,4.47172430e-02,6.47354992e-02,-1.66729823e-03,5.47513029e-02,3.31924194e-02,4.60713525e-03,2.68924501e-02,-4.02967215e-02,-5.77059243e-02
2.12800995e-02,3.83664568e-02,1.26091285e-01,4.09123489e-02,6.79253562e-03,5.23366854e-02,-2.57936847e-03,2.04840555e-02,3.06316040e-02,-2.59045905e-03,4.95507429e-03,-4.46838988e-02,-5.02402070e-02
-1.38222563e-02,1.74434361e-02,1.03421802e-01,2.50735133e-02,-1.07803266e-02,3.56258228e-02,-2.28839910e-02,-1.10791931e-03,2.08255583e-02,4.47244543e-03,-7.33109726e-04,-2.42175415e-02,-5.27249009e-02
1.28546146e-02,9.87576041e-03,9.71337120e-02,2.12549877e-02,-3.27926479e-02,4.68733111e-02,-1.56382900e-02,5.07191395e-04,2.25730283e-02,2.16484274e-02,-9.93541864e-04,-3.59636553e-02,-3.54807691e-02
1.28420561e-02,-6.49009756e-03,4.75069890e-02,-1.00021904e-02,-4.23191223e-02,3.76917608e-02,-6.63936186e-03,-5.67298242e-03,5.90269432e-03,2.07839509e-02,1.34730822e-02,-2.76313421e-02,-1.33762286e-02
-1.71296803e-02,-2.09163620e-02,1.23700692e-02,-2.51973097e-02,-3.76328367e-02,2.79514668e-02,-6.22831696e-04,-1.54210421e-02,-9.88385867e-03,2.10688851e-02,2.53670655e-02,-1.76479769e-02,-1.72085827e-02
-1.79057307e-02,-5.57654699e-03,2.25931470e-03,-2.75649334e-02,-1.53016857e-02,1.73806199e-02,2.86548247e-02,1.43543829e-02,-3.35790637e-02,3.07560913e-02,4.72583905e-02,-3.39501755e-02,-3.49843978e-02
-2.24002033e-02,-1.39675519e-02,-1.89320536e-02,-1.32782266e-02,3.05967532e-02,-2.52244168e-02,2.35592363e-02,2.32770255e-02,-4.55057312e-02,2.50773542e-02,3.10649099e-02,-1.69081847e-02,-2.13590319e-02
-1.83463018e-02,-4.52278532e-02,-4.51645015e-02,-1.89203983e-02,5.74195249e-02,-6.94790612e-02,2.33750226e-02,-1.08821382e-02,-5.98680458e-02,-1.58240954e-04,-1.12220579e-02,1.75570595e-02,4.27899469e-03
-4.05335959e-02,-9.55145095e-02,-4.36490330e-02,-1.10565939e-02,4.07922897e-02,-6.97142159e-02,2.56228887e-02,1.00739960e-03,-1.39625512e-02,4.10608809e-02,-6.07041723e-03,4.01974123e-02,2.55572470e-02
-3.02165082e-02,-6.67919788e-02,-4.69255526e-02,-3.12422050e-02,4.99639636e-02,-6.10617117e-02,4.90706239e-02,-2.56204167e-02,4.24628317e-03,2.45289477e-02,-8.16736929e-02,2.05982495e-02,1.82836988e-02
-6.99410083e-02,-2.38636164e-02,-3.20822834e-03,4.09335924e-02,7.19307999e-02,-1.52260990e-02,1.81209231e-02,-8.00256939e-02,2.85889875e-02,2.85122650e-02,-1.00950668e-01,3.53541783e-02,3.99953309e-02
-7.39934400e-02,-8.55576637e-04,-4.13308600e-02,5.44423778e-02,8.66116533e-02,5.22325934e-02,2.99227120e-02,-1.02483078e-01,5.62452291e-02,2.36497916e-03,-1.12566107e-01,2.26694971e-02,5.75419213e-02
-5.29642307e-02,2.85304523e-02,-5.21154002e-02,8.48928501e-02,8.75083910e-02,8.03342061e-02,2.33709352e-02,-1.30215354e-01,5.93938379e-02,-1.25743362e-02,-9.28680099e-02,1.10380246e-02,5.62817738e-02
-7.49087478e-02,4.25434260e-02,-6.54209296e-02,6.54186464e-02,2.71022804e-02,6.45882031e-02,1.24560348e-02,-8.94301604e-02,8.50987992e-02,-1.17451596e-02,-7.89329795e-02,5.31625438e-03,6.13014391e-02
-3.93662980e-02,1.31632739e-01,-3.97750868e-02,3.70231122e-02,-8.70578013e-03,6.82808923e-02,-1.33310164e-03,-8.55011716e-02,5.08866271e-02,-3.43367126e-02,-4.77840947e-02,-2.00750115e-02,2.07934877e-02
9.63100778e-03,1.63079718e-01,-2.44298486e-02,2.70259998e-02,2.03078081e-02,6.50128954e-02,-2.21801938e-02,-4.71429486e-02,2.46929665e-02,-3.86297977e-02,-4.06553173e-02,-6.36585890e-02,-9.04006510e-03
-1.85200572e-02,1.43093130e-01,-1.40704369e-02,5.69477764e-03,1.51387327e-02,2.43767125e-02,-1.03442132e-02,-4.21719345e-02,2.90316938e-03,-6.68529294e-02,-6.93366868e-02,-6.20881222e-02,-8.20966883e-03
-4.57433621e-02,5.80740864e-02,-1.45221756e-02,-5.65455721e-03,-1.67881426e-03,3.49232354e-02,2.88280031e-02,9.51560033e-03,2.71344779e-02,3.74809781e-02,-2.63133742e-02,-6.01834117e-02,-1.76462367e-02
-3.11763229e-02,3.74657296e-02,-3.95497951e-03,-6.39661675e-02,-2.37625932e-02,-7.89838673e-03,3.72832132e-02,2.23212929e-02,3.00471114e-02,5.86741032e-02,-4.29180341e-02,-5.08966097e-02,-4.22708887e-02
-4.49290441e-02,2.32736956e-02,2.05414490e-02,-3.45488640e-02,-2.41218100e-02,-6.10047827e-03,2.70427032e-02,3.39824862e-02,2.70114713e-02,1.05045247e-01,-1.26948793e-03,-2.79345540e-03,-8.04025294e-03
-8.66684327e-02,-1.11934782e-02,9.37325720e-03,-1.45283550e-02,7.40912900e-04,4.63065127e-02,4.06368003e-02,1.49368717e-02,2.59275421e-02,1.11144493e-01,2.09086227e-02,-9.46024895e-04,-1.65100770e-02
-9.29947879e-02,-5.09752967e-02,-2.79170925e-02,1.36606420e-02,4.62770742e-02,3.37880707e-02,2.94677065e-02,-2.17807467e-02,2.21600277e-02,1.04608697e-01,3.85466695e-02,-3.95918489e-03,-2.73238232e-03
-7.35489196e-02,-4.24551744e-02,-1.42372308e-04,1.74357340e-02,1.66874966e-03,7.11715174e-03,4.18176986e-02,4.36667271e-02,4.68158366e-02,1.02822241e-01,4.79553968e-02,2.51295251e-02,9.22579701e-03
-4.03300216e-02,-2.07754465e-02,3.54953177e-03,1.26820141e-02,-5.45662754e-02,-2.61875810e-02,3.04076930e-02,1.86633522e-02,4.09410583e-02,7.04176370e-02,4.30453939e-02,1.35260673e-02,1.67750506e-03
2.80525188e-03,-3.24780178e-03,-2.05517776e-02,2.31417884e-03,-3.38244205e-02,-2.92092658e-02,-1.43273778e-02,-4.71110598e-03,4.92889867e-03,2.58029048e-02,7.46907537e-02,1.07491076e-02,-8.78788397e-03
5.03023451e-02,4.77833121e-02,1.46564176e-02,3.39774929e-03,-2.18064962e-02,-4.80838243e-02,-4.11908369e-02,-1.61185467e-02,-1.91901791e-02,-2.86263453e-02,3.06378933e-02,-6.92519470e-03,1.79781570e-02
2.97304296e-02,1.73418314e-02,1.05128316e-02,2.27496197e-02,1.65842474e-02,-1.56882649e-02,-1.39849533e-02,-1.29120687e-02,-2.36043482e-02,-3.32476685e-02,3.60605537e-03,-4.26012892e-02,-4.54746652e-03
5.01497785e-02,-5.18017941e-03,-2.71862601e-03,-3.43816593e-03,1.79440009e-02,-1.36080704e-02,-4.99412796e-02,-4.69470525e-02,-4.12687919e-02,-8.39815873e-02,-4.15141237e-02,-5.49858096e-02,3.02707858e-03
4.87030414e-02,-6.52763763e-04,2.50502656e-02,9.55130034e-03,2.99794527e-02,-2.02617951e-02,-7.32107234e-02,-3.39677107e-02,-4.75843247e-02,-8.51259179e-02,-2.90875331e-02,-3.66842079e-02,1.16342458e-02
5.33716467e-02,-8.18503376e-03,2.79834273e-02,7.14993119e-03,3.43642968e-02,-3.30277648e-03,-4.53112225e-02,-3.86651820e-02,-5.37435043e-02,-6.57029918e-02,-2.47534994e-02,-2.05936855e-02,-5.37395461e-03
6.67822628e-02,-3.31368432e-02,-6.68642038e-03,1.33901536e-05,5.22259992e-02,-5.42020942e-03,-4.82883704e-02,-7.10091308e-02,-2.76411891e-02,-4.98660509e-02,-5.51577964e-02,-1.71937928e-02,-3.58547829e-03
8.39068032e-02,-8.58824830e-03,1.36153936e-02,-1.11341267e-02,3.71260313e-02,5.62807747e-04,-1.50637174e-02,-1.20871489e-05,8.21766562e-03,-4.43894256e-02,-5.92288504e-02,2.96525103e-03,-3.92904880e-03
7.11280880e-02,-1.00568475e-02,1.99953435e-02,-2.29152627e-02,1.49059443e-02,2.29126307e-03,5.78381617e-03,9.18314617e-04,2.12264353e-02,-7.32491259e-03,-5.54343871e-02,-8.06483691e-03,-3.03676228e-02
3.41067067e-02,-2.28125054e-02,-1.43415491e-02,-5.50439963e-02,-4.01741880e-03,1.56393135e-02,2.04514521e-02,9.71490184e-03,2.61580371e-02,2.39180122e-02,-1.80621838e-02,1.33725059e-04,-4.36669426e-02
6.39526327e-02,5.23633999e-03,1.93044270e-03,-2.63147564e-02,1.19436477e-03,-1.80139663e-03,5.56620564e-03,3.25763265e-02,2.18548653e-02,6.36139357e-02,-1.34393285e-02,-5.33010356e-03,-3.57457044e-02
5.19154762e-02,3.24528284e-02,3.72108211e-02,-1.82857037e-03,-1.92033434e-03,2.03945779e-03,8.83610747e-03,7.45149469e-02,3.13076018e-02,5.24522452e-02,-5.66885334e-03,-1.27223361e-02,-4.02212148e-02
2.52454615e-02,-1.47403439e-02,8.67791944e-03,-1.34323079e-02,-2.15526198e-03,-4.15085491e-03,-2.37057960e-02,3.73218400e-02,3.82010509e-03,4.17718834e-02,-4.06066336e-02,-4.60550967e-02,-1.32831257e-02
1.05896958e-02,-4.20349322e-03,2.67936429e-02,1.79845498e-02,1.04675538e-02,-1.20887303e-02,-4.87192420e-02,4.80492588e-02,2.76598794e-02,3.74609943e-02,-6.08730887e-03,-2.48688011e-02,-1.73496679e-02
1.22314532e-02,8.56222195e-03,1.54617435e-02,3.03705293e-02,2.51032195e-02,2.85417999e-03,-3.50948460e-02,3.93676477e-02,1.46049997e-02,4.51906008e-02,-1.24781634e-02,1.05394823e-03,2.88932957e-02
-6.60264855e-04,-1.75522371e-02,-1.91763938e-02,4.35056078e-02,1.61206593e-02,1.41039696e-02,-3.86967228e-02,4.40936921e-03,-7.65860326e-03,1.28829000e-02,-4.64221629e-02,-3.27005549e-03,3.81443010e-02
3.99829426e-03,-4.69033823e-03,-4.70509490e-03,4.27590699e-02,-1.26282788e-02,-1.35901784e-03,-2.20549942e-02,-2.47238169e-03,-2.85851617e-04,2.35529162e-03,-2.31292804e-02,1.73737870e-02,7.16707387e-02
-1.26901141e-02,-4.49557885e-02,-2.39375663e-02,8.68126682e-03,-3.05594178e-02,1.97555302e-02,-7.41985055e-03,-2.74024836e-02,-1.33348478e-02,3.00841965e-03,1.61389383e-02,4.53822244e-02,6.72604688e-02
-3.89376120e-02,-7.32306173e-02,-3.90695606e-02,-3.67189295e-02,-5.59564139e-02,4.59084194e-02,7.69588813e-03,-5.82486342e-02,-5.51793102e-02,-2.82743381e-02,2.76377802e-02,2.43941247e-02,4.38394205e-02
-1.31346997e-02,-8.49282043e-02,-2.94872732e-02,-2.65549055e-03,-3.30424390e-02,6.16367500e-02,1.63294510e-02,-4.52737375e-02,-5.22256920e-02,-1.71611351e-02,4.07182909e-02,5.44106359e-04,4.27941991e-02
4.54556900e-03,-5.67894798e-02,-1.34744238e-02,-1.59151860e-02,-4.24725416e-02,7.03792004e-02,4.53890500e-02,9.57869458e-03,-6.49964143e-02,-5.01169876e-02,7.65124941e-02,-1.21704708e-02,2.51089412e-02
-8.58755572e-03,-9.25377818e-02,-4.18609154e-02,-7.95630426e-02,-3.71913568e-02,3.74128596e-02,3.24709787e-03,-2.75058478e-02,-7.82142276e-02,-2.81192068e-02,6.29059013e-02,-5.38962623e-02,2.60144041e-02
3.13704661e-02,-6.43530242e-02,-1.75457698e-02,-3.97393399e-02,1.05726612e-02,3.81583503e-02,-1.05598384e-02,-2.09250155e-02,-5.54043508e-02,-2.44088929e-02,8.83933643e-02,-3.29615634e-02,3.31926259e-03
4.29232683e-02,-1.10116594e-02,6.50824158e-03,7.63815314e-03,6.52703662e-02,5.58450567e-02,4.22841907e-03,-1.70253969e-02,-3.83435553e-02,-7.07958014e-03,5.46892522e-02,-2.53959286e-02,-3.68938297e-04
3.99886417e-02,-2.66904380e-03,1.92383516e-02,3.78022970e-02,5.66383984e-02,4.34585076e-02,-3.03171549e-03,-2.77297076e-02,-3.86828347e-02,-1.39861770e-02,2.89549028e-02,-1.87611533e-02,-3.70045962e-03
5.21640616e-02,4.48941393e-02,3.40392067e-02,5.31850842e-02,3.82572323e-02,-6.71701335e-03,-3.51182211e-03,-5.09408774e-02,-1.97112366e-02,-1.74693110e-02,1.59580276e-02,6.34946245e-03,-1.11096212e-02
6.19209789e-02,3.99492426e-02,2.53542241e-02,4.33486703e-02,-1.34782755e-03,6.10524122e-03,2.90311932e-02,-4.87445326e-02,7.81332804e-03,2.41557567e-02,3.45219401e-02,3.05532786e-02,-3.29742852e-03
4.40134684e-02,5.46437794e-02,4.95151486e-02,3.19141539e-02,-4.43392657e-02,1.69564025e-02,3.04291794e-02,-4.96463750e-02,-3.26857077e-02,-2.06484299e-02,5.05389070e-03,2.47280374e-02,-2.89335374e-02
1.41935812e-02,5.28256391e-02,8.13888440e-02,5.02188719e-02,-6.62856158e-02,3.13656623e-02,4.25513413e-02,-2.64798359e-02,-2.49787190e-03,-4.00624485e-03,-8.68669677e-03,-1.95693896e-02,-2.68623172e-02
-2.35169166e-02,1.71973220e-02,8.57588041e-02,4.53028607e-02,-7.20058556e-02,3.41047191e-02,6.47995797e-02,1.65817247e-02,-1.42479139e-02,-2.46627624e-03,1.79323685e-02,-1.84933342e-02,-1.53155214e-02
-3.80328424e-02,-2.96539626e-02,2.60633176e-02,-4.47983457e-02,-9.22571849e-02,8.24391473e-03,8.17831422e-03,3.08591744e-02,-2.05599470e-03,3.51080650e-03,-1.10268622e-02,-7.30553005e-02,4.61380564e-03
-2.36911216e-02,-2.28085018e-02,5.51945011e-02,-2.16177167e-02,-4.67528229e-02,-4.15093974e-03,-2.88240934e-02,3.33816165e-02,7.48324075e-04,2.81272983e-02,-1.14809224e-02,-7.40071740e-02,5.17724490e-03
-5.09999666e-03,-1.81677507e-02,5.75511296e-02,-5.84203719e-03,7.36188248e-03,1.31197494e-02,2.09563906e-03,6.60815603e-02,2.39190080e-02,2.62564129e-02,-2.90790289e-02,-8.46113498e-02,-1.27670809e-02
-3.28076517e-02,-3.97653307e-02,7.98975633e-02,2.12459436e-02,2.01126568e-02,1.66445745e-02,-2.36597430e-02,1.78817481e-02,3.29742694e-02,2.82470792e-02,-3.21303000e-02,-5.85856360e-02,4.33595112e-03
7.98049224e-03,-3.02218988e-02,5.57501865e-02,5.92064174e-03,2.40585281e-02,-2.09301424e-02,-3.69367910e-02,8.01566952e-03,5.69925302e-02,3.07055331e-02,-4.04377273e-02,-4.51077086e-02,-9.81829780e-03
5.76745157e-02,2.15249242e-02,6.33275945e-02,2.10619422e-02,6.43586167e-03,-2.10054602e-02,-2.36275966e-02,-2.00239809e-02,8.46009836e-02,3.60108369e-02,-1.85946786e-02,-2.20381799e-02,6.55168672e-03
9.27511926e-02,4.56470301e-02,6.27114175e-02,3.49606702e-02,6.47070148e-03,-3.64855250e-02,-1.62483981e-02,-1.41694648e-03,6.08475146e-02,-3.60358862e-03,-3.00874946e-02,-9.73671761e-03,-9.52544754e-05
5.54860138e-02,6.87085079e-02,7.54766798e-02,4.56892100e-02,-2.24509186e-02,-2.36517070e-02,-9.45169538e-04,-3.26339235e-03,6.54998659e-02,-3.47673652e-02,-2.16240887e-02,-1.06261665e-02,6.81321139e-03
3.16610879e-02,3.62399987e-02,6.43061008e-02,5.49249324e-02,-2.29333587e-02,-1.99808508e-02,-2.91597085e-03,-9.36766553e-03,4.31425308e-02,-4.54455691e-02,4.82710449e-03,6.99318059e-03,2.02166611e-02
9.28767753e-03,1.08187913e-02,8.83703906e-03,3.15471496e-02,-3.19140297e-02,9.07473066e-03,-2.25911128e-02,-2.45347633e-02,2.19937807e-02,-5.69698067e-02,-8.96839253e-03,-3.55797240e-03,3.06644101e-02
-1.48002814e-02,1.85374231e-02,-8.77755459e-03,4.39295285e-02,-4.25081864e-02,-1.37120764e-02,-6.31586858e-02,-1.74923387e-02,-8.08541779e-03,-4.40529246e-02,-2.32603800e-03,2.73988194e-02,4.40768792e-02
-3.74467635e-02,3.64307269e-03,-4.20330518e-02,1.20421126e-02,-3.11943603e-02,-3.84208462e-02,-6.96498198e-02,-1.27464852e-02,-2.05180934e-02,-2.65723502e-02,2.59757479e-02,4.83080508e-02,5.24924054e-02
-9.37265878e-02,-8.81787165e-03,-7.20195260e-02,-1.40160170e-02,-1.58767377e-02,-9.14912134e-03,-4.53493859e-02,-2.95208709e-02,-4.61287621e-02,-7.31313716e-02,-3.44460910e-03,8.10291766e-02,7.99663327e-02
-9.56568796e-02,-2.62037242e-02,-8.99140991e-02,-5.15100459e-02,2.23731866e-03,-1.39581214e-02,-2.94759754e-02,2.53322730e-03,-2.72085835e-02,-2.43964536e-02,6.50243141e-03,7.76207160e-02,6.58314220e-02
-6.13498507e-02,1.51990381e-02,-5.41261519e-02,-5.33584157e-02,-2.03182285e-02,-2.39498854e-02,4.86620888e-03,3.87334324e-03,-2.30966940e-02,-1.60528851e-02,1.74159882e-02,9.59504219e-02,5.99356841e-02
-4.20320569e-02,-8.88331034e-03,-5.36112353e-02,-5.74600784e-02,-9.34606618e-03,-2.52759195e-02,4.19091485e-02,3.50679891e-02,-2.18824008e-02,1.60421365e-02,2.06354051e-02,8.62612888e-02,2.60447894e-02
-4.07589687e-02,1.04268683e-02,-8.94548148e-03,-5.85150531e-02,-2.10340297e-02,-3.08798729e-02,8.92585267e-02,5.24511095e-02,-1.04064452e-02,-4.80597639e-03,3.16414022e-02,8.37295360e-02,3.15591549e-02
1.22506938e-02,2.80927412e-02,-2.93899253e-03,-6.04006800e-02,-2.20608655e-02,-1.79014273e-02,7.54536592e-02,5.94084790e-02,-7.06295544e-03,-1.88649626e-02,3.42605546e-02,1.89043138e-02,-2.25056986e-04
2.53804276e-04,-1.72282144e-02,-4.45295064e-02,-6.72754374e-02,-4.54590134e-03,1.51496640e-02,8.58290785e-02,2.46975689e-03,-1.97958804e-02,-1.34654472e-02,3.37112764e-02,-4.92870252e-03,-1.92256977e-02
3.19913509e-02,-1.70063716e-02,-5.50737259e-02,-4.77096597e-02,-2.76343889e-02,1.59651544e-02,5.55518193e-02,1.94004152e-02,-2.26840277e-02,-3.83860230e-02,4.05242486e-02,4.00192234e-03,-4.37254165e-02
2.39362317e-02,-2.51456097e-02,-3.92221801e-02,-3.31579048e-02,-2.01884986e-02,9.51125822e-03,4.94879700e-03,1.19266418e-02,-1.94441146e-02,-3.87986990e-02,5.07164981e-02,-1.35334725e-03,-3.90920263e-02
1.08011477e-02,-4.05829429e-02,-6.66917966e-02,-4.81760489e-02,-4.06221046e-03,4.60369210e-02,1.16363337e-02,-8.57066460e-03,-2.19100173e-02,-6.96725469e-02,3.75790355e-02,9.68431087e-03,-8.44061408e-03
6.53932435e-03,-2.74282560e-02,-6.25144774e-02,-4.84499031e-02,2.76720095e-02,5.17596715e-02,-2.29491503e-02,-4.46349248e-03,-2.71283222e-03,-7.09567295e-02,1.49355120e-02,7.18763500e-03,1.15910437e-02
4.85921778e-02,1.15945192e-02,-3.39931690e-02,-2.94858336e-02,3.15141538e-02,2.00220260e-02,-4.30328250e-02,-1.22142125e-02,6.93302729e-03,-6.47256930e-02,1.17344381e-02,3.06395509e-02,1.15410714e-02
2.62908847e-02,8.99665249e-03,-3.82176165e-02,-1.69253181e-02,4.55309072e-02,3.53476772e-02,-3.67832941e-03,6.21249085e-05,2.36123796e-03,-1.69717419e-02,1.19390584e-02,3.73185551e-02,4.26715231e-03
1.38826279e-02,-4.83237349e-03,-3.22519536e-02,-9.79346081e-03,1.76721863e-02,7.81733588e-03,5.60414786e-03,-5.69871678e-03,3.14486953e-02,1.14823481e-02,2.37280041e-02,7.12210641e-02,4.28599825e-02
1.65973654e-02,1.44126495e-02,-3.48523676e-02,-2.13062177e-02,8.36094532e-04,-2.21582505e-02,-2.38347885e-02,3.69804244e-03,3.21496568e-02,2.43889348e-02,-1.14209268e-02,5.45156653e-02,3.48840416e-02
-6.87051887e-03,7.48757877e-03,-6.66481004e-02,-1.05158116e-02,1.19000898e-02,-6.68689929e-02,2.96119841e-03,-2.09347905e-02,3.85164644e-03,3.97178283e-02,-5.78325778e-03,5.46142173e-02,3.82744146e-02
1.41114731e-02,1.22956124e-02,-5.05633662e-02,-1.61056826e-03,-7.74767025e-03,-8.14374606e-02,1.67130187e-02,1.22966642e-03,-1.92637642e-02,8.36933439e-03,-7.32411681e-03,4.38620439e-02,-2.56765183e-04
2.03243489e-02,1.84187557e-02,-7.88674447e-03,2.15321686e-02,-1.64713626e-02,-7.44882202e-02,3.92213683e-02,1.39386495e-02,-9.07972025e-03,7.01524180e-03,-1.15641871e-02,1.74431035e-02,-1.88737578e-02
2.22761945e-02,1.45005985e-02,7.49632577e-03,2.10373552e-02,-3.07693557e-02,-3.43240793e-02,5.48333006e-02,-6.91210281e-06,-2.64348009e-02,2.61659849e-03,-6.63063696e-03,-2.39744970e-02,-5.15746408e-02
-5.56978680e-03,6.64614222e-03,2.42374759e-02,8.76405553e-03,-5.72565952e-02,-4.44942268e-02,-1.66140965e-03,-2.49934845e-02,-4.86015756e-02,-3.00739883e-02,-5.40025507e-03,-5.34247819e-02,-7.96643203e-02
2.88340845e-03,-2.59620106e-02,3.05800548e-02,1.34756064e-02,-6.77105720e-02,-6.17813636e-02,-5.26922279e-02,-5.06808864e-02,-3.84419350e-02,-3.70516262e-02,-9.72734320e-03,-6.27942038e-02,-1.06840246e-01
-2.44922127e-02,-4.21191998e-02,4.41996200e-02,5.16000473e-03,-4.98843206e-02,-5.08714655e-02,-5.11839409e-02,-3.43189664e-02,-4.99827988e-02,-1.94483101e-02,1.93619661e-02,-5.04756900e-02,-8.00547308e-02
-1.29198129e-02,-7.49026175e-02,1.46132337e-02,7.45619519e-03,-2.09445015e-02,-1.79292080e-02,-6.57231748e-02,-4.82592514e-02,-2.38058234e-02,-3.31753030e-03,3.68367203e-02,-4.03227100e-02,-3.28867556e-02
1.71414222e-02,-8.16830136e-02,2.23465163e-03,-6.26659478e-03,-3.77602560e-03,-5.27107046e-03,-1.09304027e-01,-5.66798127e-02,5.33431414e-03,1.34197370e-03,8.68603073e-03,5.46503140e-03,-1.16009617e-02
3.39591206e-02,-8.12546623e-02,-2.30620921e-02,1.59846748e-02,4.05976470e-02,-5.72244578e-03,-8.19652881e-02,-2.83896833e-02,2.94779313e-02,9.11428336e-03,-5.73360298e-03,3.64456933e-02,3.32313451e-02
7.76478096e-02,-6.50068447e-02,-3.78777907e-02,2.89631447e-02,5.11783233e-02,1.05760057e-02,-5.95149592e-02,1.59627216e-02,1.89613241e-02,-1.61747270e-03,-1.82444306e-02,6.27931456e-02,4.56530297e-02
3.75832189e-02,-2.95212537e-02,-3.43935261e-02,7.52847507e-02,8.06366382e-02,4.23201178e-02,-2.77685019e-02,2.34343354e-02,3.73067561e-02,3.28513446e-02,-3.54980023e-02,7.77208879e-02,7.24049067e-02
2.83376631e-02,7.92037574e-02,1.50454538e-02,6.59719117e-02,8.20248720e-02,6.94094997e-02,7.45944952e-03,4.90156617e-02,4.08097255e-02,4.19101432e-02,-5.23007879e-02,4.08778773e-02,4.38503447e-02
1.23427634e-02,1.20222092e-01,3.31690885e-02,4.60942647e-02,6.53243312e-02,3.83275012e-02,-4.70057568e-04,4.57114998e-02,1.60549515e-02,1.62322136e-02,-2.94087110e-02,7.55899849e-03,2.72027185e-02
-4.06335440e-02,1.02508853e-01,6.57187125e-02,5.66723153e-02,2.20108603e-02,2.86337525e-02,1.15769951e-02,4.37817194e-02,1.47863035e-02,-1.22581807e-02,-2.65713740e-02,-4.10675398e-02,-4.20122048e-05
-7.06524331e-02,6.20361777e-02,8.27870200e-02,3.48531013e-02,-1.23627158e-03,2.61815769e-02,1.72579034e-02,5.11899564e-02,-1.39118857e-02,-2.19139322e-02,-7.03560174e-03,-6.62857502e-02,3.00982464e-03
-7.39808694e-02,2.90065481e-02,7.83817525e-02,2.51193149e-02,2.05255954e-02,6.43245898e-02,4.51848859e-02,5.40488177e-02,-3.76815315e-02,-2.85289126e-02,1.37991307e-02,-9.58489592e-02,1.31671321e-02
-2.77995793e-02,1.60572896e-02,5.57079733e-02,1.75182817e-02,1.50825809e-02,6.66756306e-02,3.28952828e-02,4.63773370e-02,-3.47069411e-02,-3.02060333e-02,2.56579982e-02,-8.62064818e-02,2.40964788e-03
-1.35699076e-02,-3.79855522e-02,2.45806718e-02,8.62131910e-03,2.34869221e-02,7.47996185e-02,3.97599705e-02,3.79067916e-02,-1.66982664e-02,-2.94682182e-02,3.38776990e-02,-6.41968198e-02,1.44428889e-03
4.94611486e-02,-5.43647050e-02,-2.69014319e-02,-2.07169694e-02,3.67244533e-03,4.14424855e-02,5.29208162e-02,2.49809074e-02,-2.95671499e-02,-2.37487173e-02,4.74276446e-02,-2.85393124e-02,-1.50888269e-02
1.34584421e-02,-5.49808784e-02,-5.19103325e-02,2.40895808e-02,4.01204834e-02,3.01887684e-02,3.68921485e-02,-1.28045565e-02,-5.10420161e-02,4.00429366e-03,4.16662966e-02,1.34732247e-02,-2.43567534e-02
-4.49953195e-03,-6.37937188e-03,-3.66012822e-02,1.95066959e-02,4.95198364e-02,3.48919001e-03,2.02950899e-02,-3.54533027e-02,-3.79569765e-02,4.19449012e-03,4.24422326e-03,2.43186219e-02,-3.82920771e-02
1.48390990e-02,1.09127700e-02,-4.05268786e-02,2.74877909e-04,6.00632670e-02,-1.37894563e-02,1.42879070e-02,-5.61737855e-02,-3.37325022e-02,7.43460369e-03,-4.82553255e-03,3.64666451e-02,-3.73591489e-02
1.35114282e-02,3.44908146e-02,-1.40256888e-02,8.75988024e-03,4.01535427e-02,-1.93100670e-02,1.83714292e-02,-6.45627646e-02,-1.25499679e-02,-8.49187281e-03,-1.05426784e-03,2.75241625e-02,-4.31845255e-02
2.61496479e-02,4.05745595e-02,5.76958728e-03,1.44154407e-02,3.16298310e-02,-2.45734937e-03,1.07914570e-02,-6.12727686e-02,-1.49223005e-02,-3.50385418e-02,-1.66619583e-02,-2.96049044e-03,-5.31934199e-02
4.48081791e-02,4.62974340e-02,4.09634212e-02,1.47572470e-03,7.88670029e-04,3.93694927e-02,5.30742979e-03,-6.45133032e-02,-2.27272823e-02,-1.08926303e-02,-1.48482550e-03,-2.00763695e-02,-2.86118387e-02
5.59819516e-02,3.46009263e-02,4.52779036e-02,1.81983919e-02,-3.39497646e-02,4.78325526e-02,-6.35992623e-03,-3.86407942e-02,-9.83147890e-03,-5.88591742e-03,-2.26607557e-02,-4.55063598e-02,-6.86339514e-03
5.98211276e-02,2.07457973e-02,4.98146185e-02,8.30495765e-03,-7.62041479e-02,6.32692723e-02,-1.69967213e-02,-1.93352460e-02,1.22257115e-02,1.23285181e-02,-2.11746752e-03,-6.23990786e-02,4.33918726e-03
4.40824858e-02,-8.77167150e-03,3.66419078e-02,8.13070605e-03,-8.47611998e-02,7.48547426e-02,2.74161627e-02,-2.26683171e-03,1.40780193e-02,6.90968589e-03,-3.28221580e-02,-7.32177121e-02,-2.31983790e-03
1.70244400e-03,-2.68664990e-02,6.10986765e-02,2.54972068e-02,-4.19565623e-02,8.71818278e-02,4.94325604e-02,4.74589834e-03,1.81253115e-02,2.48613513e-02,-2.90378146e-02,-7.71292176e-02,-7.91427005e-03
-3.54942728e-02,-1.44066267e-02,9.25230944e-02,4.16969777e-02,-2.90721325e-02,6.72424442e-02,5.39901055e-02,9.77666207e-03,3.30782169e-02,1.69739158e-02,-5.49367394e-02,-7.96803071e-02,5.60960453e-03
-6.58530653e-02,-1.06412880e-02,9.80731093e-02,2.93836040e-02,-2.20269199e-02,4.24444426e-02,5.35392808e-02,4.24851666e-03,4.32867964e-02,4.22185145e-02,-6.75514161e-02,-5.78430698e-02,7.85877739e-03
-4.86023676e-02,-2.09204246e-02,7.08157692e-02,8.13009872e-03,-1.50009629e-02,7.13183109e-03,3.97594188e-02,-1.35026936e-02,3.90015531e-02,5.81060896e-02,-4.91880073e-02,-2.89601331e-02,3.48292449e-03
-8.63620779e-02,-3.72798672e-02,5.73357549e-02,8.03625854e-03,7.30831645e-03,-2.15316619e-02,2.69144034e-02,1.75722453e-03,5.67803811e-02,7.31556750e-02,-4.34705006e-02,-6.97161702e-03,-1.73730169e-02
-4.09305331e-02,-1.52842717e-02,3.87205385e-02,-3.04504574e-02,-1.19140448e-02,-5.87968652e-02,-2.91192081e-02,-2.12130875e-02,4.46686975e-02,1.05753894e-01,-3.11213772e-03,2.20790949e-02,-7.90232226e-03
-1.26492997e-02,-1.14320801e-02,-1.93858636e-02,-5.90834323e-02,-6.91936982e-03,-8.67491763e-02,-7.04953309e-02,4.03707960e-03,5.97772808e-02,1.01252436e-01,-1.56896457e-02,6.83256440e-02,2.07131504e-02
1.78491610e-02,1.21952423e-02,-7.32081399e-02,-9.32082022e-02,-2.04490662e-02,-9.62137987e-02,-9.53514479e-02,8.13978407e-03,1.61687541e-02,6.96542889e-02,9.22305729e-03,7.92571162e-02,4.72129704e-02
4.19360441e-03,8.99495398e-03,-1.21494858e-01,-9.05285627e-02,-1.59175152e-02,-1.02176841e-01,-1.24719979e-01,4.40640421e-03,3.91371114e-03,2.04807315e-02,2.63906933e-03,5.87892411e-02,3.56490429e-02
-3.22361175e-02,1.70136455e-03,-1.17732166e-01,-9.43423255e-02,2.88643519e-02,-1.10369215e-01,-1.53872759e-01,-3.19112693e-02,-4.61449038e-03,-4.23593891e-02,3.11714036e-02,3.05017574e-02,3.11494289e-02
-3.85459274e-02,9.07599871e-03,-9.02394706e-02,-7.91409794e-02,6.37506786e-02,-1.06938540e-01,-1.39674649e-01,-3.03406082e-03,-1.28282426e-02,-9.91124954e-02,1.01637055e-04,6.02045788e-02,4.82505772e-02
-8.47168990e-02,2.94600591e-02,-5.66486224e-02,-6.59076336e-02,8.00601083e-02,-1.05259401e-01,-1.37888663e-01,1.72718778e-03,-4.79662657e-03,-1.10866213e-01,-3.85188692e-03,7.04511876e-02,4.68828722e-02
-6.89355480e-02,5.85061710e-02,-2.77193896e-02,-5.09171157e-02,8.75428281e-02,-1.03560250e-01,-1.48288739e-01,-2.96422691e-02,1.55380211e-02,-9.46995153e-02,-3.82266153e-03,8.61545547e-02,4.63686230e-02
-1.24649065e-01,1.54515220e-02,-1.39335072e-02,-4.08874254e-02,1.01926848e-01,-7.92150351e-02,-1.19720465e-01,-5.08570315e-02,2.04350062e-02,-9.11903324e-02,-3.03845409e-02,8.68787029e-02,2.92571080e-02
-8.14562440e-02,3.59036056e-02,6.64417816e-03,-4.82003225e-02,7.84194217e-02,-6.75328971e-02,-1.20596777e-01,-7.67868012e-02,5.61791915e-02,-3.26892865e-02,-1.48053644e-02,7.56666699e-02,3.07582035e-02
-5.59081508e-02,2.59763285e-02,7.81232801e-03,-3.44009534e-02,7.25619835e-02,-4.54768816e-02,-8.69565413e-02,-4.96645882e-02,8.73704774e-02,-1.17811993e-03,-4.61179358e-02,7.48846051e-02,3.34213480e-02
-4.67247844e-03,4.56500429e-02,-1.47334851e-02,-3.11367091e-02,6.87178794e-02,1.60661365e-03,-3.50347369e-02,-2.70377311e-02,4.62318470e-02,7.09736884e-03,-5.45951793e-02,6.29465378e-02,4.89257800e-02
2.72113267e-02,5.12579787e-02,-3.96876728e-02,-7.05805516e-03,4.02781484e-02,4.07136757e-03,-7.52945759e-03,-1.01722018e-03,4.86287337e-02,1.21922846e-02,-5.47472104e-02,-9.92046181e-04,2.31294383e-02
4.57625039e-02,8.42874710e-02,-3.97196657e-02,-6.88433977e-03,4.20058790e-02,-1.83833075e-02,-4.65644214e-02,-2.45412059e-02,5.67745989e-02,8.46553871e-04,-9.17923797e-04,-5.30573028e-02,-9.64979064e-03
7.93822601e-02,6.17963824e-02,-3.18511016e-02,-1.27396120e-04,4.05178242e-02,-2.79838250e-03,-4.83414641e-03,1.32875747e-02,1.73003955e-02,-3.60177235e-02,-3.17385463e-03,-3.53904417e-02,8.98343073e-04
6.41870924e-02,5.97730285e-02,-1.03248692e-03,1.32093476e-02,1.01064833e-02,-5.54173492e-03,8.47878598e-03,2.71307206e-02,1.69620144e-02,-2.90849431e-02,1.90667802e-02,-4.08893821e-02,2.92770446e-03
5.47359017e-02,6.08399575e-02,4.43736506e-02,3.89497048e-02,-2.46637871e-02,-1.81471283e-02,1.33035510e-02,3.47416122e-02,3.83828635e-02,-5.99210663e-03,4.34944056e-02,-4.27370927e-02,-6.49070900e-03
2.96941060e-02,1.97648477e-02,2.12229260e-02,1.77416834e-02,-3.22546332e-02,7.01596035e-03,3.11940473e-02,2.05735074e-02,6.91428226e-03,-3.76700009e-02,2.93066772e-02,-3.72538681e-02,-4.26702819e-03
2.29675033e-02,-3.90318165e-03,2.23187569e-02,6.88472349e-03,-4.17005604e-02,2.07875947e-02,1.68678660e-02,1.50089701e-03,1.28042180e-02,-1.91145987e-02,5.18869113e-02,-1.28265562e-02,-4.76267449e-03
1.05522513e-02,-2.52377192e-02,1.73536211e-02,7.97432709e-03,-5.38898350e-02,2.78408170e-02,3.10832195e-02,-3.98845534e-03,1.74043112e-02,-9.77777274e-03,3.18652970e-02,-1.46892122e-02,-9.28612248e-03
1.50227774e-02,-2.73965346e-02,2.50298588e-02,3.87730037e-02,-5.42835697e-02,1.63039673e-02,3.73170506e-02,-3.71359951e-03,-1.00783453e-02,-6.98151837e-03,3.87474696e-02,-6.02800758e-03,7.99171365e-03
3.10793206e-02,-1.65043478e-02,1.13403876e-02,4.60894973e-02,-5.43518828e-02,-2.90509405e-03,5.06907596e-02,1.95227067e-02,-1.85593713e-02,-1.75098022e-02,1.63020664e-02,-3.68738785e-02,-3.85017241e-03
4.64649642e-02,1.44880582e-02,1.62599515e-02,6.03970314e-02,-3.87592408e-02,-2.92924091e-02,1.85742052e-02,8.95836659e-03,-5.30717494e-03,-7.82922283e-03,3.16031539e-03,-3.10725540e-02,-1.84902284e-02
5.05564530e-02,8.49824452e-03,2.31362347e-02,2.96633776e-02,-3.46220316e-02,-1.66354519e-02,2.02407043e-02,1.85938801e-02,-1.45780104e-02,-2.47439075e-02,-1.98887984e-02,-3.12739067e-02,-1.66966300e-02
4.44734745e-02,3.05463218e-03,2.42264931e-02,1.51903884e-02,-3.25656886e-02,-4.12746792e-03,1.13954986e-02,-1.27824533e-02,-9.76186218e-03,-1.28324810e-02,-2.52548198e-02,-8.66089224e-03,2.15291916e-04
3.67481320e-03,-1.07146633e-02,4.33450186e-02,2.15682089e-02,-3.90521750e-02,1.05831142e-02,1.04526933e-02,-2.66194384e-02,-1.27888565e-02,1.74631478e-03,-1.83358175e-02,-1.58059845e-02,4.80135308e-03
-1.72946541e-02,-3.77959835e-03,4.12674479e-02,-9.33205702e-03,-4.29807386e-02,3.55765104e-02,2.00855963e-02,-1.77040039e-02,-1.96295422e-02,1.81015455e-03,-2.43336108e-02,-1.26579666e-02,2.06086832e-02
-3.41447874e-02,-1.75336968e-02,6.44965058e-02,-1.42667237e-03,-3.88988074e-02,6.01548542e-02,1.85307238e-02,-3.22856951e-02,-3.27135709e-02,1.14873764e-02,-1.08501347e-02,1.22056730e-03,8.48118064e-03
-2.49094955e-02,-4.14603372e-02,3.55878039e-02,-2.41417537e-02,-4.28412265e-02,8.40197635e-02,2.65362648e-02,-2.02984340e-02,-2.58007860e-02,1.24011973e-02,-1.00053608e-04,8.94474786e-03,2.15134967e-02
-3.23556435e-02,-5.90716327e-02,2.03939124e-02,6.37075609e-03,-2.69382271e-02,7.09637362e-02,3.69910322e-02,-1.11541645e-02,-2.70131207e-02,-3.73885247e-03,2.54217327e-02,2.61708191e-02,3.58018999e-02
-2.69404251e-02,-6.16661316e-02,-1.99721367e-03,1.36002899e-02,-1.02480556e-02,4.26880510e-02,3.86924421e-02,1.19966928e-02,-1.33598450e-02,-2.34337153e-02,3.67198675e-02,2.58240827e-03,3.24982914e-02
-2.85582138e-02,-7.07401322e-02,-2.35899956e-02,4.71343642e-02,8.11578353e-03,8.66226270e-03,2.49685225e-02,2.56197983e-02,-1.15609229e-02,-4.84486778e-03,6.60715432e-02,2.95977531e-02,9.86738702e-03
-1.06172939e-02,-2.57993852e-02,-3.99286313e-02,4.96695291e-02,-1.53448338e-04,-7.60859098e-03,4.94285646e-02,4.55145108e-02,-5.82930758e-03,-1.19085209e-04,1.99884581e-02,-2.06458689e-03,-5.42507026e-02
-3.11353892e-02,-3.98207577e-02,-1.02513282e-01,4.14286330e-02,-1.13935681e-02,-2.02872261e-02,7.14434360e-02,5.05879659e-02,3.76237302e-02,7.08812817e-03,-1.29839320e-02,1.90810748e-02,-1.01535973e-01
-3.35602174e-03,-8.39545721e-03,-1.38513198e-01,2.54286440e-02,-1.43137728e-02,4.38865150e-03,1.06837596e-01,3.87657651e-03,1.10921753e-02,2.77116779e-02,-3.26155609e-02,1.44768491e-02,-1.21179163e-01
-3.84479035e-02,-7.35962942e-03,-1.79437570e-01,6.02919140e-05,-2.85690222e-02,-6.05710381e-03,1.14474594e-01,9.82249414e-03,1.88317922e-02,4.80325791e-02,-3.25452966e-02,4.44035938e-02,-1.20671457e-01
-2.53141738e-02,3.43498753e-02,-1.34431419e-01,-1.11711868e-02,-3.48621179e-02,5.04616390e-03,1.29109654e-01,-8.10839817e-03,1.20383049e-02,5.95717937e-02,-6.70955644e-02,3.10901917e-02,-1.36911960e-01
-4.10724307e-02,1.17675894e-02,-1.25617648e-01,-2.23649046e-02,-4.16541094e-02,6.65236308e-03,1.02103814e-01,-8.80988514e-04,-3.72213978e-03,5.44532835e-02,-3.74247819e-02,4.62814414e-02,-1.07358539e-01
-5.43247345e-02,7.98420193e-03,-8.80059030e-02,-3.30476316e-02,-5.68475636e-02,1.25225395e-04,8.92807878e-02,-6.27099832e-03,-1.96743261e-02,3.64882328e-02,-3.99764799e-02,4.01525547e-02,-7.74504101e-02
-6.76143137e-02,2.77854845e-03,-3.50102715e-02,-1.13625837e-02,-4.91499833e-02,-1.18643462e-02,7.09951597e-02,-6.59193489e-04,-2.85898505e-02,-1.15579256e-02,-3.58201109e-02,3.59923232e-02,-2.43293653e-02
-6.76712851e-02,-2.25748000e-02,1.22242198e-02,8.90038584e-04,-1.58222118e-02,-1.53786272e-02,2.77251031e-02,6.56642152e-03,-4.78740294e-02,-2.08491486e-02,3.47920297e-03,5.13820126e-02,2.29774473e-02
-6.10179110e-02,1.52407878e-02,7.35238457e-02,3.83903297e-02,-3.30000908e-04,-2.16091288e-02,1.42041063e-02,1.82440976e-02,-5.63387606e-02,-2.14644248e-02,3.46321384e-03,1.65299227e-02,8.56769075e-03
-8.26678087e-02,1.09516030e-02,7.16070336e-02,2.89406604e-02,-1.17805124e-02,-2.41189202e-02,1.47890988e-02,5.32237742e-02,-1.29504596e-02,-4.27036391e-02,-1.35348089e-02,1.06464723e-02,-2.63107676e-03
-1.93568871e-02,3.47630780e-02,5.83818719e-02,1.96820737e-02,-1.05760804e-02,-1.81993637e-02,6.56090312e-03,2.42394567e-02,-1.21868376e-02,-6.17672161e-03,-1.19144456e-02,-9.30496654e-03,-5.97627950e-03
-1.05888458e-02,2.44713457e-02,1.98537527e-02,-9.34822839e-03,-9.71978907e-03,-2.53360189e-02,-4.88013695e-03,4.01371881e-02,6.03961441e-03,-1.20676428e-02,2.32603324e-03,-4.72994959e-04,1.07747572e-02
4.94092883e-02,5.30106311e-02,2.04810048e-02,-2.07989373e-02,-2.86936703e-03,-2.84926355e-02,-2.94170335e-02,1.63955838e-02,3.33168557e-02,-3.02588371e-04,-1.28706424e-02,-2.06765160e-02,2.08118899e-02
6.31800053e-02,4.03392256e-02,-9.92280893e-03,-3.38223854e-02,4.53677823e-02,-2.65514534e-02,-6.03914583e-02,2.63799612e-02,5.07595315e-02,1.75053622e-02,2.76335618e-02,-1.47669551e-02,2.23681906e-02
9.02543776e-02,1.57750416e-02,-2.16498382e-02,-5.35520239e-02,4.64368939e-02,-4.03408687e-02,-1.00241653e-01,9.32207233e-03,4.50824449e-02,2.32886531e-02,2.20733346e-02,-3.44442390e-02,1.05447507e-02
7.22667845e-02,-1.06363569e-02,-4.86719428e-02,-3.45009444e-02,6.66237973e-02,-3.45412185e-02,-7.44007907e-02,1.86167364e-02,3.16475106e-02,1.57908938e-02,3.12521836e-02,-1.86569578e-02,5.66749790e-03
9.59858944e-02,-2.68304938e-02,-5.35134966e-02,-3.55378379e-02,6.85510822e-02,-1.77328432e-02,-1.03439366e-01,9.08033947e-03,2.03866023e-02,2.02428288e-03,7.60062910e-03,-1.63626144e-02,3.35135863e-03
5.77107354e-02,-4.24975603e-02,-1.83503308e-02,8.56798380e-03,7.65070387e-02,-9.66425420e-03,-7.77669866e-02,3.47852412e-04,1.07942330e-02,7.97255699e-03,1.79770723e-02,-1.30989241e-02,-2.37413026e-02
6.18547050e-02,-5.87798771e-02,2.35531800e-03,-7.79304029e-03,4.93588565e-02,1.15432988e-02,-5.65047644e-02,1.22124441e-02,-2.31396012e-03,-1.95067098e-02,8.47467807e-04,6.64871450e-03,-2.30401132e-02
5.81392469e-03,-7.35628549e-02,9.66995871e-03,-2.23425134e-03,2.08790408e-02,1.77647312e-02,-1.79528272e-02,8.27386333e-03,-1.50405373e-02,6.89588309e-05,1.98000955e-02,1.88753741e-02,-4.26220074e-02
6.52806267e-03,-6.62425125e-02,1.01539944e-02,-1.87968052e-02,-5.71546942e-03,1.67787681e-02,8.67849704e-03,2.29766194e-02,-4.23673081e-02,-1.94544164e-02,8.21579368e-03,2.03945441e-02,-3.55627213e-02
-2.48799180e-02,-2.98976272e-02,4.07167176e-02,-2.34734544e-02,-4.51174413e-02,1.82639736e-02,2.84062975e-02,2.85753607e-02,-2.83058282e-02,-7.76962543e-03,2.60506319e-02,2.29423557e-02,-8.29758764e-03
-2.81575634e-02,8.55116690e-04,5.73376346e-02,-1.84062221e-02,-4.69151701e-02,4.05626215e-03,3.16471837e-02,5.29686257e-02,-1.28681652e-02,-1.22594614e-03,1.16549380e-02,5.90360334e-03,-1.77473040e-04
-1.72399499e-02,2.31121504e-02,4.77586756e-02,-1.82755036e-02,-5.10595380e-02,-1.58797386e-02,-1.02768151e-03,3.78210023e-02,2.74165149e-03,-1.52013076e-03,1.05478216e-02,3.34383105e-03,2.42123343e-02
-4.67981395e-02,1.36640513e-02,2.62820283e-02,-1.75468090e-02,-3.96069358e-02,-1.58972969e-02,4.05126457e-02,6.36653001e-02,2.04520669e-02,4.37436546e-03,7.60390086e-03,1.44411568e-03,3.96421787e-02
-9.22089333e-03,3.47555869e-02,-3.70881831e-03,-3.84845102e-02,-3.02890659e-02,-1.53207481e-02,1.81266825e-04,2.50877849e-02,3.33307848e-02,1.30127087e-02,-3.65341787e-02,-8.91371911e-03,5.87541857e-02
-6.14466554e-02,2.66808690e-03,-1.77793006e-02,-2.90225687e-02,-4.70440105e-02,-3.72375785e-03,-1.46769115e-03,-2.04811329e-02,3.20727910e-02,9.71507726e-03,-4.32490942e-02,7.18556727e-04,5.33166336e-02
-5.34459230e-03,-4.75787899e-03,-1.61862266e-03,5.18392429e-03,-1.66976167e-02,1.23866612e-02,-5.36303096e-02,-7.76838672e-02,1.69199818e-02,1.27829986e-02,-7.41990483e-02,2.16495804e-04,6.63785633e-02
-5.28114625e-02,-3.60711326e-02,2.76803091e-02,1.70912535e-02,-2.02171149e-02,2.72080642e-02,-2.99265969e-02,-8.55949603e-02,-2.09069024e-03,1.27321181e-02,-3.57166946e-02,1.09488141e-02,5.38440733e-02
-2.26604802e-02,-4.55927884e-02,2.24842502e-02,4.28273788e-02,1.49728062e-02,1.95419086e-02,-3.16176741e-02,-9.89559811e-02,-7.79961807e-03,1.87151964e-02,-2.64278018e-02,-7.10085981e-03,2.83239254e-02
-3.28955953e-02,-3.60002750e-02,4.07842574e-02,5.81062115e-02,2.83224184e-02,6.44775784e-02,1.39757483e-02,-9.11354736e-02,-3.60860646e-02,-3.16648745e-03,-4.53419774e-03,9.81183542e-03,1.14375945e-02
-2.11650691e-02,-2.06524019e-02,6.61597512e-02,7.99270758e-02,3.30724903e-02,4.35198726e-02,-8.90112169e-03,-6.02213781e-02,-1.75259314e-02,-1.01519088e-02,-2.49015114e-03,-1.19577503e-02,-8.22267708e-03
-1.59040585e-03,2.82139757e-03,6.18891982e-02,7.69376006e-02,-2.32430446e-04,2.90323310e-02,5.65867909e-03,-3.53593827e-02,-1.35256933e-02,-2.27226545e-02,3.71885996e-03,-9.36425994e-03,-3.66381547e-02
5.44805796e-04,3.92961887e-04,5.51600412e-02,4.81161367e-02,-1.67565888e-03,1.43640685e-02,1.61307183e-02,2.95799514e-02,1.02675403e-02,-9.95472452e-03,1.85845187e-02,1.14323298e-02,-4.45366982e-02
3.46837551e-02,3.44310317e-02,5.81128408e-02,2.67683583e-02,-1.20421521e-02,3.21030449e-03,1.92460902e-02,5.34969430e-02,9.11423484e-03,2.08096217e-03,-4.60452825e-03,7.76116428e-04,-4.65052535e-02
-2.37981375e-02,1.56195859e-02,2.16213599e-02,1.87637415e-02,-3.63748994e-02,-7.45807150e-03,3.24707102e-02,4.01923194e-02,3.67386189e-03,-1.34824013e-02,-1.85630844e-02,2.46567738e-02,-1.01280244e-02
2.70629299e-02,4.16964358e-02,-1.42809499e-02,2.93847241e-02,-3.80125886e-02,-1.89973863e-02,8.35966739e-03,2.65550234e-02,-1.55888954e-02,-1.42939711e-02,-3.25929833e-02,7.34684020e-03,-4.82192499e-03
2.92393623e-02,2.52046697e-02,-4.37692683e-02,-1.60605647e-03,-5.41387840e-02,-1.99945436e-02,1.56707139e-02,3.38329163e-02,-2.85463881e-02,-9.75021069e-03,-2.86730276e-02,-6.01806011e-03,-3.28689879e-03
4.99606698e-02,1.89926142e-02,-4.25073489e-02,2.07782463e-03,-3.23828041e-02,-3.31201449e-02,-1.08414014e-02,2.20152413e-02,2.38284418e-04,2.63328819e-02,-9.29482928e-03,-3.09156211e-02,9.58872806e-05
5.93578059e-02,-2.02905218e-03,-4.84478819e-02,6.69666169e-03,4.96725124e-03,1.12891926e-02,2.10300383e-02,1.01875016e-02,-2.75139510e-02,8.99514075e-03,-7.18503058e-03,-4.96628537e-02,-2.62516180e-03
2.82552573e-02,-3.57836325e-02,-4.02154447e-02,1.88969216e-02,4.77269611e-02,9.21723979e-03,-8.82951974e-03,-8.91332255e-03,-9.09538224e-03,3.53551408e-02,3.98285898e-02,-3.73544479e-02,2.27581288e-02
5.39162597e-02,-3.24696622e-02,-2.62365441e-02,5.68167207e-03,4.77056921e-02,2.16532383e-02,2.44056084e-02,-7.44188303e-03,-1.52910671e-02,1.22480493e-02,-3.56380617e-03,-6.07882383e-02,-2.33450940e-02
5.30964207e-02,-7.24561506e-02,-3.78501825e-02,-5.17834323e-02,5.38850228e-02,2.23916089e-02,1.62378681e-02,-8.37581625e-03,2.16112224e-03,3.84329578e-02,2.46464075e-02,-2.27175858e-02,-3.20907678e-02
5.12527124e-02,-4.64942887e-02,1.13465238e-02,-3.28144389e-02,4.76196186e-02,2.65399426e-02,2.62347064e-02,-4.16337830e-03,-2.29975651e-02,3.90378641e-02,9.62044110e-03,-3.08690805e-02,-4.33203388e-02
8.63555426e-03,-3.68195002e-02,4.35590788e-02,-2.27640322e-02,5.55936490e-02,1.07020938e-02,2.10827238e-02,-3.51310656e-02,-3.45168892e-02,2.52254196e-02,2.90630664e-02,6.91969519e-03,6.62356068e-04
-3.56907551e-04,-1.16906803e-02,3.26499263e-02,-3.47378764e-02,2.30400963e-02,5.44118186e-04,2.34235289e-02,-1.03221123e-02,-2.83436888e-02,3.00406071e-02,3.50830480e-02,8.69540241e-03,-1.13879536e-02
2.79391790e-03,1.90396188e-02,2.49918405e-02,-4.58366511e-02,-1.51665622e-03,-1.39699712e-02,3.62030238e-02,-1.26920367e-03,-2.97894456e-02,3.09746678e-03,-7.58616002e-03,1.94368562e-03,-2.39407496e-02
-7.60494573e-03,3.87120265e-02,2.30336522e-02,-2.65245400e-02,-8.44374785e-03,-3.14307066e-03,1.34327719e-02,-8.47623804e-03,-7.38506008e-03,-1.47236106e-02,-8.64187280e-03,3.26905324e-02,-2.32541202e-02
1.21177385e-02,5.93277265e-02,2.64830209e-02,-1.16581223e-03,-1.17880254e-02,-8.37147115e-03,1.92732713e-02,-1.37060379e-02,-9.56418493e-03,-3.46197418e-02,-2.51374390e-02,1.46693452e-02,-1.11005546e-02
-3.44549920e-02,3.96308807e-02,2.76649847e-02,-6.13707981e-03,-3.41229904e-02,-2.02335552e-02,-1.85012670e-02,-2.53235125e-02,2.14386475e-02,-1.32920087e-02,2.47976413e-02,4.72196237e-02,1.60899553e-02
-2.45475831e-02,1.06676219e-01,1.34293683e-02,-1.22387705e-02,-3.15812774e-02,-3.62789255e-02,-1.93465580e-02,-2.02843765e-02,5.07161998e-02,-1.41341579e-02,-2.53870973e-03,4.16606460e-02,-1.82926108e-03
-5.51141655e-02,5.07960431e-02,-3.00911473e-02,-5.74336022e-02,-3.61648556e-02,-3.07355623e-02,-6.80801103e-03,-2.10604270e-02,6.77577085e-02,1.36774567e-02,-4.07714206e-03,2.65836421e-02,-5.09956695e-03
-7.25830156e-02,7.97396776e-02,-3.47659455e-02,-3.05239569e-02,-2.07895272e-02,-1.93216945e-02,2.19085585e-02,1.09460093e-02,5.32339014e-02,-8.07691231e-03,-7.63073463e-03,1.79333507e-02,-5.22196562e-04
-6.98406367e-02,7.36351969e-02,-4.22021697e-02,-2.71445425e-02,-5.86830830e-03,-1.32522866e-02,1.95977405e-02,2.04804293e-02,3.49736164e-02,-2.39711055e-02,3.21820944e-03,6.17277498e-04,-6.88541075e-03
-6.49878793e-02,7.90534107e-02,-3.81527225e-02,-6.82252167e-02,-3.96016926e-02,-6.85582214e-03,4.07658679e-02,4.76460818e-02,2.52055886e-02,-1.27036299e-02,2.45426305e-02,-1.59126216e-02,-1.45077218e-02
-3.75629052e-02,5.71479805e-02,-4.15882606e-02,-6.48122609e-02,-2.31589264e-02,-1.44495753e-02,5.06653756e-02,6.71465377e-02,1.80068108e-02,7.97830821e-03,-6.44952684e-03,-6.03808011e-02,-2.09181161e-02
-4.19284004e-02,4.02878558e-02,-4.04955334e-02,-5.75366486e-02,-1.56728175e-03,1.49591021e-02,5.01409549e-02,5.92433945e-02,5.29306340e-03,-5.27925760e-03,2.57826224e-03,-1.95981302e-02,-1.28590360e-02
-1.08423358e-02,4.89696910e-03,-3.30900991e-02,2.10656815e-02,4.04870945e-02,2.94386067e-02,3.56456802e-02,2.81747996e-02,-3.27060785e-02,-1.33816404e-02,-3.57794809e-02,-4.18664497e-02,2.80697681e-04
-1.33005301e-02,-3.01812717e-02,-1.41405288e-02,2.32658278e-02,6.83331669e-03,2.81944501e-02,-5.85306569e-03,-6.30388533e-03,-1.98276960e-02,8.12563174e-03,-2.29651112e-02,-2.36442127e-02,2.93759575e-02
6.39416426e-03,1.03011364e-02,-2.48439296e-03,5.51560789e-02,5.88485398e-03,5.62201515e-03,-3.14605435e-02,-1.07405907e-02,4.53354289e-03,1.10087386e-02,-5.16734000e-02,-4.34113947e-02,3.04565571e-02
-2.14934008e-02,-1.54361374e-02,5.39453873e-03,4.34882376e-02,-1.14804431e-02,-2.33871116e-02,-5.33339724e-02,-2.98654455e-02,2.78156757e-02,5.67350435e-02,-6.85620113e-02,-6.30580111e-02,4.49830655e-02
-1.98678740e-02,-1.79570970e-02,6.10609587e-03,6.75549255e-02,7.01949759e-03,-2.17358662e-02,-5.08354702e-02,-3.05003577e-02,8.32729433e-03,3.74223927e-02,-4.97210868e-02,-5.25710246e-02,4.97594948e-02
-4.19101385e-02,-2.94778781e-02,5.66790440e-03,6.65426921e-02,2.24754674e-02,-1.92180091e-02,-6.37427199e-02,-2.68978480e-02,1.63460189e-02,5.20895534e-02,-2.52769761e-02,-3.44197353e-02,2.60199183e-02
-1.66690132e-02,-4.13244302e-03,2.27845862e-02,3.43445852e-02,-2.16576459e-02,-2.57735958e-02,-4.74336385e-02,-2.56662352e-02,2.95752604e-02,2.59646393e-02,-1.55083070e-02,-2.90492039e-02,1.29189300e-02
1.57674103e-02,-2.07503579e-02,-6.94361643e-03,3.05444987e-03,-6.54394188e-03,-2.42650715e-02,-3.45143590e-02,-2.86767948e-02,3.55659155e-02,2.85861438e-02,1.78611754e-02,-2.36446825e-02,-2.47532850e-02
2.62010219e-02,-4.22023486e-02,-1.28896502e-02,-5.56821607e-02,-9.45164877e-03,3.20573232e-03,-6.14134907e-03,-4.04742060e-02,4.41352319e-02,1.60106730e-02,3.85464892e-02,1.97012135e-02,-1.16905341e-02
4.12605751e-02,-5.12364853e-02,-1.84839488e-02,-4.18676907e-02,1.80228365e-02,3.30871499e-02,6.62890227e-03,-4.51822773e-02,1.50009565e-02,-1.25277036e-02,3.47288999e-02,3.01160305e-02,-2.84660332e-02
3.75678099e-02,-6.34695236e-02,-5.65797086e-02,-6.87348537e-02,-1.55426350e-03,4.23648833e-02,6.82521094e-03,-6.03575770e-02,9.75138742e-03,-1.53330965e-02,5.41087811e-02,4.94170923e-02,-1.60678284e-02
6.04825378e-02,-3.19196389e-02,-4.19807897e-02,-3.51829516e-02,-2.80102758e-02,3.98910788e-02,2.29123652e-02,-2.64848337e-02,-2.58356284e-02,-4.81440580e-02,-1.83571257e-04,1.67417156e-02,-1.53181892e-02
6.02351917e-02,-2.70742806e-02,-2.88644513e-02,-1.00737547e-02,-6.53323420e-02,4.08903043e-02,-1.96287507e-02,-3.59877148e-02,-3.16612092e-02,-4.71151660e-02,-7.41202619e-03,8.57912480e-03,2.82193895e-02
6.13529155e-02,-5.35835301e-02,-8.30560411e-03,2.37232407e-02,-1.51726487e-02,4.05117294e-02,-3.49718656e-02,-3.13742375e-02,-3.65221485e-02,-3.85152330e-02,5.47268382e-04,1.92716593e-02,4.81776709e-02
7.21283296e-02,-4.41433107e-02,6.36070013e-03,8.70450596e-03,5.20839149e-03,3.61299472e-02,-4.68009744e-02,-7.53904732e-03,-6.56535391e-03,-2.63301307e-02,-2.49240426e-02,2.59466642e-02,6.41303500e-02
7.11231376e-02,-3.70639905e-02,1.33139565e-02,2.37827938e-02,2.64235836e-02,3.55023714e-02,-5.11961676e-02,-1.28329830e-02,1.97993682e-02,-1.21835131e-02,-2.16451298e-02,4.17453957e-02,6.58513512e-02
7.84326957e-02,-2.61595149e-02,1.74699426e-02,5.49337463e-02,5.70518130e-02,4.71753841e-02,-6.40726458e-02,-1.92369671e-02,1.88089307e-02,-8.18127803e-03,-7.11687515e-03,3.81875334e-02,3.76363811e-02
6.87492412e-02,-6.89117083e-02,1.59555849e-02,2.70652510e-02,9.24154441e-02,7.34822857e-02,-4.47276861e-02,-1.70534994e-02,3.08591833e-02,4.38141831e-03,7.84714386e-03,4.85229757e-02,3.12495536e-02
4.66394608e-02,-6.55280237e-02,3.42450591e-02,2.11494144e-02,1.05755606e-01,5.12048728e-02,-2.36742661e-02,-1.17747254e-02,9.81535652e-03,5.70743658e-03,1.45616677e-02,5.96704036e-02,-1.07414398e-02
2.80549154e-02,-7.92411893e-02,2.07593945e-02,-8.44217806e-03,9.14453322e-02,4.94071773e-02,1.98888773e-02,1.86182961e-02,1.58415051e-02,6.34924451e-03,4.50643170e-02,2.42561790e-02,-3.73717842e-02
1.55370784e-03,-6.94439294e-02,-2.37444139e-03,-6.07079085e-02,5.78646513e-02,5.89430084e-02,6.93016609e-02,6.07322241e-02,4.72490638e-03,-7.68177297e-03,2.80576794e-02,8.72599328e-03,-5.64048768e-02
-7.02130682e-02,-6.24884663e-02,-3.87372238e-02,-7.95973810e-02,-2.75910823e-02,1.45076103e-02,7.06329402e-02,8.67881265e-02,-3.94668182e-02,2.84508229e-02,5.73562403e-02,2.10888496e-02,-1.02654015e-02
-9.91604921e-02,-4.83221799e-02,-4.35483339e-02,-7.16726337e-02,-2.32350009e-02,-4.33237211e-02,2.53628447e-02,1.09671375e-01,-4.73475339e-02,8.23457612e-02,9.37656318e-02,3.51050896e-02,1.64227255e-02
-7.05308714e-02,2.10068906e-02,-4.01538763e-02,-7.69198675e-02,-1.69255755e-02,-6.37660861e-02,5.31821385e-03,1.32036248e-01,5.70992910e-03,9.87661340e-02,1.56097419e-02,1.54143796e-02,4.32411321e-02
-4.11599166e-02,8.30172460e-02,-3.45593397e-02,-5.80074135e-02,-2.92056587e-02,-5.75862491e-02,7.21778435e-03,1.18968173e-01,3.27557614e-02,1.10049772e-01,2.41239057e-02,7.80427854e-03,3.99435581e-02
-3.57478670e-03,1.45033709e-01,1.65330968e-02,-2.95761105e-02,-4.41231714e-02,-5.89415501e-02,-9.42811792e-03,7.36301485e-02,3.02721816e-02,1.00203167e-01,2.87934533e-02,-1.03798278e-02,4.30348303e-02
3.59280771e-02,1.69737598e-01,5.66123894e-02,-2.99552389e-02,-4.04434679e-02,-5.79915052e-02,-9.38890490e-03,4.92726713e-02,2.95702322e-02,7.80467662e-02,3.25986665e-02,-5.65003974e-03,4.49926325e-02
6.78081152e-02,1.70407517e-01,9.15435700e-02,1.76147229e-02,-2.68673785e-02,-8.54401353e-02,-1.98952402e-02,1.07467145e-02,2.83315421e-03,4.43409507e-02,2.15697208e-02,-4.53811697e-03,3.35488831e-02
1.03497608e-01,1.57090333e-01,1.01173572e-01,3.92461072e-02,-2.38496076e-02,-5.73110042e-02,-6.92498210e-03,-4.20042193e-03,7.55385585e-03,2.35703229e-02,1.47644793e-02,-3.60017612e-02,3.43284848e-03
8.33907992e-02,9.43731753e-02,8.03442755e-02,2.55854157e-02,-2.09831102e-02,2.33497452e-02,2.91269221e-02,1.86158111e-03,2.35189786e-02,-2.73122023e-02,1.19764110e-02,-5.41628689e-02,-4.31431311e-02
-2.53962433e-03,1.75837835e-02,4.43754051e-02,-8.83000648e-03,-6.12045449e-02,2.91509234e-02,3.66292785e-02,3.59975837e-02,2.36487152e-02,-1.85173215e-02,4.66092633e-02,-1.01154814e-02,-2.04388477e-02
-3.76244568e-02,-3.08469792e-02,2.61216112e-03,5.02079873e-03,-4.40726357e-02,1.47037056e-02,-8.05462223e-03,5.46925346e-02,-2.01930624e-02,-2.88598266e-02,6.29405326e-02,-4.13142866e-04,-2.15931750e-02
-5.95529913e-02,-4.57424569e-02,-3.23360617e-02,3.42635002e-03,-1.58409747e-02,1.89954061e-02,-4.34242043e-02,5.52804386e-02,-6.00612492e-03,-1.24923900e-02,2.78936372e-02,9.76786963e-03,-1.11966132e-02
-4.86269843e-02,-3.83423221e-02,-6.52046043e-02,2.90026583e-02,8.16108295e-03,2.54087609e-02,-5.99779312e-02,4.54300411e-02,-1.79943613e-02,-1.29080139e-02,1.22876884e-02,-6.27575172e-03,-3.46327328e-02
-1.34999347e-02,-3.16322109e-02,-4.73858013e-02,1.36005598e-02,1.47835396e-02,1.37367620e-02,-6.92052705e-02,7.70684394e-03,-1.13751679e-02,-1.43059264e-02,1.88529915e-02,-1.41938713e-03,-3.84879593e-02
-3.30616608e-03,-2.61937392e-02,-9.28898264e-03,-6.74070198e-03,3.21917394e-02,6.48854888e-04,-5.18437907e-02,-3.00455842e-02,2.20144155e-02,-1.65256939e-02,1.72374320e-02,-4.04550315e-03,-3.54503400e-02
4.21660098e-02,-2.04462070e-02,1.99401313e-02,-3.11462135e-03,3.71982579e-02,-1.64412119e-02,-3.32297264e-02,-6.36127025e-02,2.34893035e-02,-4.15083266e-02,2.72254827e-02,-1.25196196e-03,-1.95101091e-02
6.64683219e-02,6.64775294e-05,1.01776338e-02,-3.06650674e-03,4.78194644e-02,-4.10804071e-03,5.37824199e-03,-9.76717017e-02,1.50268411e-02,-3.23760529e-02,1.80095686e-02,2.88627462e-02,-1.98873954e-02
6.61535752e-02,3.00530748e-02,1.20215696e-02,2.74762782e-03,2.32068031e-02,3.12038993e-03,3.13813845e-02,-6.13832964e-02,1.29748108e-02,-4.38507491e-02,6.89366431e-03,1.54282471e-02,-4.14393436e-02
3.49226277e-02,9.80254606e-03,2.40574493e-02,1.35858510e-03,1.86668359e-02,1.71092415e-02,2.87560155e-02,-4.53942082e-02,1.32239791e-02,-4.88937650e-02,1.20038651e-02,3.74565369e-02,-3.18101924e-02
6.03070004e-03,8.25305705e-03,-1.43660590e-03,7.63493238e-04,2.55070779e-02,4.69462888e-02,1.99268632e-02,-2.28033031e-02,-4.90784103e-03,-4.55269617e-02,2.62037191e-02,3.28537495e-02,-3.20311720e-02
-3.14641553e-02,1.09505157e-02,-1.64754315e-02,-2.57459939e-02,6.34112264e-03,5.63995572e-02,1.00147202e-02,-2.12589677e-03,1.06486027e-03,-2.85781286e-02,7.96301516e-03,2.73371393e-02,-4.18582917e-02
-5.98529017e-02,1.32347021e-02,-4.32445453e-02,-2.29588263e-02,-4.24710190e-03,3.64074589e-02,-1.31827114e-02,2.19366266e-02,-2.38023036e-02,-8.17840174e-03,2.37769181e-03,2.37435043e-02,-4.05939702e-02
-3.52488760e-02,1.54619281e-02,-5.12207360e-02,-9.81422389e-03,-1.68400812e-03,7.23654417e-03,-4.26385523e-02,3.15085329e-02,-3.11546623e-02,5.28027832e-03,-2.58092527e-02,2.58884396e-02,-3.12169066e-02
-4.45021392e-02,1.12932564e-02,-1.76227774e-02,-4.80216122e-03,3.43005929e-03,-8.10636379e-03,-6.14743142e-02,1.82547245e-02,1.12445478e-02,3.41735474e-02,-3.82583962e-02,1.26897037e-03,-2.94160700e-02
-2.07554752e-02,1.41795596e-02,1.17931379e-02,4.83694414e-03,-2.96079555e-04,-3.11387913e-02,-5.82941944e-02,3.38273595e-03,4.14266312e-02,3.07628411e-02,-2.12398804e-02,-1.73275054e-02,-5.81482709e-02
4.09027753e-03,-1.01253999e-02,2.25516611e-02,1.07084608e-02,3.68170172e-03,-3.97706826e-02,-2.39804079e-02,-1.44058603e-02,4.96061779e-02,3.62409471e-02,-1.74720530e-02,1.04937650e-02,-3.40247644e-02
1.16274599e-02,-1.45411708e-02,3.25358313e-02,2.22521735e-02,1.03537225e-02,-4.27674953e-02,-3.08312990e-02,1.70974607e-02,5.23989695e-02,3.98751459e-02,2.75401917e-03,-1.27292711e-02,-2.05903586e-02
4.19633082e-03,-2.81628181e-02,2.90554655e-02,2.84392541e-02,2.96786992e-02,-5.64170673e-02,-2.00493060e-02,3.07923815e-02,2.14443455e-02,1.60018089e-02,1.74440944e-02,-2.17814617e-02,9.60710283e-03
-1.88740046e-02,-5.60374563e-02,4.43824045e-03,1.44656610e-03,2.75607845e-02,-2.13327433e-02,-1.63336358e-02,3.02588887e-02,-3.34578796e-02,6.23322046e-03,6.49417917e-02,-1.34660427e-02,5.10279360e-02
-4.87574488e-02,-5.65067594e-02,2.85121983e-03,-2.65851628e-02,2.92456403e-02,3.27429727e-02,-2.56917566e-02,2.77800583e-02,-4.49207014e-02,-1.67000904e-02,8.54100105e-02,-1.60543346e-04,5.73515338e-02
-8.74703659e-02,-5.90547026e-02,-1.32683958e-02,-4.42361683e-02,1.86722878e-02,4.27036798e-02,-3.16612360e-02,4.22998575e-02,-7.20364627e-02,-2.13164074e-02,1.03283331e-01,1.18120388e-02,6.97002667e-02
-8.32465218e-02,-5.98311580e-02,-4.33109061e-02,-4.68528170e-02,1.88790089e-02,3.06259142e-02,-4.78713682e-02,3.64498258e-02,-1.06083426e-01,-1.57701001e-02,1.11949664e-01,2.43061335e-02,8.31855682e-02
-7.53407146e-02,-3.48811490e-02,-2.66082349e-02,-6.51225201e-02,-5.37591797e-03,4.15543436e-02,-4.63761189e-02,3.35272598e-02,-9.20399078e-02,-3.63792796e-03,8.55754011e-02,3.46945519e-02,8.24332499e-02
-5.56497501e-02,-2.20031642e-02,-8.54826354e-03,-5.74006927e-02,-3.71259987e-02,3.58386448e-02,-4.49666774e-02,5.46302305e-03,-7.23396498e-02,-2.72096752e-03,8.52752473e-02,4.72498846e-02,6.78942342e-02
1.82198494e-02,-2.21152016e-02,4.05916462e-03,-5.30668447e-02,-5.43842113e-02,1.23291692e-02,-2.75444702e-02,-1.80182548e-02,-4.73248449e-02,-1.80886319e-02,4.95733629e-02,5.21774628e-02,4.99531969e-02
3.93151227e-02,-1.83157339e-02,3.55452335e-02,-3.26566281e-02,-4.31805207e-02,1.45980962e-02,-3.62142986e-02,-1.80216154e-02,-1.01374983e-02,1.19106309e-02,3.11105632e-02,2.63151669e-02,2.55652285e-02
5.97228650e-02,-2.73024917e-02,2.22855680e-02,-4.64023671e-03,-3.36781357e-02,1.22777850e-03,-1.60673198e-02,-2.03820672e-02,1.45575096e-02,6.43645852e-03,4.28317286e-03,1.40820388e-02,4.13253011e-02
6.01392299e-02,-2.17945419e-02,1.36459120e-02,6.93712054e-03,-2.44837214e-02,-2.12601648e-02,-1.03384724e-02,-1.17243109e-02,-4.59345337e-03,1.39613079e-02,6.33580203e-03,8.67002974e-03,1.88935639e-02
6.26203189e-02,-2.28511757e-02,1.23422454e-02,1.29577216e-02,-1.94431390e-02,-3.62003660e-03,8.59819754e-03,-6.51641470e-03,2.48150913e-02,-8.40186939e-03,-1.69494125e-03,5.90618055e-03,9.70545518e-03
3.06485065e-02,5.92604773e-03,5.31014590e-02,4.50505395e-02,-1.19725546e-03,-3.68555094e-03,-9.80487329e-03,-4.25889249e-02,9.98753287e-03,-6.41294026e-03,-1.38126478e-02,1.05550595e-02,7.71456036e-03
2.63691461e-02,9.67512243e-03,4.14226846e-02,3.61733084e-02,9.65516929e-03,-3.34645844e-02,1.47649914e-03,-5.13805347e-02,-8.46307228e-04,-1.07520146e-02,-5.30102006e-03,-2.14939683e-03,-4.44444187e-03
-5.12431217e-03,5.08869488e-03,1.87067317e-02,3.54539626e-02,1.82314456e-02,-2.51718817e-02,3.09163795e-02,-2.09832819e-02,2.10208739e-02,-7.17211676e-03,-2.51117276e-02,4.13391764e-03,-2.36187857e-02
-2.18372512e-02,6.26025456e-03,1.49240413e-02,1.28304953e-02,1.20994951e-02,-1.99118683e-02,3.51699378e-02,-3.17703036e-02,2.76716417e-02,-7.79942345e-03,-2.48958322e-02,2.13896984e-02,-9.73458622e-03
6.05048893e-03,6.29370168e-03,-2.01236701e-02,1.16121300e-02,-7.07084487e-03,-2.78262999e-02,3.29002664e-02,-1.66996105e-02,3.80949977e-02,-2.89552641e-02,-1.92063170e-02,2.91500898e-02,-1.26526768e-02
-5.60621944e-04,2.80402852e-02,-7.48084161e-03,4.42807962e-03,-1.23737375e-03,-1.56712056e-02,2.79894557e-02,2.27409044e-02,2.04212741e-02,-3.61369521e-02,-2.94721474e-02,1.73255683e-02,-8.79698985e-03
4.58445379e-03,2.36321867e-02,-8.61985384e-03,-1.05621668e-02,-2.08851104e-02,2.51828599e-03,-1.04232435e-02,2.99501735e-02,3.62798301e-02,-3.35024398e-02,-4.63538531e-02,1.34364821e-02,1.68103965e-02
2.35132888e-03,3.50295615e-02,-7.38214086e-03,-1.47722968e-02,-2.68046974e-02,-2.94395748e-03,-1.60419105e-02,4.57460294e-02,6.73337764e-03,-2.93225702e-02,-4.44977437e-02,2.30102899e-02,1.94974917e-02
-2.99659065e-02,3.39761446e-03,-1.52717483e-02,-7.35805850e-03,-5.89922778e-03,6.02840761e-03,6.20606596e-03,7.59213978e-02,4.00353291e-03,-1.41503265e-02,-3.70464693e-02,8.40730512e-03,2.89801573e-03
-4.41523078e-02,3.44462014e-02,1.35234115e-02,-3.77242582e-03,-6.16567543e-03,-3.10508963e-04,-2.79572089e-02,4.28578668e-02,-8.09421960e-03,1.37538250e-02,-2.13687790e-02,1.59153959e-02,7.87828639e-03
-4.27194963e-02,3.61634259e-02,1.95320103e-02,-9.64444904e-03,2.83245546e-03,-2.15430798e-02,-1.71782036e-02,2.06136400e-02,-2.74648420e-02,1.52898976e-02,-3.06245038e-02,1.42847154e-02,1.58467909e-02
-6.12435628e-02,1.78770762e-02,2.20724749e-03,8.16854762e-03,3.02797627e-04,-4.56584207e-03,-3.16325048e-03,2.97301059e-03,-2.41804173e-02,3.38771092e-02,-2.67372037e-03,1.26988192e-02,7.48312512e-04
-3.64917137e-02,2.63569828e-02,-4.27694840e-03,-1.45977845e-03,1.17214911e-02,-2.06269181e-02,2.75582970e-03,-2.58792418e-02,-2.34021099e-02,2.83117338e-02,7.03936598e-03,1.56670751e-02,-1.41032286e-02
4.89545321e-04,1.91165452e-02,-3.26179440e-02,1.50789282e-02,1.63166402e-02,-9.76331240e-03,3.52979097e-03,-4.39577227e-02,-1.91243515e-03,2.43142090e-02,1.91956235e-02,2.40009041e-02,-2.85375845e-02
1.18080366e-02,-4.86492109e-03,-4.30175374e-02,1.13562531e-02,2.91318439e-02,1.30246114e-02,3.31721944e-02,-2.01355884e-02,8.05634016e-03,1.02442343e-02,2.89111074e-02,2.37991733e-02,-2.87480210e-02
1.70081808e-02,-2.94221320e-02,-5.55264663e-02,1.11169471e-02,3.49327956e-02,1.93849242e-02,-9.11263608e-03,-2.57549517e-02,3.95677191e-02,3.74043269e-02,3.36269807e-02,-1.38189182e-02,-2.19184735e-02
4.46968558e-02,-4.90212321e-02,-6.17567606e-02,-3.54310365e-03,2.02773847e-02,-1.80130488e-02,8.79135021e-03,-3.40783144e-02,2.06888308e-02,2.32530976e-02,3.43309502e-02,-3.62381368e-02,-2.88766400e-04
-1.72309449e-02,-1.12787980e-01,-3.96059457e-02,5.61233719e-02,6.68297646e-02,3.19078515e-03,3.82049698e-02,-1.59677972e-02,-1.16981111e-02,2.29196474e-03,3.78676643e-03,-8.23537284e-02,-7.86729855e-03
-4.03567480e-02,-1.23669917e-01,-1.24093679e-02,2.48465358e-02,5.31149757e-02,-3.28196987e-02,5.22098553e-02,2.29477861e-02,-1.97410631e-02,9.97773722e-03,-3.96424928e-03,-8.09874006e-02,2.55338286e-02
-5.47287222e-02,-1.10976621e-01,5.62645707e-03,1.82103521e-02,3.80607676e-02,-5.79659143e-02,5.27961066e-02,4.52661197e-02,-2.08698485e-02,9.02747644e-03,-4.62050757e-02,-9.42398863e-02,5.08076566e-02
-7.38314238e-02,-8.87541312e-02,5.15856633e-02,4.23498167e-02,2.66719781e-02,-3.41369072e-02,6.47568361e-02,3.24715993e-02,-3.21203504e-02,5.02398852e-04,-6.14517059e-02,-1.02477827e-01,3.60229608e-02
-4.58337252e-02,-4.76380128e-02,1.05348843e-01,9.48503086e-02,2.21506729e-02,-7.99303815e-02,3.38733830e-02,3.58821433e-02,-8.09906269e-03,6.40062180e-03,-7.89827788e-02,-9.34410361e-02,3.40837288e-02
-5.13198520e-03,1.51133400e-02,1.47526020e-01,1.03342105e-01,2.33720361e-02,-6.91378105e-02,8.95427997e-03,2.56235578e-02,1.42297028e-02,-5.02282599e-03,-8.28682754e-02,-8.54764842e-02,1.36353149e-02
1.49693241e-02,1.32858847e-02,1.58067786e-01,1.19873113e-01,3.19652311e-02,-2.18984793e-02,1.46411831e-02,4.05662076e-02,5.30373455e-02,-6.13103805e-03,-9.38724548e-02,-8.78155010e-02,-8.46694700e-03
5.14124710e-02,3.85985142e-02,1.33702406e-01,1.22980993e-01,2.65285144e-02,9.09697901e-04,-1.45393360e-02,3.43159745e-02,7.07794846e-02,1.31557446e-02,-5.69845911e-02,-7.58435625e-02,3.00827782e-03
1.16018184e-01,6.86044323e-02,8.42968403e-02,9.16105219e-02,1.96535086e-02,9.51779086e-04,-3.18292253e-02,6.18592291e-03,3.25757271e-02,2.27345840e-02,-5.14083376e-03,-7.02904127e-02,8.82326833e-05
7.04546447e-02,3.98337648e-02,4.43560974e-02,9.98588558e-02,5.99366185e-02,6.50426350e-02,1.57570862e-03,-1.17787351e-02,-8.24659776e-03,-3.05898315e-02,3.22465247e-03,-5.80203803e-02,1.20378135e-03
5.61913857e-02,-4.43447264e-03,1.06399702e-02,4.36450255e-02,4.66444679e-02,4.64850930e-02,4.24457375e-03,-1.49809836e-02,-1.74441399e-02,-1.93669563e-02,3.29092013e-02,-1.20296501e-02,4.38308994e-02
8.17878349e-02,1.08561782e-02,-3.77971228e-02,-1.82609495e-02,1.32111497e-02,1.13987574e-02,-8.99216625e-05,-7.72659989e-03,-1.74392126e-02,-3.20812568e-02,3.07505843e-02,2.77461519e-02,5.52010707e-02
3.45515861e-02,-1.98598121e-02,-6.77026893e-02,-4.41542688e-02,7.30191077e-03,3.77589462e-02,2.60467038e-02,-3.40849864e-02,-3.04516549e-02,-4.63712777e-02,1.64122571e-02,8.69876917e-02,5.24345468e-02
5.50275576e-02,1.23230502e-02,-3.20882590e-02,-4.31834712e-02,-2.43177930e-02,6.92091393e-03,7.96099532e-03,-4.68892550e-02,-3.25727065e-02,-2.97485786e-02,2.50878263e-03,1.16049053e-01,4.80289454e-02
5.28102248e-02,4.18658447e-02,6.36347110e-03,-4.84689786e-02,-3.84307760e-02,-2.56616183e-02,-3.62502659e-03,-3.98420372e-02,-9.00181642e-03,-1.80684052e-02,-1.42905047e-02,9.57053839e-02,4.37801388e-02
3.05728335e-02,1.51405496e-02,2.85941684e-02,-3.59474947e-02,-2.68783699e-02,-1.68520524e-02,8.46081504e-03,-2.06044428e-02,7.99291759e-03,-1.27273644e-02,-2.25676582e-02,7.15636386e-02,6.26255906e-03
5.70084214e-02,3.03110264e-02,4.36116542e-02,-3.46728364e-02,-3.75375171e-02,-2.51499557e-02,-1.24992659e-02,-4.20876905e-03,7.04398706e-03,6.15283395e-03,-2.00954390e-02,7.02350521e-02,2.03896705e-03
6.69945472e-02,3.30056210e-02,5.53920313e-02,-1.38452660e-02,-3.06019828e-02,1.14661972e-03,-3.08455283e-02,-3.94852373e-03,-3.51124135e-02,2.12774438e-02,-1.54291681e-02,4.94215986e-02,-1.81934279e-03
2.81358302e-02,1.95204143e-02,6.32638802e-02,8.17467906e-05,7.13955557e-03,4.42464737e-02,3.46169953e-03,-9.63471348e-03,-5.58043724e-02,-1.62628269e-03,-1.07695451e-02,2.45163685e-02,-1.51069166e-02
3.91312065e-02,-6.47265271e-03,4.83272767e-02,-1.46346372e-02,1.14113776e-03,3.92080519e-02,-1.35490281e-02,-9.44994570e-04,-3.77644709e-02,8.81630758e-03,4.67011525e-03,1.80326868e-02,-2.29968031e-03
5.57176010e-02,-2.13912227e-02,1.81349425e-02,-6.48130783e-04,1.30696541e-02,3.00923722e-02,-5.49777216e-03,7.97462170e-03,-2.23563342e-02,-7.23011098e-03,-2.68839558e-02,-4.79646392e-04,-5.49915556e-03
1.74345592e-02,-6.71622451e-02,-1.91542994e-02,1.74698902e-02,4.63913196e-03,4.81138757e-02,2.48170612e-02,-1.66409976e-02,1.53957346e-02,1.67771230e-02,-2.92092423e-02,1.87505621e-02,2.34467710e-03
4.98156005e-02,-5.86219562e-02,-3.53075882e-02,2.27163061e-02,-1.76043705e-03,5.64695550e-02,2.21299018e-02,-1.20552054e-02,1.44191959e-02,-4.87583010e-03,-3.83461306e-02,5.26640109e-03,5.15264047e-03
3.21030172e-02,-1.48572812e-02,-6.21170909e-02,3.93172369e-02,-2.98746069e-02,3.40060283e-02,3.38175724e-02,-1.02650165e-02,1.18618487e-02,3.71003948e-03,-3.43609543e-02,-4.27004254e-02,2.78615733e-02
-2.57957184e-02,-5.97448648e-03,-8.48835786e-02,6.55154492e-02,1.19583167e-02,3.27088076e-02,4.01179266e-02,-1.87715358e-02,9.54730292e-04,1.94392638e-03,1.08780515e-02,-4.92661999e-02,1.99285858e-03
-3.93403397e-02,1.05310402e-02,-9.44396641e-02,6.03768120e-02,1.68695742e-02,4.54808319e-02,1.70907507e-02,-2.63425944e-02,-1.46429044e-02,9.12526726e-03,3.55474017e-02,-2.26996936e-02,1.21745978e-02
-6.24000344e-02,1.69440982e-02,-9.14863350e-02,4.50425884e-02,2.67447328e-02,6.76179206e-02,-5.57537575e-03,-2.18359652e-02,-2.15737933e-02,1.44497101e-02,5.03402494e-02,-2.41485505e-02,4.68629187e-03
-8.72932109e-02,1.24361077e-02,-5.89041597e-02,2.95909737e-02,3.75866835e-02,6.44301307e-02,1.73018800e-03,-2.23014398e-02,-2.96789886e-02,1.66306662e-02,7.19130168e-02,-1.67069060e-02,-1.65811021e-02
-5.48184529e-02,1.89758340e-02,-4.70691188e-02,-1.65150482e-02,2.23767932e-02,3.94375878e-02,-2.85815273e-02,5.92743534e-03,-1.56917054e-02,1.40597629e-02,9.34770864e-02,8.12237765e-04,-1.83933184e-02
-3.69589138e-02,3.76087724e-02,-1.10239916e-02,-7.21385552e-02,1.55909835e-02,3.53288207e-02,-2.90964334e-02,3.16017336e-05,-2.35824361e-02,6.46683869e-03,7.64129570e-02,2.56937088e-02,-8.85419528e-03
-1.44389304e-02,8.05139556e-03,1.06301604e-03,-7.40175784e-02,-8.66728663e-04,1.92562510e-02,-8.73993012e-03,8.95777405e-03,2.13547943e-02,3.15466931e-02,6.70040024e-02,1.74626483e-02,-1.91440440e-02
3.64471328e-02,-2.22393823e-03,8.75128193e-03,-7.85450199e-02,-6.56757998e-03,3.79745069e-04,-5.46903128e-03,4.77639731e-02,2.49864374e-02,2.80117223e-03,4.49298620e-02,1.49934011e-02,-1.18827099e-02
6.96138912e-02,1.19006214e-02,8.96122046e-03,-7.71775422e-02,-3.99942242e-02,-1.41150274e-02,-2.45449286e-02,3.28504055e-02,3.15543246e-02,-5.80487625e-06,2.90106422e-02,1.80153718e-02,1.18158509e-02
4.82962285e-02,2.40800387e-02,1.51235734e-02,-3.93010430e-02,-6.13106301e-03,-3.06201871e-02,-2.88637811e-02,-3.51374940e-04,2.19810514e-03,1.08659402e-02,5.50145535e-02,1.13652025e-02,1.07115242e-02
4.30710027e-02,1.46329777e-02,1.18420846e-02,-5.85903028e-03,1.07301230e-02,-2.94453733e-02,-1.56472863e-02,-3.07436743e-02,-1.90783829e-02,4.76160917e-04,7.16532257e-02,1.81828785e-02,2.23665263e-02
5.75810770e-02,2.31613254e-02,3.56414699e-03,-3.65699640e-03,1.23551423e-02,-3.84888538e-02,-2.16532550e-02,-3.87078933e-02,2.22901409e-04,-1.75259373e-02,5.43376414e-02,1.16940392e-02,1.53814546e-02
3.05333174e-02,-9.80367320e-03,3.37207054e-03,5.94300065e-03,1.72752078e-02,-1.86929051e-02,6.99074785e-04,-3.60049704e-02,6.91020916e-03,-1.39683362e-02,2.95541731e-02,7.00036142e-03,1.04326711e-02
3.57748809e-02,-3.75333667e-02,-1.20359777e-02,5.93225239e-03,1.94491486e-02,-5.75597094e-03,1.49657264e-02,-2.16074864e-02,1.95947000e-02,-2.48510239e-02,3.06909905e-02,7.16124841e-03,-9.68351945e-03
3.87887693e-02,-4.84381998e-03,1.93747090e-02,-2.74321619e-02,-1.71382356e-02,1.79914178e-02,4.23867289e-03,-4.22178820e-02,8.39395110e-03,-1.99337118e-02,1.56255440e-02,1.99356761e-02,4.16664662e-03
3.01931047e-02,-6.56701068e-03,2.70773570e-02,-4.76654238e-03,-2.07788864e-02,2.37183653e-02,2.57614744e-03,-4.68781528e-02,3.92212118e-02,-5.47122003e-04,-3.63270786e-03,7.18718456e-04,-1.71532940e-02
2.38252518e-02,-9.37068810e-03,2.32370074e-02,4.19636627e-03,-3.36269319e-02,4.17934630e-03,6.83428452e-03,1.14873246e-03,3.76395282e-02,-6.36338799e-04,-2.62105038e-02,-4.85502805e-03,-1.37570889e-02
2.61578077e-02,-1.41419789e-02,2.68837267e-02,1.56329289e-02,-4.44532732e-02,5.55844484e-03,-3.70507697e-02,9.81776315e-03,4.02136991e-02,5.87433227e-03,-4.21945783e-02,7.62210073e-03,-2.14763042e-02
1.21544487e-02,-1.48441703e-02,1.72617539e-02,3.40681043e-02,-1.60053180e-02,2.15425886e-02,-2.30676277e-02,6.39416240e-03,1.13806590e-02,3.84535699e-02,-3.13028495e-02,-2.66832630e-02,-1.99469237e-02
7.19292539e-03,-2.60750876e-02,3.88309706e-02,6.24684231e-02,6.50997996e-03,-1.43767242e-02,-8.18221125e-03,3.08704798e-02,-2.03769347e-02,5.23409369e-02,-2.98512226e-02,-3.36389475e-02,-4.82054372e-03
3.36018717e-02,-3.45186460e-03,4.23804639e-02,6.05781971e-02,-2.65948022e-02,-5.41221325e-02,-1.71407489e-03,4.38140445e-02,-2.00335394e-02,1.58817678e-02,-4.35146831e-02,-2.65500522e-02,1.02597571e-02
9.11093808e-03,4.06121101e-03,3.12519380e-02,4.79633826e-02,1.59482610e-02,-3.44404005e-02,3.03673231e-02,4.53233856e-02,-1.30549173e-02,6.73379708e-03,-7.20048671e-02,-6.42451192e-02,-2.03642430e-03
8.66312685e-03,2.96441157e-03,2.31604554e-02,1.17943698e-02,2.14329930e-02,-2.74055768e-02,6.66405273e-02,4.10563383e-02,-2.26152588e-02,-1.72008352e-02,-5.97132637e-02,-6.19143157e-02,6.35202267e-03
3.99196389e-04,7.52097464e-03,3.40542545e-02,-1.44036037e-02,-1.09655637e-02,-2.37804066e-02,6.29478580e-02,5.61045845e-02,-2.46044206e-02,-2.57348158e-02,-6.21045274e-02,-6.21241853e-02,1.71835557e-02
-2.69095686e-02,1.98482718e-02,3.97039496e-02,-1.28344874e-02,1.23002094e-02,8.96862332e-04,8.29643012e-02,2.77482847e-02,-2.06773828e-02,-2.32509809e-02,-5.61098109e-02,-5.77130813e-02,-2.69646185e-02
-4.56218191e-02,1.94527256e-02,1.42899623e-02,-3.48550142e-03,3.79346704e-02,1.43369284e-02,7.10357427e-02,1.95044862e-02,-2.21286792e-02,-3.39429594e-02,-4.10515192e-02,-3.43830260e-02,-2.48499853e-02
-3.14251201e-02,5.07804184e-02,-2.59958378e-02,-4.63085964e-02,3.48525542e-02,2.12938187e-02,5.43654053e-02,1.82054082e-02,-3.65373046e-02,-3.43550494e-02,-1.57104591e-02,-1.22859120e-02,-4.82868166e-02
-5.52738780e-02,5.20068895e-02,-7.61744962e-02,-5.05282270e-02,5.28189319e-02,3.50708705e-02,6.91076699e-02,2.18715857e-02,-5.92123794e-02,-3.87926554e-03,7.80711860e-03,-6.17672474e-02,-9.16824823e-02
-1.20654968e-01,-1.85052681e-02,-8.13455417e-02,-8.47885012e-02,6.25487604e-02,-5.15436511e-03,4.95426113e-02,4.45455362e-02,-8.17731131e-02,3.29838633e-02,2.66418333e-03,-3.45278120e-02,-9.81177174e-02
-1.38140992e-01,-4.49790052e-02,-1.03072540e-01,-9.72785186e-02,5.98502750e-03,-5.44771868e-02,1.76470764e-02,4.35661661e-02,-5.56378587e-02,2.98239565e-02,1.15600311e-02,1.86162937e-02,-7.72097580e-02
-1.74159902e-01,-6.84339251e-02,-8.87895736e-02,-9.00432318e-02,3.67380506e-03,-7.25170655e-02,3.00300207e-02,5.15870469e-02,2.72711176e-03,3.73732770e-02,1.15135845e-02,2.06603273e-02,-9.76866894e-02
-1.44905281e-01,-8.22239461e-02,-7.02214468e-02,-7.20080312e-02,-2.44852717e-02,-1.04384031e-01,1.48115440e-02,4.10526447e-02,5.37989278e-02,6.18387983e-02,-2.31237343e-03,1.53683649e-02,-4.61552438e-02
-1.24783047e-01,-9.10749692e-02,-1.92552490e-02,-2.54708436e-02,-4.78929462e-02,-1.28686329e-01,-2.65690545e-02,6.17808993e-02,9.17227105e-02,6.02943045e-02,-1.64542333e-02,1.78535133e-03,-1.71207009e-02
-1.31043273e-01,-1.03024843e-01,3.58467334e-02,2.68662314e-02,-6.34765932e-02,-1.15442140e-01,-5.80151536e-03,6.67491669e-02,9.64965003e-02,5.20722785e-02,-1.36566203e-02,-3.62165989e-04,-1.15977103e-02
-1.08037627e-01,-1.01936361e-01,3.71567484e-02,7.24526099e-02,-3.71700195e-02,-8.47817992e-02,-2.79963124e-02,2.68620013e-02,8.68295468e-02,2.44680042e-02,4.04727966e-03,8.51687133e-03,1.76899490e-02
-4.91508367e-02,-6.59897394e-02,2.48698619e-02,6.86432960e-02,-2.74363691e-02,-7.37308924e-02,-4.46261438e-02,1.40505868e-02,9.08710737e-02,1.96414681e-02,-1.93372861e-02,3.14585160e-03,3.18941253e-02
-4.98340961e-02,-4.53041498e-02,1.05827343e-02,1.14350076e-01,1.66672123e-02,-4.51918894e-02,1.69294831e-03,1.91027554e-02,4.77565206e-02,8.12105199e-03,-1.59567608e-02,-4.54031255e-02,1.78147707e-02
-1.70670122e-02,-5.08379980e-02,-1.15199460e-02,7.84893369e-02,3.26846897e-02,-2.71742988e-02,1.09703663e-02,1.00459574e-02,2.29119890e-02,2.54344339e-02,-3.94725012e-02,-3.64653834e-02,-5.16667208e-03
7.33956066e-03,-2.45719531e-02,-4.48985878e-02,6.51663930e-02,6.33955086e-02,-1.18459621e-02,6.58732841e-03,-1.86758469e-02,1.08863402e-03,1.65729642e-02,-4.38545570e-02,-1.40835510e-02,-4.62422965e-03
1.22736311e-02,-4.18709984e-03,-2.05013054e-02,3.06585296e-02,3.10447695e-02,-5.65830407e-03,1.46993265e-02,-1.37489941e-02,3.99487833e-03,1.59849034e-02,-1.94952683e-02,1.69911609e-02,-3.37778323e-02
7.04523070e-02,1.39254556e-02,-7.15097375e-03,3.52400151e-03,1.17133514e-02,-1.29598082e-02,7.82745274e-03,3.30979746e-03,2.15575746e-03,3.81437331e-02,-1.74226631e-02,2.13192508e-02,-4.19135334e-02
8.31693132e-02,1.73748510e-02,-5.70884507e-03,1.28764960e-03,2.34690185e-02,9.34993440e-03,-2.67126823e-02,1.36360417e-02,3.11017149e-02,3.54435250e-02,-1.97887441e-02,1.32915743e-03,-5.10675453e-02
7.29847262e-02,1.36003009e-02,-1.18906109e-02,-2.92927808e-02,-1.64523621e-02,2.84420078e-03,-2.77627178e-02,3.58402420e-02,2.47158870e-02,2.01993642e-02,8.80497090e-03,4.10738602e-03,-3.24860253e-02
6.43432475e-02,3.35142457e-02,-1.69116079e-02,-4.27550259e-02,-3.12659622e-02,1.86787096e-02,-2.76713109e-02,2.85845503e-02,5.60720867e-03,-1.70969163e-02,2.51281073e-02,2.81504029e-02,-1.39416575e-02
7.54307636e-02,3.22101054e-02,-9.29229418e-03,-6.25529697e-02,-5.35376804e-02,2.78322590e-03,-5.71882646e-02,3.15774594e-02,1.69007255e-02,-1.87528066e-02,1.32256115e-03,1.71460279e-02,5.08766427e-03
-3.70806606e-03,-2.48571299e-03,4.66071294e-03,-3.28698952e-02,-1.86647708e-02,1.79301925e-02,-3.19592833e-02,3.38666865e-02,-3.28465475e-03,-2.54276675e-02,2.62245366e-04,-5.37147543e-03,1.03908760e-02
2.56279072e-02,2.00058132e-02,-5.63091279e-03,-5.23637802e-02,-3.20197231e-02,7.31175271e-03,-2.36803915e-02,1.96500170e-02,6.14102834e-03,3.71563136e-03,2.15373215e-02,2.96712223e-03,-4.33566823e-03
2.49937115e-02,2.49506712e-02,-4.82787386e-02,-3.17185400e-02,2.72220854e-02,1.55856766e-02,-6.95887044e-03,-5.20340553e-03,4.67258535e-03,1.50937257e-02,1.93372514e-02,-1.23721983e-02,3.82455270e-03
1.29326389e-02,2.91852182e-02,-5.45735538e-02,-2.20462704e-02,4.25519824e-02,1.29666703e-02,-1.82406060e-03,-1.91798209e-02,-3.47882127e-03,3.78263692e-03,9.38190231e-03,-1.61802887e-02,9.50028294e-03
1.88029341e-02,1.62048416e-02,-4.11042969e-02,-7.21851879e-03,5.89139216e-02,2.41980803e-02,3.00809907e-02,-1.91425915e-02,-2.68021236e-02,1.48964231e-02,3.39384501e-03,-1.92455360e-02,6.33944255e-04
3.52502829e-02,1.21369957e-02,-2.65134682e-02,-7.16631752e-03,5.36408585e-02,3.98222520e-02,1.91993490e-02,-5.53081833e-02,-2.99943324e-02,1.64582515e-02,-3.09146294e-03,-1.03534535e-02,5.04727183e-04
2.04543172e-02,-2.33440279e-02,-5.86792535e-02,-2.75420758e-02,4.78333505e-02,4.92117676e-02,3.84702281e-02,-3.95891437e-02,-3.97859458e-03,2.81373836e-02,1.05777178e-02,-3.87285137e-02,-1.61561575e-02
1.67716914e-02,-5.95691564e-03,-1.62805196e-02,-2.77869580e-02,2.85409586e-02,5.62076202e-02,4.39772262e-02,-5.48897369e-02,-1.43798005e-02,3.60327217e-03,-7.28012075e-03,-2.44000647e-02,-1.05000131e-03
1.40370112e-02,1.38525614e-02,1.05485153e-02,-5.00052872e-02,9.39659918e-03,4.64484926e-02,4.67971420e-02,-3.84379644e-02,5.54874398e-03,-2.15090805e-02,-8.68080552e-03,-3.98172443e-03,2.06485366e-02
-2.19146195e-02,-2.97590484e-02,3.79046438e-02,-3.32305883e-02,4.86490948e-03,4.44717667e-02,6.38004320e-03,-5.51834096e-02,8.46290879e-04,-3.32736135e-02,-3.66218653e-02,7.91452359e-03,5.98454371e-02
-9.04337919e-03,-3.88686718e-03,6.55064664e-02,-3.05310938e-02,-3.31225660e-02,1.85873409e-02,-5.90103411e-03,-5.91622616e-02,1.48539986e-02,-2.18303991e-02,-2.57435002e-02,8.41614550e-03,3.96250616e-02
4.72447951e-03,5.96428552e-02,4.70648645e-02,-2.11662112e-02,-6.01236351e-02,-1.41747204e-02,-4.66539943e-02,-6.01361658e-02,2.20150831e-02,-2.68655025e-02,-1.52629134e-02,6.65209195e-03,6.11145427e-02
-7.11209510e-02,3.44499178e-02,2.56663806e-04,4.54489808e-03,-3.68685076e-02,4.58775710e-03,-6.12122546e-02,-2.66176436e-02,5.54623172e-02,-1.39486255e-02,1.76123179e-02,-6.61627314e-04,3.30462533e-02
-1.03514827e-01,1.80038974e-02,-4.17543546e-02,2.51094824e-02,8.46679603e-04,2.40723847e-02,-7.20453727e-02,-3.86516529e-03,3.91913436e-02,-2.77722634e-02,3.53055363e-02,1.86166550e-03,4.02723384e-02
-9.62894784e-02,1.84000511e-02,-4.06037553e-02,8.84824304e-03,-2.36969980e-02,1.89861455e-02,-7.93713461e-02,-6.00116021e-04,6.03094321e-03,-2.24684402e-02,5.58761611e-02,6.29317465e-02,5.44172993e-02
-1.01883515e-01,-1.95039951e-02,-1.01430414e-01,1.47670187e-02,-2.14747945e-02,3.19618442e-02,-5.27487934e-02,4.73084111e-02,2.78900291e-02,-4.02971590e-03,8.88224803e-02,4.73996340e-02,1.33554587e-02
-4.43082969e-02,-1.19700016e-02,-8.51211811e-02,2.80118537e-03,-2.00741104e-02,1.42552028e-02,-8.89431661e-02,3.23081816e-02,1.08194241e-04,-9.94850629e-03,8.80728197e-02,5.85790974e-02,-5.94702736e-03
-1.03118560e-02,2.91270006e-02,-6.99729505e-02,-4.74311516e-02,-3.02321538e-02,-6.54322500e-03,-7.20190160e-02,6.61957082e-02,-2.85513405e-02,-2.25995500e-02,1.34853637e-01,9.20507147e-02,-9.92252808e-03
-1.11470724e-02,-8.46811078e-03,-4.86181922e-02,-6.65499858e-02,-3.14966095e-02,4.52692038e-03,-5.30322024e-02,5.72153297e-02,-3.46868734e-02,-2.29501833e-02,1.20602910e-01,1.09265695e-01,1.65434875e-02
3.23667563e-02,-2.34995211e-02,-2.74087105e-02,-4.99552133e-02,-3.17355751e-02,-1.76841674e-02,-3.00288554e-02,2.91593733e-02,-2.98725678e-02,-1.36580035e-02,7.94312693e-02,7.79919448e-02,1.27989049e-02
1.04384620e-01,2.69607232e-02,1.30826733e-02,-3.96273131e-02,-6.39935181e-02,-6.67016091e-02,-2.82506200e-02,-2.17324136e-02,-3.89338007e-02,-2.04570091e-02,1.72691449e-02,5.94499104e-02,5.45122549e-02
7.19560233e-02,-9.76869525e-03,1.75596885e-02,-3.70697387e-02,-7.44231448e-02,-4.12486625e-02,3.44093722e-03,-3.28985595e-02,-7.34428335e-03,4.55162396e-03,1.09257224e-02,4.23208830e-02,2.39145294e-02
5.67920493e-02,-1.01114264e-02,2.56425508e-02,-3.65872895e-02,-5.62330671e-02,-2.54788827e-02,1.61209984e-03,-6.13746650e-02,-1.34383089e-03,-3.49435355e-03,-6.31092632e-03,1.79851294e-02,2.56223612e-02
4.59065860e-02,-6.51369479e-03,6.79297127e-02,-5.09787304e-02,-6.14394547e-02,-7.81406838e-03,3.31682977e-02,-6.92658662e-02,-1.04624188e-02,1.50418932e-02,-2.09677878e-02,8.51112179e-03,3.16043030e-02
1.85322649e-02,-3.69509112e-02,6.17312899e-02,-1.54821483e-02,-3.47658620e-02,1.72678266e-02,5.70475594e-02,-5.80618644e-02,3.44997564e-03,4.40485060e-02,-2.89971376e-02,-2.25218839e-02,4.90567618e-03
1.15408208e-02,-4.50800199e-02,4.01781834e-02,3.35176024e-03,-1.43674834e-02,2.07288410e-02,2.98704955e-02,-8.01840491e-02,2.01417645e-02,3.95517170e-02,-3.17590695e-02,-3.16065515e-02,-1.54430917e-02
8.67467758e-03,2.49468345e-03,4.71730605e-02,-8.81391600e-03,-3.54367833e-02,-1.06194732e-02,1.44299067e-02,-6.31866187e-02,-2.81443730e-02,2.37070414e-02,-1.47974434e-03,-5.86710951e-03,-1.90889892e-02
-3.64660003e-03,2.37342271e-02,4.65957607e-02,-8.31596104e-03,-4.09823161e-02,-5.50174032e-03,3.78228712e-02,-2.61031413e-02,-2.17665961e-02,1.72612774e-02,9.36040362e-03,3.19239027e-03,-1.95463188e-02
-2.08712629e-04,4.51098254e-02,1.36124190e-02,3.98843451e-02,-1.20021057e-02,-9.07770893e-03,1.06220669e-02,-8.89928998e-03,3.02095822e-03,1.65473758e-02,1.98266332e-02,-5.39789690e-03,-2.70769816e-02
1.64517857e-02,5.90230252e-02,1.14701355e-02,8.65635517e-02,8.42086290e-03,-3.43511017e-02,-7.53718740e-03,-5.83224044e-03,6.54559701e-03,1.65608811e-02,-3.63171212e-03,-7.83621743e-04,-7.80516739e-03
4.31842189e-03,5.59705191e-02,6.24216024e-05,8.53832770e-02,-1.47768678e-04,-5.35421893e-02,-1.14730990e-02,7.86717879e-03,-3.42794200e-04,-4.85347009e-03,-2.37172374e-02,1.70289796e-02,-1.15943788e-02
-1.17299295e-02,4.48630642e-02,-1.91380150e-02,6.27256978e-02,-5.54333499e-03,-5.51252353e-02,-3.75039283e-02,2.20864994e-02,1.08036686e-02,-2.03858273e-02,-2.50679494e-02,3.10848179e-02,4.01899962e-04
2.34356214e-02,4.51960895e-02,-2.45503396e-02,2.34365128e-02,-1.28623958e-02,-3.97531571e-02,-3.82742443e-02,2.79458678e-02,-2.28600316e-03,-1.72882955e-02,-2.56329608e-02,1.32763351e-02,1.61590827e-02
3.07457724e-02,1.69881461e-02,-4.26149985e-03,1.78388166e-02,1.83164805e-03,-1.40739752e-02,-2.64651659e-02,3.64781814e-02,-5.70525512e-03,4.94848187e-03,-2.53876054e-02,2.09964578e-02,2.83191093e-02
1.57276368e-02,-2.37373133e-02,-2.75085439e-02,3.76716781e-02,3.36784562e-02,1.01161757e-02,-2.73166167e-02,9.96004828e-03,1.44704168e-02,1.45759255e-02,-2.47220817e-02,-2.97421863e-03,2.93086936e-02
-1.10412134e-02,-3.03533729e-02,-1.94044275e-02,2.06034396e-02,3.32184024e-02,3.70944794e-02,-6.31416427e-03,-5.46784832e-03,1.06702908e-02,1.05077264e-02,-3.09840597e-02,1.86645053e-04,3.85436624e-02
2.11319298e-04,-1.03518563e-02,-3.90966918e-03,-2.97509860e-02,1.28730205e-02,3.39820046e-02,2.78608649e-02,-1.60779827e-02,-2.19860119e-02,-2.94246268e-03,-3.19065622e-02,5.51699975e-03,3.75520927e-02
3.56001356e-03,-1.86786337e-03,-1.10920020e-02,-2.40059004e-02,3.11362614e-02,3.08008079e-02,1.19756453e-02,-4.35938614e-02,-1.71500863e-02,2.24211709e-02,-2.08367474e-02,8.17179910e-03,3.07685205e-02
1.11185212e-02,1.71979981e-02,-1.75909672e-02,2.71541602e-02,3.47835566e-02,1.68982431e-02,1.75913666e-02,-6.37337486e-02,6.83138541e-03,3.11453606e-02,-1.70823418e-02,-1.68332508e-02,3.45710798e-02
-2.20598000e-02,1.74909323e-02,-1.57849822e-02,3.82894802e-02,7.65475078e-03,4.64722472e-03,2.62533657e-02,-6.77727960e-02,1.75989348e-02,2.59608941e-02,-3.65004472e-02,-2.04122160e-02,3.22354250e-02
-5.67005399e-02,1.83398188e-02,4.63184350e-04,5.22603289e-02,1.27994729e-02,-1.72983590e-02,7.14156738e-04,-7.66075079e-02,1.14366021e-02,7.85663605e-03,-3.22121896e-02,-2.99759951e-02,2.56149903e-02
-5.84905169e-02,1.33152379e-02,1.12948132e-03,4.68371476e-02,1.00272540e-03,-1.62722938e-03,1.59437962e-02,-9.08951194e-03,2.89406940e-02,-2.86768991e-03,-3.46750828e-02,-5.40019248e-02,1.95032401e-02
-4.29394841e-02,7.46930479e-03,2.60974622e-02,-3.07237528e-03,-2.14025933e-02,-9.33841071e-03,-1.25439653e-02,-2.40020541e-02,-1.03335817e-02,-2.06944571e-02,-8.56599642e-03,-3.57022913e-02,1.15909942e-02
-8.96911648e-02,-1.95168261e-02,8.18787576e-03,-3.80324033e-02,-4.80557494e-02,-3.38716754e-02,-5.20909860e-02,-2.32632254e-02,-2.05867343e-02,-2.94730664e-02,-1.20188319e-02,-5.35822400e-02,-1.10427014e-02
-8.35215701e-02,-3.08569258e-02,1.66330313e-02,-4.84944977e-02,-2.69702679e-02,-1.77982887e-02,-6.56030826e-02,6.43680095e-03,2.93827058e-02,-4.78901224e-02,-3.16284179e-02,-6.16170498e-02,7.08982490e-03
-4.55374361e-02,-2.25422357e-02,4.66886843e-02,-4.73356758e-02,-2.02349925e-02,-4.76815500e-03,-4.15106777e-02,1.93753639e-02,6.83508036e-04,-6.54135582e-02,-4.80968499e-02,-4.97322130e-02,-1.35764805e-02
-1.51844622e-02,-8.50266641e-03,7.85067716e-02,-4.07865934e-02,-2.51960072e-03,-6.51615946e-03,-2.32237009e-02,1.86956017e-02,-1.91431951e-02,-8.94113458e-02,-6.28302869e-02,-1.95639463e-02,-1.97751215e-02
3.26621343e-03,1.76004562e-02,7.28953841e-02,-1.14733006e-03,3.87032718e-02,1.94909249e-03,5.47923279e-03,2.26654357e-02,1.93840463e-02,-6.33274446e-02,-4.86918243e-02,-2.32661192e-02,-2.94078532e-02
2.69513337e-02,3.57546503e-02,8.34754528e-02,1.99421886e-02,9.02859080e-03,3.70259780e-03,2.21578159e-02,2.78272514e-02,2.28844481e-02,-3.75536609e-02,-5.31418312e-02,-1.27561049e-02,-2.47591435e-03
2.53167879e-02,2.66774305e-02,6.76435449e-02,7.90140792e-02,5.47797442e-02,1.42111060e-02,3.82572892e-02,9.98998985e-03,-1.01828184e-02,-3.24000649e-02,-4.91906189e-02,-1.28993727e-02,-4.30939317e-03
1.61883781e-02,-6.77031811e-03,2.81385359e-02,9.55598060e-02,5.66321864e-02,1.35794982e-02,5.27892423e-02,3.29781735e-02,-8.42116346e-03,-2.95959698e-02,-5.02895461e-02,-1.42592894e-02,1.83432811e-02
3.27187404e-02,-4.13153115e-02,-1.06417987e-02,6.12232987e-02,4.17094266e-02,8.78223464e-04,2.80904442e-02,1.47354968e-02,-3.49211182e-02,-6.36780582e-03,-1.74289910e-02,8.80949670e-03,2.51638874e-02
-1.83507848e-02,-6.03937989e-02,-3.38712108e-02,2.09686177e-02,2.36422676e-02,-1.18163522e-03,-3.90165183e-04,-1.07843770e-02,-8.30822959e-02,-1.64204864e-02,3.26034891e-02,4.17706104e-02,1.23255665e-02
1.12466839e-02,-3.54903332e-02,-4.14316862e-02,-9.24121798e-03,1.35336144e-02,3.00780841e-03,-9.24680418e-03,-2.52401693e-02,-7.86324910e-02,-3.32346512e-02,6.18508023e-02,5.32109974e-02,2.61177942e-02
3.13109773e-02,-2.98743058e-02,-5.37276002e-02,-9.93728752e-03,2.42001556e-03,-3.83177135e-03,-4.29629436e-02,-3.68022648e-02,-9.48610279e-02,-2.31241269e-02,7.03452981e-02,5.12792178e-02,3.00910354e-02
3.09954037e-02,-2.64822800e-02,-2.44077125e-02,-1.77722609e-03,-2.91937080e-03,1.18277014e-02,-2.93346722e-02,-3.67205455e-02,-8.08740104e-02,-6.48663995e-02,5.79268125e-02,3.10284210e-02,1.59372144e-02
1.47852850e-02,8.89475965e-03,2.00021242e-03,-2.81968674e-02,1.15215013e-02,3.02254250e-02,-8.87667470e-03,-2.44776099e-02,-5.65999839e-02,-4.15543426e-02,8.22581351e-02,5.04740480e-02,1.02482033e-02
-2.32488364e-02,1.72099867e-02,2.53160909e-02,-5.06174326e-02,-3.54181282e-02,-1.68502703e-02,-3.24298384e-02,-5.53045920e-02,-6.21704607e-02,-4.56346152e-02,7.22817856e-02,6.78090504e-02,2.27952013e-02
-2.74655360e-02,1.72117513e-02,4.26791741e-02,-8.09027040e-03,1.27165446e-02,-1.44273682e-02,-2.22353972e-02,-4.48355235e-02,-5.99874565e-02,-3.90987333e-02,3.99678144e-02,4.22478707e-02,-3.68747430e-03
-3.17521534e-02,1.82088887e-03,2.51455430e-02,-2.35688173e-02,3.80507723e-02,-4.96974283e-03,-2.65179666e-02,-4.31904698e-02,-4.14488023e-02,-2.94512563e-02,7.77111527e-03,5.23209711e-03,-4.93161970e-04
-2.22232128e-02,-1.17536184e-02,-3.24163422e-03,-4.15306487e-02,-7.64065131e-04,-2.59462256e-02,-1.38702053e-02,1.25843581e-02,1.95530779e-02,8.42499021e-03,-2.60862186e-02,-1.80136055e-02,9.89088708e-03
-2.87342199e-02,-4.16319140e-02,1.95035750e-02,-2.58750371e-02,1.57046453e-02,-5.40688190e-02,-1.16042774e-02,4.33645828e-02,3.10567412e-02,1.23786258e-04,-5.09148878e-02,-2.39662419e-02,2.06580672e-02
-5.02783176e-03,-5.99719610e-02,-2.42128689e-02,-3.41227632e-02,1.18832508e-02,-6.37737003e-03,2.57759823e-02,2.86753433e-02,3.16539707e-02,2.90737807e-03,-6.25486473e-02,-2.39674346e-02,2.69487226e-02
-2.96819184e-02,-3.75384049e-02,-7.51354957e-02,-2.51192397e-02,2.20837787e-02,6.39602476e-02,4.69836437e-02,3.27302667e-02,4.37748780e-02,2.89802982e-02,-4.01579097e-02,-4.18856039e-02,1.18133300e-02
-3.47016946e-02,-1.89644719e-02,-8.79901537e-02,-2.66392185e-02,2.81596439e-02,1.06071741e-01,4.86297071e-02,3.20394881e-02,6.51264963e-02,4.79478069e-02,-1.11849056e-02,-6.12606394e-02,-3.50741970e-03
-3.23849305e-02,2.23593786e-02,-9.38585909e-02,-4.57237611e-02,1.85360421e-02,1.30654298e-01,4.22986172e-02,2.40896996e-02,4.25271478e-02,5.45386256e-02,7.27674283e-03,-4.91334899e-02,1.93664054e-02
-6.60907542e-02,1.38702792e-02,-1.22859986e-01,-7.97795339e-02,-1.07118685e-02,9.45967726e-02,-3.45184970e-03,-1.29078733e-02,-2.02624942e-02,2.71040423e-02,2.61830008e-02,-9.75419544e-03,1.36590837e-02
-4.34289501e-02,2.91814003e-02,-1.01496029e-01,-7.13782574e-02,-1.47854891e-02,6.76826190e-02,-2.67296782e-02,-3.29467053e-02,-4.90314967e-02,2.37344304e-02,4.53940411e-02,7.66736520e-03,9.67817166e-04
-3.81354754e-02,4.82672417e-02,-7.74424048e-02,-7.80855050e-02,1.22332090e-02,9.22892895e-02,-2.91139933e-02,-4.14493127e-02,-3.32344948e-02,4.26213722e-02,6.40511539e-02,1.11201149e-02,-1.82919214e-02
-2.03892011e-02,7.21855677e-02,-7.47551750e-02,-9.46740498e-02,-1.91916271e-02,4.69495147e-02,-4.35351003e-02,-2.47171883e-02,-7.34569495e-03,3.56274624e-02,6.99918503e-02,2.56021511e-02,-3.17388416e-02
3.23358235e-02,4.31814011e-02,3.56079035e-03,-4.70111695e-02,-3.15667497e-02,-2.24929428e-02,-5.62200673e-02,-2.85760213e-04,-7.50583864e-03,1.48468154e-02,3.93971161e-02,1.85799836e-02,-1.76660631e-02
8.07403256e-02,7.16528625e-03,1.23118006e-02,-1.78703397e-02,-1.89339540e-02,-4.41252089e-02,-5.69834624e-02,7.13534037e-03,8.72783496e-03,8.89139912e-03,6.75264594e-03,9.99586444e-03,-1.34667735e-02
2.39020855e-02,-5.71268573e-03,3.35880660e-02,3.21439105e-02,4.67539198e-03,1.62113220e-02,9.34785741e-03,1.96002577e-02,3.68557743e-02,4.44869845e-03,1.29623655e-02,-1.50247795e-02,-4.50158675e-02
2.39712817e-02,1.24562554e-02,6.02887670e-02,1.67612201e-02,-8.58470673e-03,3.08395786e-02,4.10904628e-02,9.20362012e-03,1.48822646e-02,5.00181188e-03,4.95133673e-02,-1.88133347e-02,-5.35505220e-02
3.92514318e-02,2.25100059e-02,4.45181997e-02,8.71187523e-04,-1.30802515e-02,2.90626441e-02,2.77142782e-02,-2.80579690e-02,1.63421780e-03,-1.59359550e-02,4.99836518e-02,-3.68053004e-02,-2.15547676e-02
2.54276423e-02,1.78178826e-02,3.60455695e-02,-1.39241410e-03,-1.40096306e-03,3.54422704e-02,3.37914295e-02,-4.49817471e-02,-1.59444073e-02,-2.77272913e-02,4.38182156e-02,-6.13693827e-02,-7.76449489e-03
3.53310488e-02,-2.29606300e-02,9.00757469e-03,-1.72406958e-02,-3.49210121e-02,2.38618738e-02,4.40070341e-02,-4.94625978e-02,-2.40131364e-02,-2.88005132e-02,4.19522382e-02,-5.03091369e-02,3.72906308e-03
3.65743064e-02,-1.68158321e-02,-1.42817024e-02,-5.33329111e-02,-5.09927254e-02,3.52677158e-02,3.78799197e-02,-6.84627573e-02,-1.46540563e-02,-1.68952425e-02,2.36035449e-02,-2.83574182e-02,-6.31072321e-03
-5.53594727e-03,-1.38230196e-02,-3.07782045e-02,-6.87635517e-02,-4.33166361e-02,4.28125871e-02,3.40806359e-02,-7.29040511e-02,5.55407914e-03,-5.73026774e-03,-1.79651468e-02,-1.41703580e-02,-3.21023801e-03
1.31659305e-02,-2.37557637e-02,-2.22432645e-02,-4.61073571e-02,-5.66013190e-02,2.65823521e-02,3.21810207e-02,-4.71425241e-02,1.37627121e-02,1.51007468e-02,-4.92514482e-02,1.83045199e-02,1.19352477e-02
2.58313671e-02,-4.32048252e-02,-2.39064697e-02,2.73614991e-03,-2.34553142e-02,-5.56642640e-03,-6.99813560e-03,-2.72903173e-02,3.73692507e-02,5.32854014e-02,-7.46523548e-02,2.36963353e-02,1.72590736e-02
3.66801817e-03,-5.64337460e-02,-7.64410166e-03,5.23875259e-02,2.06443793e-02,-1.11698498e-02,3.77997353e-03,1.63318496e-02,3.63485610e-02,4.53478444e-02,-1.00579352e-01,1.68349661e-02,-2.31175215e-03
-2.98254765e-03,-3.04659270e-02,2.90027955e-02,8.55541837e-02,2.23540576e-02,-3.70481251e-02,4.40180497e-02,5.14757704e-02,-1.05827437e-02,2.35935196e-02,-9.14046935e-02,1.99820446e-02,-1.96689960e-02
1.49408876e-02,-3.95445632e-03,3.40726307e-02,1.23635007e-01,3.67735958e-03,-9.23812348e-02,3.31203393e-02,7.20165968e-02,-2.20367633e-03,2.40254296e-02,-9.16839027e-02,-1.99192988e-03,-5.19767935e-03
2.38416381e-02,3.07436499e-02,5.17583252e-02,1.58575751e-01,2.09286860e-02,-1.13786864e-01,3.58740851e-02,8.20447164e-02,1.95508800e-03,2.79482258e-03,-9.75272973e-02,-4.22910333e-02,1.94927609e-02
2.24071503e-02,8.00572952e-03,3.23684125e-02,1.41025097e-01,1.78319533e-02,-1.05341261e-01,3.59612151e-02,8.34749247e-02,1.18422036e-02,-2.50771014e-02,-8.24261510e-02,-6.48786343e-02,1.62586782e-02
5.67216328e-02,1.14841801e-02,-1.32307779e-02,9.20588731e-02,-1.80670611e-02,-1.10295943e-01,1.72020318e-02,6.98557244e-02,4.83091834e-02,-1.70031474e-02,-4.47764578e-02,-5.75976333e-02,6.23019102e-03
4.45036935e-02,1.57140523e-02,1.04023161e-02,7.82061724e-02,-7.21843293e-03,-8.97046962e-02,9.78590279e-03,5.10773375e-02,6.25441525e-02,-1.52351707e-02,-3.32631985e-02,-5.74032397e-02,4.30495713e-03
3.80619939e-02,2.15464755e-02,9.37980429e-03,4.05141427e-02,-2.60376088e-02,-7.08016649e-02,1.19223755e-02,3.68129671e-02,7.45015499e-02,-1.56126809e-02,-2.42310086e-02,-3.37251916e-02,2.07999821e-02
3.87914004e-02,1.82037649e-02,4.49622355e-03,1.36150602e-02,-5.15887274e-02,-6.34382618e-02,-9.82161276e-03,-1.41634795e-04,6.90747516e-02,9.98731802e-03,6.28722988e-03,1.37360277e-02,3.61576674e-02
5.85689124e-02,-1.52006576e-02,-3.78060731e-02,-2.24757333e-02,-5.36130434e-03,-1.38029442e-02,-1.19002898e-02,-1.36951197e-02,2.37734001e-02,2.04137912e-02,2.91852363e-02,1.85895396e-02,2.50840783e-02
1.55400525e-03,3.54822774e-03,-3.75767570e-02,-6.40442987e-02,3.23960430e-02,4.02080973e-02,4.12970520e-02,-1.97980208e-02,-1.17034694e-02,1.95279313e-02,5.97334146e-02,8.12432239e-04,-2.01235619e-02
-2.96103197e-02,-2.59891735e-03,-5.93717181e-02,-4.76500364e-02,1.59305524e-02,1.05430056e-02,8.67922912e-02,1.54739946e-02,-4.73601529e-02,5.51227345e-02,1.49176238e-02,-3.70338255e-02,-1.81525886e-02
-2.40656693e-02,2.20869818e-02,-3.87160149e-02,-2.64532601e-02,1.10699962e-02,-2.01606131e-03,8.91347739e-02,1.89009469e-02,-3.90909085e-02,8.40028241e-02,-4.63738735e-02,-6.10136848e-02,-4.57183690e-03
-2.35076859e-02,-1.46379264e-02,-6.17856991e-02,-4.04831216e-02,-1.80823083e-02,6.19602606e-03,6.74515222e-02,-2.01378736e-02,-4.32288179e-02,4.78399720e-02,-9.35888302e-02,-8.43683521e-02,-6.19883425e-03
2.94727516e-04,-3.78741218e-03,-5.17509027e-02,-4.73137960e-02,-5.76534049e-02,1.34943113e-02,8.52280630e-02,-1.13226761e-02,2.68971025e-03,6.80452776e-02,-1.02435496e-01,-9.23744004e-02,2.44952860e-03
1.27778418e-02,5.87604550e-03,1.86400423e-02,-2.14277760e-02,-6.65981370e-02,-3.93009116e-04,6.02365530e-02,1.26434686e-02,3.55442266e-02,3.60713018e-02,-1.17530482e-01,-9.74704134e-02,6.79525786e-03
-1.37562446e-02,-7.65350153e-03,6.12600085e-02,2.48949978e-03,-5.65475879e-02,2.95208780e-02,3.36487947e-02,7.02122596e-03,5.98647665e-02,-8.82861129e-03,-1.24239653e-01,-1.03299950e-01,9.61687720e-03
-3.13064597e-03,-5.00654571e-03,1.14681007e-01,4.32407949e-02,-5.92208914e-02,2.56715227e-02,1.83833093e-02,1.79276363e-02,7.10231686e-02,-5.48666277e-02,-1.24126860e-01,-4.93110414e-02,1.86498356e-02
2.59760662e-02,-2.85534817e-02,8.49039259e-02,5.37533317e-02,-3.85037081e-02,3.90287279e-02,-4.26227043e-02,2.37642083e-03,7.44512911e-02,-7.24893004e-02,-6.24227671e-02,-1.80502156e-02,2.79610985e-02
-2.25760022e-03,-1.07573871e-02,6.42687060e-02,4.32628301e-02,-1.81568245e-03,4.86727571e-02,-6.50388974e-02,9.77997702e-03,7.86530498e-02,-8.70845775e-02,-3.62813990e-03,-1.04549591e-02,1.63891179e-02
-3.83407760e-02,-2.73252531e-02,2.42878113e-02,4.86672224e-02,5.07390664e-02,4.08951900e-02,-4.10659105e-02,4.12019982e-02,2.59952293e-02,-6.72877310e-02,2.19231907e-02,-2.81030492e-02,-1.34596150e-03
-7.01874247e-02,-1.89664641e-02,3.38288867e-02,5.73774313e-02,8.31448046e-02,3.49336123e-02,-6.20252491e-02,4.09435090e-02,2.73734163e-02,-2.77270844e-02,2.33147824e-02,-3.82175823e-02,-1.94721784e-02
-6.60979931e-02,-5.09631646e-02,-3.35649003e-02,1.87659641e-02,7.31671915e-02,1.74099140e-02,-1.02463440e-01,-8.72064567e-03,2.32945479e-03,-2.56452193e-02,2.59575422e-02,-2.22940158e-02,-2.59601769e-02
-6.61697325e-02,-7.16624426e-02,-8.57806986e-02,-3.18232301e-02,3.29702090e-02,-2.12794112e-02,-1.12570681e-01,-3.53028020e-02,-2.14091222e-02,-3.35646186e-03,3.97788872e-02,1.70744991e-02,-6.48140091e-03
-3.76627763e-02,-3.39827353e-02,-5.16980528e-02,-4.48211319e-02,7.67911834e-03,-4.14894241e-02,-1.48413258e-01,-5.85589636e-02,-3.46076039e-02,-3.88576111e-03,2.48548171e-02,2.30604825e-02,-8.81012439e-03
-4.46857759e-02,-3.08707984e-02,-3.01067504e-02,-4.79928750e-02,3.03065007e-02,-2.25869844e-02,-1.35983365e-01,-6.18767972e-02,-3.75441664e-02,-2.96734506e-02,1.05263725e-02,3.36986075e-02,-3.29046814e-02
-2.46668247e-02,-2.16238828e-02,-9.23079945e-03,-5.70243308e-02,4.57753826e-02,-9.07668823e-03,-8.41350881e-02,-3.33305672e-02,-2.89583088e-02,-4.62466224e-02,-9.88758093e-03,4.14891407e-02,-4.11732596e-02
2.34745047e-03,1.12793212e-02,5.42961322e-03,-5.45743726e-02,3.56484835e-02,3.03284324e-03,-7.38126906e-02,-2.25676789e-02,-3.56697209e-03,-5.10606098e-02,-2.07505241e-03,3.70840244e-02,-4.00397252e-02
3.20558792e-02,4.01870266e-02,-1.22945579e-02,-4.86994725e-02,1.80825157e-02,-2.85377946e-02,-4.54290370e-02,2.00770192e-02,2.70349666e-02,-3.91501485e-02,2.60043856e-03,6.30931784e-02,-2.00613954e-02
4.22393178e-02,3.97095924e-02,-1.96335643e-02,-5.81694222e-02,1.27338152e-02,-1.00662249e-02,-3.09297282e-03,2.21642493e-02,1.65936555e-02,7.20388121e-03,1.68861592e-02,2.88950313e-02,-2.07544891e-02
1.82593306e-02,3.05448300e-02,1.58993357e-02,-4.09102625e-02,4.85784166e-03,-2.62711299e-02,1.89711681e-02,2.93573459e-02,5.57148023e-03,1.73089085e-02,1.26869202e-03,6.49613477e-03,-1.83674967e-02
3.24739116e-02,4.63201351e-02,4.23039999e-03,-5.90501538e-02,6.73752476e-03,-1.18815290e-02,3.41476693e-02,2.18913462e-02,-7.32905366e-03,1.50569093e-02,5.38468292e-03,-9.21918295e-03,-1.96196861e-02
2.52376430e-02,1.88685194e-03,-4.15195283e-02,-7.93849348e-02,-2.57941450e-02,-2.87715728e-02,2.55251453e-02,-4.41924998e-03,-3.60626530e-02,1.92166049e-02,-1.17388720e-03,1.30243361e-02,-3.39020229e-04
1.91683916e-02,-3.23115506e-03,-3.01490246e-02,-5.65232328e-02,-4.90032605e-02,-1.85676632e-02,1.98927606e-02,-3.90896869e-02,-5.25461161e-02,2.74545401e-02,-7.85815836e-03,1.76521662e-02,-3.45205000e-03
-5.02843525e-03,-4.48536307e-02,-3.63689756e-02,-2.80669602e-02,-5.76751862e-02,-1.42846018e-02,4.55714064e-03,-4.70644624e-02,-4.72714730e-02,2.56253775e-02,4.52881717e-03,4.28031725e-02,6.19872263e-03
-4.85455841e-02,-7.97917648e-02,-6.60117008e-02,-6.43915397e-02,-7.78661739e-02,-1.64205437e-02,6.92736697e-03,-6.02349726e-02,-6.04793615e-02,3.23890914e-02,1.31841745e-02,6.36043967e-02,2.99284813e-02
-7.82144810e-02,-7.93076181e-02,-5.01339234e-02,-4.01837257e-02,-6.76428971e-02,1.12444087e-02,3.66286800e-02,-3.63060677e-02,-4.81683892e-02,1.09100874e-02,1.72980761e-02,5.74317932e-02,4.44921858e-02
-7.97756123e-02,-6.31678930e-02,-6.30866802e-02,-3.92793111e-02,-5.95011433e-02,2.58311504e-04,3.08487399e-02,-1.43592124e-02,-2.56607083e-02,5.60649506e-03,1.72758502e-02,7.49502895e-02,4.58236354e-02
-1.15874413e-01,-4.85803868e-02,-5.10943517e-02,-3.27519628e-02,-5.00701586e-02,-1.26312022e-02,1.32988434e-02,-1.35194177e-02,-3.40064949e-02,4.30161453e-03,1.03741196e-03,3.40261867e-02,1.32366527e-02
-1.19318091e-01,-5.31614935e-03,-3.52139100e-02,2.85136284e-02,-9.91497485e-03,-8.96455178e-03,-3.86658371e-03,1.69504637e-02,-7.29404503e-03,-3.44484924e-03,4.88216485e-03,3.54167422e-02,1.75509412e-02
-1.16695395e-01,2.27637578e-02,-3.90250949e-02,1.47028871e-02,1.71103597e-02,3.35060629e-02,-1.41612552e-02,5.18864814e-03,-2.71512355e-02,-4.27156735e-03,4.10369905e-02,1.49955398e-02,1.59650105e-02
-6.11046971e-02,3.82511178e-02,-4.19830724e-02,1.14140647e-02,4.33000552e-02,3.03925403e-02,-3.89964863e-02,8.01709630e-03,-2.99512766e-02,-5.86216084e-03,3.27330616e-02,-4.86382449e-04,2.25653191e-02
-3.69770212e-02,4.74285887e-02,-2.35948399e-02,2.60081698e-02,6.43898160e-02,6.12104260e-02,-2.87596158e-02,3.83714128e-02,-1.01434261e-02,4.08765531e-03,4.22092876e-02,-4.46180883e-03,1.99648184e-02
8.16092002e-03,3.89246697e-02,-2.78723354e-02,3.77323274e-02,5.44788009e-02,6.52180667e-02,-5.68663948e-02,3.18525720e-02,2.31483244e-02,3.42849763e-02,8.24341403e-02,1.06359596e-02,3.63667556e-02
2.25472818e-02,1.40290284e-02,-2.87431072e-02,1.06685666e-02,2.18597834e-02,6.13174636e-02,-5.35119423e-02,3.73528577e-02,4.27660620e-02,6.49754967e-02,1.10579133e-01,5.00387860e-02,5.59308671e-02
4.20261878e-02,-1.75872892e-02,-2.08181395e-02,-1.14484949e-02,1.23686963e-02,7.49843996e-02,-1.65429987e-02,5.64349687e-02,6.55350010e-02,5.96868899e-02,1.18324168e-01,5.70004311e-02,5.78479909e-02
8.29062639e-02,-4.20069109e-02,-1.41805372e-02,-5.74887330e-02,-2.06849980e-02,5.54610532e-02,-2.57090375e-02,3.94472006e-02,5.18227397e-02,4.79217928e-02,9.81972710e-02,5.07780935e-02,5.78355444e-02
6.54815318e-02,-5.86448143e-02,2.11541058e-02,-7.16865166e-02,-3.73055287e-02,8.17141937e-03,-3.17380604e-02,2.10965593e-02,4.99084936e-02,4.08291342e-02,6.52819924e-02,3.30955916e-02,3.01873862e-02
8.04325251e-02,-4.32281406e-02,4.13263218e-02,-7.65397631e-03,-3.39747899e-02,-1.52008710e-02,-3.08015032e-02,2.28213635e-02,6.73207488e-02,2.79889933e-02,4.76805563e-02,3.67020431e-02,1.47379070e-02
4.53598572e-02,-4.91831384e-02,2.07247220e-02,-1.86409996e-02,-5.09011761e-02,-9.32423258e-03,-9.46859977e-03,-1.83886017e-02,1.69937447e-02,2.22867701e-02,4.07578543e-02,1.69176960e-02,3.71341582e-03
4.61824870e-02,-3.42820703e-02,5.73228888e-03,-9.03562259e-03,-3.62429812e-02,-3.24581296e-02,-7.79850643e-03,-1.94480581e-02,2.84974180e-03,-1.15368822e-02,1.66716140e-02,1.44345646e-02,1.33964666e-02
1.36704394e-02,-2.13317227e-02,1.20728318e-03,-1.22752755e-02,-2.81442475e-02,-3.70439226e-02,-4.60686097e-03,-2.46050879e-02,-1.13453598e-02,-2.70647111e-02,3.40847070e-03,-1.42360597e-02,6.86153765e-03
1.33039589e-02,1.09016540e-04,9.35313456e-03,1.13945156e-02,-8.38683227e-03,-5.80614097e-02,-1.77885042e-02,-6.18723365e-02,-1.67629870e-02,-3.24114556e-02,-1.28985560e-02,-1.28809130e-02,9.73258568e-03
3.45276717e-02,3.21134342e-02,1.45321458e-02,2.30216371e-02,3.32855659e-03,-3.30155848e-02,1.18457673e-02,-5.82435835e-02,9.28654800e-03,-2.06243050e-02,-1.36700341e-02,-1.97440587e-04,5.30172022e-03
4.87940052e-02,4.79684880e-02,2.27940608e-02,3.36748379e-02,7.33845509e-03,-1.82204614e-02,3.88683640e-02,-3.98679189e-02,3.50121312e-02,-2.63803683e-02,-2.63169905e-02,8.80162311e-03,-6.59611247e-03
2.75037624e-02,3.76826801e-02,1.43966466e-02,8.32394054e-03,-1.08407895e-02,-1.58061666e-02,3.61921981e-02,-4.00617581e-02,3.31255101e-02,-2.76763479e-02,-4.57201439e-02,2.98246512e-03,-3.17755060e-02
-7.49496366e-03,3.27570561e-02,1.38435712e-02,9.36283524e-04,-1.89814028e-02,-2.03013773e-02,1.69365057e-02,-2.98849418e-02,3.98166023e-02,-7.55388147e-03,-2.58495056e-02,2.65261167e-02,-1.86130201e-02
6.46112689e-03,4.92271583e-02,1.98722295e-02,2.04756818e-02,-1.51546611e-02,-1.83061085e-03,2.61652487e-02,-2.50423146e-03,3.36450359e-02,2.75699875e-02,-1.23350251e-02,2.83268574e-02,-8.63111125e-03
9.79910769e-04,5.22229204e-02,-2.09385912e-03,2.14536685e-02,-3.16038265e-02,-8.22096480e-03,3.38523605e-02,1.04485618e-02,6.09415839e-04,4.31332144e-02,-1.10026225e-02,2.04837295e-02,2.79892546e-03
7.10330977e-03,7.25554704e-02,-1.23684735e-02,2.38695928e-02,-8.39414136e-03,-2.16530362e-03,2.79022201e-02,4.93270292e-02,-1.73109284e-03,4.12460064e-02,-1.43952733e-02,3.29989003e-02,4.08055630e-03
-4.07388321e-03,7.94252609e-02,1.87520056e-03,2.27978629e-02,-1.00077153e-02,7.47209482e-03,2.00190444e-02,4.21534199e-02,-5.01614790e-02,3.33294631e-02,-1.25066490e-02,1.39286372e-02,6.23042684e-03
-1.97365416e-02,7.68046540e-02,4.07908635e-02,3.38347678e-02,1.13115339e-03,-1.22283733e-04,2.29703224e-02,3.47497767e-02,-7.25300073e-02,1.40488062e-02,-3.44303251e-02,1.40840646e-02,3.64798819e-03
-1.99257966e-02,7.01387875e-02,3.05480788e-02,3.13143676e-02,1.50360446e-02,1.01941108e-02,4.43973988e-02,1.55526159e-02,-7.54781061e-02,1.98448188e-02,-4.30616395e-02,2.37571150e-02,2.06069808e-03
3.57793757e-04,6.06924369e-02,2.60918431e-02,4.13810700e-02,2.26701342e-02,1.15058865e-02,5.11853051e-02,-6.66712142e-03,-6.33948564e-02,6.30605785e-03,-4.77017533e-02,2.85880750e-02,1.49656390e-02
-2.69347423e-02,4.07803934e-02,1.50989437e-02,4.22925444e-04,1.43662307e-02,-9.49208854e-03,3.38887042e-02,-4.36537798e-02,-5.51590165e-02,2.43721556e-03,-3.19839690e-02,3.66625646e-02,-3.41340720e-03
-4.80633594e-02,8.28666599e-03,2.35557599e-02,1.18682883e-03,2.10716409e-02,-2.55343865e-02,1.86110573e-02,-3.70287493e-02,-1.40444554e-02,-1.03164322e-03,1.11602605e-02,6.50650308e-02,-1.28613493e-02
-1.74815073e-02,-1.73040862e-04,1.04441272e-02,-2.14594810e-03,1.37121950e-02,-1.49744444e-02,3.18528728e-02,-5.12520086e-02,2.03111052e-02,9.17659567e-03,3.08039053e-02,3.49691088e-02,-2.58902985e-02
-2.15493830e-03,-3.83106733e-02,-1.12478893e-03,6.91983459e-03,1.30844334e-02,-3.09134464e-02,1.28218161e-02,-4.12459263e-02,8.35385346e-03,-1.03149324e-03,6.78796457e-02,1.70356921e-02,-1.53714640e-02
7.65787840e-03,-4.74486350e-02,1.15187289e-02,3.29822605e-02,4.62609783e-02,-2.13658997e-02,-1.00445812e-02,-1.78059565e-02,-1.87169962e-02,1.00459397e-03,8.74555125e-02,-1.92005531e-02,-2.65025015e-02
1.40760548e-02,-1.92813463e-02,6.27953762e-02,4.90947864e-02,5.06970395e-02,-7.38067590e-04,-2.09873051e-02,-9.93014267e-03,-3.63433586e-02,-5.50923635e-03,1.10285532e-01,-5.35779097e-02,-5.04172827e-02
2.83167226e-02,4.96121792e-03,1.01489948e-01,3.26615032e-02,4.47174073e-02,1.86918589e-02,-1.13216232e-02,1.50815309e-02,-3.66120888e-02,-3.55008871e-02,6.77120980e-02,-6.79617048e-02,-6.32283475e-02
-3.48760884e-02,-1.52861477e-02,1.26831917e-01,1.16392079e-01,8.00889041e-02,5.40018397e-02,1.26667860e-02,6.00530700e-02,-2.85789103e-02,-2.36799625e-02,2.07397076e-02,-6.84926405e-02,-9.25293244e-02
-1.38211960e-02,2.26587393e-02,1.25449520e-01,1.27307551e-01,3.59225512e-02,2.89941668e-02,2.89551136e-02,6.20765902e-02,-9.11361432e-03,-3.73407665e-02,-1.67122404e-02,-5.54997760e-02,-8.01101938e-02
-3.27297709e-02,4.14564693e-02,1.22950493e-01,1.09385033e-01,3.18522016e-02,2.07117116e-02,1.28937031e-02,2.59882881e-02,-2.91044072e-02,-6.13469198e-02,-3.24258175e-02,-3.80134204e-02,-6.04675797e-02
-6.26242661e-02,5.70569595e-02,1.37503711e-01,5.80870324e-02,1.84506417e-02,2.19387862e-02,2.84782042e-02,5.01250210e-02,-4.75835802e-03,-6.55609241e-02,-3.49900394e-02,-2.12939149e-02,-4.82625007e-02
-4.30999486e-03,6.46504064e-02,1.12366532e-01,1.67609428e-02,-2.77588937e-02,-1.34746840e-03,2.55660988e-02,4.37674425e-02,3.83590240e-02,-3.99772498e-02,-7.05051306e-02,-9.90586863e-03,-4.69649840e-02
3.74292826e-02,6.36095446e-02,7.11402409e-02,-6.32672216e-03,-3.71324505e-02,-7.31865412e-03,2.21236951e-02,4.27624687e-02,7.42098198e-03,-5.69349403e-02,-4.46187802e-02,2.00805061e-02,-2.05107005e-02
5.34406195e-02,3.82064542e-02,3.11282181e-02,-1.07410856e-02,-2.60875441e-02,8.25637620e-03,1.42056722e-02,2.44157326e-02,-3.99810283e-02,-3.16297042e-02,-2.16039607e-02,9.84667911e-03,-3.64726130e-03
4.65159174e-02,4.63390388e-02,1.68946399e-02,-3.20119497e-02,-3.21905558e-02,9.78395271e-03,-1.03161767e-02,-2.59874509e-02,-5.44987286e-02,-3.75570261e-03,2.32827603e-02,1.43526544e-03,1.09482256e-02
9.77982971e-02,5.37220294e-02,-2.38275336e-02,-7.94768337e-02,-4.31412627e-02,6.87625631e-03,-2.53014580e-02,-3.81549503e-02,-5.29494229e-02,-5.39968733e-03,1.28460109e-02,1.28568471e-02,3.94559401e-02
8.91330773e-02,4.03428706e-02,-2.34893832e-02,-2.14474519e-02,8.78380964e-03,3.93881217e-02,-1.68974719e-02,-2.55010269e-02,-5.64587429e-02,3.84463721e-02,9.17148424e-03,-6.61750636e-03,2.46762710e-02
1.07802398e-01,4.98285527e-02,-1.74193662e-02,1.00567547e-02,1.61156898e-03,1.89085451e-02,-9.14711217e-03,-1.59490461e-02,-1.58058268e-02,5.73811247e-02,-2.10019795e-03,-1.26603959e-02,2.93607648e-02
1.08583700e-01,2.56917977e-02,-2.40757221e-02,2.77827783e-02,2.93989658e-02,3.70188390e-02,-4.08736867e-04,-3.19503382e-02,6.21728083e-03,5.06626264e-02,4.91619122e-03,-2.04883484e-02,3.38086346e-02
5.35669380e-02,1.24351371e-02,-2.68690403e-02,-2.04618833e-02,1.74093621e-02,3.96262814e-02,3.45555703e-03,-4.10077297e-02,2.84203739e-02,4.29242872e-02,2.07341145e-03,-3.43299498e-02,4.53257738e-02
3.41532129e-02,-2.60999502e-02,-1.50040826e-02,-3.67490181e-02,-1.07697676e-02,-1.92569203e-02,-2.94903237e-02,-1.31659803e-02,5.76128702e-02,3.44807395e-02,-1.94547263e-02,-2.85472732e-02,3.84672148e-02
-1.22620254e-03,-3.50062244e-02,-4.05233148e-03,-4.74174875e-02,-1.26466116e-02,-3.93484383e-02,-3.17941254e-02,1.76983365e-02,1.57028689e-02,-2.24552529e-02,-2.17997791e-02,4.32242332e-03,2.46095643e-02
5.38456206e-03,-8.16358350e-02,-9.01482852e-03,-6.29513576e-02,-1.81791657e-02,-2.46464556e-02,-2.00227629e-02,3.77656573e-02,-1.44309924e-03,-2.68259569e-02,-2.70074303e-02,2.09915299e-02,4.44801024e-04
-3.24520575e-02,-1.04003604e-01,1.16408980e-02,-5.76280221e-02,5.00966877e-03,-1.46807097e-02,-3.00248744e-02,1.72662502e-02,-1.10094869e-02,-8.58928625e-03,-1.05087283e-02,3.36838673e-02,-1.00589723e-02
-3.15965121e-02,-9.78181972e-02,1.73564404e-02,-2.73561450e-02,7.82948066e-03,-9.74974743e-03,-1.36544780e-02,1.02537899e-02,-1.88808821e-03,-8.21041605e-04,-2.77606010e-02,3.32712770e-02,-2.80148213e-02
7.87675918e-05,-5.84820988e-02,2.19212554e-02,-2.53063235e-03,3.54061573e-02,2.18879253e-02,1.64161125e-02,3.29739400e-03,-2.04106210e-02,1.31629375e-03,-1.09836878e-02,2.13096810e-02,-3.31850280e-02
1.21492183e-02,-4.39864539e-02,2.79116735e-02,4.52480752e-02,9.33451017e-02,7.16631881e-02,4.57063681e-02,1.09965187e-03,-1.75043243e-02,1.42818709e-02,-9.86879721e-03,1.29126164e-02,-3.98215036e-02
4.22405119e-02,-1.95003576e-02,4.64179086e-03,6.99288474e-02,1.06522598e-01,1.02344638e-01,8.88008967e-02,1.10346464e-03,1.15470805e-02,3.44156426e-02,-2.51746395e-03,-1.01391807e-02,-2.13048442e-02
3.83260550e-02,3.45532899e-02,-5.22757112e-02,6.72691071e-02,1.01791497e-01,1.10343642e-01,1.03440963e-01,-2.06998625e-02,4.47918513e-02,4.89439810e-02,3.82658460e-03,-1.54845631e-02,-1.35770287e-03
3.32210366e-02,6.33544828e-02,-7.59312389e-02,5.18296846e-02,6.12052170e-02,7.43480239e-02,6.47280301e-02,-1.09515496e-02,4.45179116e-02,2.50507066e-02,1.90955659e-02,-2.20287012e-02,1.00098316e-02
-3.57665884e-03,8.02465688e-02,-8.61805587e-02,9.79178756e-03,1.46566887e-02,3.42803073e-02,7.57718443e-03,-1.13565582e-02,2.15875941e-02,-4.69268042e-04,2.07402550e-02,-2.49868256e-02,1.08416137e-02
-2.42998988e-02,2.10363155e-02,-1.10165616e-01,-3.94830612e-02,-5.31105955e-02,1.71320154e-02,-2.75371430e-02,1.95199949e-03,-6.52234171e-03,-1.64404914e-02,1.50824207e-02,-8.97984663e-03,2.31798324e-02
-5.86688041e-02,-6.96659788e-03,-8.98871979e-02,-6.17536258e-02,-6.36066884e-02,6.25191355e-03,-8.21476868e-02,-1.48540953e-02,-3.40056665e-02,-2.31826643e-02,3.78286570e-02,2.73168383e-02,4.39759481e-02
-4.56017003e-02,-2.04214946e-02,-7.95551820e-02,-7.44511753e-02,-7.36409968e-02,-1.29919236e-02,-9.14197690e-02,5.63621893e-04,-2.01985668e-02,-2.21894216e-03,3.38340955e-02,2.37529469e-02,2.36973457e-02
-1.00144487e-02,-1.03272250e-02,-4.52029358e-02,-7.04322042e-02,-6.01004636e-02,-9.39198540e-03,-9.11677761e-02,9.09195380e-03,-3.09283142e-02,1.88786016e-03,4.90962123e-02,1.03490158e-02,1.01323507e-02
6.16899737e-03,-2.44652834e-02,-1.13688267e-02,-4.86961565e-02,-1.33745314e-02,1.36920778e-02,-6.21303980e-02,1.42505482e-02,-3.22637488e-02,3.45291072e-03,5.93261390e-02,1.92875232e-02,-5.48409218e-03
5.90972956e-02,-2.90106782e-02,1.06533290e-02,-7.61789015e-05,-2.42724216e-03,1.96007434e-02,-2.75953772e-02,1.51070184e-02,-1.30160350e-03,2.83475416e-02,4.11797535e-02,3.12335708e-02,6.49713858e-03
1.10052621e-02,-1.90357721e-02,2.91705778e-02,4.66010267e-02,4.47523343e-02,3.76173912e-02,2.87799381e-02,6.32974299e-03,4.14161581e-02,5.10865163e-02,4.51650060e-02,2.58401726e-02,-8.22152053e-03
2.94318476e-02,8.27316153e-03,2.35712169e-02,5.81000620e-02,4.26313095e-02,2.19593203e-02,5.24096138e-02,-4.70601859e-03,4.36514070e-02,3.63869984e-02,3.70526387e-02,1.05062911e-02,-1.35614534e-02
5.81228242e-02,3.31379785e-02,1.07911798e-02,2.69291981e-02,2.01791624e-02,-1.64141838e-02,3.32497850e-02,-2.35349828e-02,4.10864732e-02,1.94621800e-02,1.82546335e-02,-4.90531072e-03,-1.84771083e-02
1.66201297e-02,2.44172999e-03,-7.65192853e-03,1.80828567e-02,-3.95061613e-03,-2.83561953e-02,3.73564460e-02,-3.01648258e-02,2.27864653e-02,-1.85525893e-02,-8.78359504e-04,-1.48563907e-02,-1.73851821e-02
-2.50003119e-02,-2.81843928e-02,-1.83962977e-02,-1.44400255e-02,-3.88660642e-02,-5.28105996e-02,-7.72041601e-03,-7.40036207e-02,8.60194795e-03,-4.01370385e-02,-2.39992740e-04,3.55029191e-03,1.83971797e-02
-2.81270489e-02,-4.55642201e-02,-2.61708942e-02,-4.50007221e-02,-5.82946045e-02,-5.70525859e-02,-2.24909613e-02,-7.35300582e-02,-1.12596795e-03,-5.08701757e-02,8.41467694e-03,2.67676623e-02,2.53965817e-02
-1.72842200e-02,-3.41104889e-02,-1.00363529e-02,-3.70531487e-02,-5.40394391e-02,-2.74040239e-02,-1.88223928e-02,-6.26110849e-02,-4.52240553e-03,-6.03908761e-02,2.51156160e-03,-3.92534834e-03,2.76181107e-03
1.89319620e-02,-1.40337256e-02,3.14612864e-03,-3.32135440e-02,-5.59035326e-02,-3.44648688e-02,-2.30807962e-02,-1.80347243e-02,-1.74406255e-03,-6.02068202e-02,-2.05320637e-02,8.20177683e-03,-6.37722851e-03
6.80744165e-02,2.29837811e-03,1.77713624e-02,-1.12945952e-02,-7.53510440e-02,-1.02623857e-02,-3.49475452e-02,2.12723710e-02,8.45542542e-03,-3.09179969e-02,-4.20648420e-02,1.97049489e-02,1.77909507e-03
6.36243308e-04,-2.83716236e-03,5.35934448e-02,1.55051417e-02,-2.79927469e-02,3.98370280e-02,5.93005855e-03,6.25977226e-02,2.60319815e-02,2.48241348e-02,-2.80143847e-02,1.76416754e-02,-1.08380346e-02
2.09280688e-02,9.86387218e-03,6.11129295e-02,3.43927518e-02,-1.36200658e-02,3.68772165e-02,1.53354024e-03,6.50480705e-02,3.62639816e-02,5.99103728e-02,-2.61662586e-02,-4.47555146e-03,-9.17652275e-03
3.98596452e-02,8.09504881e-03,5.06635596e-02,3.73478529e-02,3.80736075e-02,3.33171687e-02,1.26462950e-02,6.57688731e-02,5.36543391e-03,6.07314203e-02,-4.91836145e-02,-1.74154989e-02,-2.58427674e-02
3.80615155e-02,2.57148884e-02,3.39282037e-02,4.21369587e-02,6.46469712e-02,2.78977848e-02,3.37392402e-02,7.64008180e-02,-1.55418749e-02,3.76506196e-02,-4.21953155e-02,-4.55025015e-02,-2.34202834e-02
1.44351216e-02,2.50231449e-02,6.57810514e-03,3.14096154e-03,5.18691846e-02,-1.46764952e-02,3.64443051e-02,5.36982755e-02,-1.66351166e-02,3.77733111e-02,-1.79012350e-02,-5.02502345e-02,-1.78559816e-02
-3.84243231e-02,-2.37728391e-02,-3.10442689e-02,-2.82422998e-02,1.76860891e-02,-5.45291302e-02,2.55158217e-02,-5.11575041e-03,-2.64646300e-02,4.08039585e-02,1.47677823e-02,-4.91311895e-02,-9.51279942e-03
-5.00164394e-02,-1.07148029e-03,-1.53863774e-02,-1.88280558e-02,1.56301231e-02,-4.66829674e-02,2.60249113e-02,-4.14588959e-02,-1.60164114e-02,-1.45630005e-02,1.35405019e-02,-6.75347517e-02,-2.18188043e-02
-1.27262581e-02,8.83509086e-03,3.55486166e-03,2.50412452e-03,4.35236165e-03,-8.14808603e-02,-5.94197373e-03,-2.50954518e-02,5.61386440e-03,-6.05059821e-02,-2.91453796e-02,-6.38623976e-02,-6.61928159e-03
3.13254778e-03,1.49127745e-02,3.15816878e-02,2.46082123e-02,-1.49797956e-02,-4.15169451e-02,2.19686559e-02,-1.47890134e-02,-1.42460586e-02,-6.99694110e-02,-1.86805857e-02,-4.22767369e-02,-1.42980209e-02
-2.53988166e-02,4.21130083e-03,5.70028211e-02,5.90518788e-02,2.39008159e-02,1.21608660e-02,3.94716722e-02,-2.05372653e-04,-2.01043199e-02,-6.78101830e-02,-1.78734659e-02,-2.40829909e-02,-1.66969830e-02
-3.87465625e-03,2.52374949e-02,3.50048028e-02,6.68686457e-02,1.67182360e-02,3.01109520e-02,5.19614288e-02,-8.97797413e-03,6.60607608e-03,-5.01877591e-02,-1.63059019e-02,-6.18228421e-03,-9.40976330e-03
-1.30700224e-02,2.37506193e-02,2.04576416e-02,8.89224147e-02,7.50875684e-02,2.32813403e-02,8.70158280e-02,9.83687821e-03,-5.04011677e-03,-4.82014690e-02,-6.84440407e-02,-2.13169422e-02,-4.79185666e-04
-2.03233363e-02,2.78475566e-02,-7.02519562e-03,8.92586258e-02,9.78056735e-02,-1.53557454e-02,1.04378690e-01,5.20432971e-02,5.45454233e-03,-4.60755553e-02,-8.49189860e-02,-2.58773692e-02,3.37073127e-02
-5.16134809e-02,6.08429447e-02,-4.41381125e-02,2.45402892e-02,8.33677881e-02,-5.07040469e-02,1.30797803e-01,7.92002217e-02,2.45789464e-02,-7.03015707e-02,-7.93937346e-02,2.63644582e-02,5.55474938e-02
-1.05908401e-01,2.02373700e-02,-1.02153213e-01,-3.74408008e-02,3.36896866e-02,-8.03376871e-02,9.55588933e-02,4.41194671e-02,5.44022588e-02,-4.57392792e-02,-9.07483375e-02,9.20783477e-03,8.27698301e-02
-1.40314746e-01,1.24869816e-02,-1.11298048e-01,-8.97128306e-02,2.59229571e-03,-7.72115791e-02,9.40030072e-02,2.80314936e-02,8.40610116e-02,-4.55575268e-02,-9.45968514e-02,5.52765795e-03,8.09570875e-02
-1.30654432e-01,-2.58333959e-02,-1.08256815e-01,-8.46915992e-02,5.32913836e-03,-6.30137155e-02,7.45555873e-02,4.66333320e-02,1.20322726e-01,-6.33819727e-02,-1.27728685e-01,-9.31746098e-03,1.02294143e-01
-1.03997379e-01,-3.12895382e-02,-5.97723969e-02,-7.65405010e-02,-3.01879134e-02,-3.06663692e-02,1.11180123e-01,4.58162920e-02,8.78137450e-02,-5.08455084e-02,-8.96464820e-02,-1.29747709e-03,7.86096656e-02
-7.07003820e-02,-6.01019930e-02,-3.06540232e-02,-3.36014571e-02,-2.47530344e-02,-1.77117484e-02,6.16566186e-02,4.78160582e-02,7.64884919e-02,-1.73031277e-02,-6.89048221e-02,1.23033872e-02,6.43135455e-02
-4.15791359e-02,-5.38945215e-02,-2.98234039e-02,-2.19906593e-02,-5.07463250e-02,3.49416520e-02,7.50138969e-02,3.03380240e-02,5.02465657e-02,-1.40288464e-03,-4.72359229e-02,2.54259800e-02,2.80920544e-02
9.53717286e-03,-2.51691098e-02,-2.21063004e-02,-1.50163685e-02,-5.32765362e-02,3.81509859e-02,6.46103463e-02,1.97726279e-02,4.74147218e-02,2.64145724e-02,-3.66645806e-02,1.95768262e-03,6.28670934e-03
-1.43830851e-02,-5.78191667e-02,-1.69857079e-02,2.07054968e-03,-5.63157143e-02,-2.04076747e-02,3.86164162e-02,-1.11826931e-02,-1.08053477e-02,3.68162411e-02,-2.14613857e-02,6.68740587e-04,8.36360603e-03
-2.37388433e-02,-2.69019600e-02,-2.01931962e-02,8.92228730e-03,-5.66398992e-02,-6.83212226e-02,2.10518361e-02,-1.99071139e-02,-5.07989477e-02,-1.52573014e-02,-3.92232545e-02,3.08654386e-02,8.98958357e-03
1.29082917e-02,1.00508606e-02,-3.09505819e-02,-1.02037051e-02,-6.62044041e-02,-7.49184938e-02,-2.63122730e-02,-4.57290795e-02,-6.05779551e-02,8.66900420e-03,-3.43447052e-02,1.89194267e-03,1.21716784e-02
1.99275624e-02,3.83040842e-02,-2.20267709e-02,-1.46860892e-02,-3.76179911e-02,-6.04238519e-02,-3.65455829e-02,-5.15402287e-02,-7.53145410e-02,6.38843756e-03,-1.94624104e-02,-1.28486316e-02,-9.74317455e-03
3.21942865e-02,5.53980302e-02,2.51068705e-02,2.78608374e-02,1.90607489e-02,-2.48505314e-02,-3.09201887e-02,-7.50599086e-02,-9.34298342e-02,1.37900768e-02,4.77938009e-04,-1.08314737e-02,-1.00691279e-02
5.15177697e-02,8.79773767e-02,6.73877704e-02,4.03505757e-02,7.23968091e-02,2.97179515e-02,-3.89932458e-02,-8.95506286e-02,-9.43510248e-02,9.64739745e-04,1.98926353e-02,-1.83220280e-02,-1.92508250e-02
1.68906831e-02,7.44957409e-02,6.06853665e-02,3.39327898e-02,8.09383494e-02,3.66110392e-02,-4.93616635e-02,-8.58233603e-02,-7.75742018e-02,2.62938523e-02,4.50921629e-02,-2.78094656e-02,-3.06920519e-02
-1.24035888e-02,7.11877272e-02,5.77300442e-02,1.08624154e-02,4.27884077e-02,4.48346926e-02,-2.18119337e-02,-4.09540222e-02,-5.64794238e-02,1.56445725e-02,5.46820616e-02,-1.43506575e-02,-6.23099839e-02
8.39275853e-03,7.88373020e-02,5.97858064e-02,5.87107384e-05,3.80982593e-02,6.47219393e-02,-5.36860986e-02,-1.13603119e-02,1.63441380e-02,3.49099918e-02,8.19819596e-02,-1.86756417e-02,-9.08969582e-02
-4.63668771e-02,1.22587857e-02,5.80047417e-02,-2.09303966e-02,2.10715723e-02,5.78027996e-02,-3.95471821e-02,-1.89323199e-04,3.06051500e-03,-5.82557985e-03,6.88648223e-02,-1.99270737e-02,-8.10901585e-02
-7.96787357e-02,-1.38398862e-02,3.95044472e-02,-1.98005935e-02,8.58992455e-03,5.15076895e-02,-3.32466125e-02,-2.26862309e-03,-1.41439123e-02,-4.15272743e-02,3.47680602e-02,-6.89750349e-03,-5.00437723e-02
-6.90893524e-02,-4.44930310e-02,8.81445568e-03,-3.37702949e-02,-2.05659110e-02,5.01836209e-02,-1.23518201e-02,2.83919630e-02,-4.58339970e-03,-3.09419358e-02,3.01641003e-02,-1.77695253e-02,-2.17982744e-02
-7.05256334e-03,-9.44317498e-03,-1.51511210e-02,-2.34081364e-02,-2.14054441e-02,3.95584948e-02,-6.67850151e-03,5.87398710e-02,6.21680034e-03,-4.78847183e-02,5.26150415e-03,-2.91066173e-02,-1.18467479e-02
6.72080278e-02,1.29762123e-02,1.11870755e-03,2.03694297e-02,-3.73055204e-02,2.49339693e-03,2.68760059e-02,5.39381088e-02,-1.69644352e-02,-3.13036937e-02,1.16035786e-02,-1.85831881e-02,8.68675087e-03
1.04759419e-01,8.71904781e-03,-1.87418991e-02,4.04147392e-02,5.57263468e-03,3.62946729e-02,2.72879629e-02,3.68779525e-02,-4.67515890e-03,-1.41813876e-02,1.09871088e-02,-2.29088161e-02,2.22366747e-02
1.72823566e-02,-6.53180258e-02,-7.46053922e-02,5.74405377e-03,-2.66751920e-02,9.59493361e-03,2.12376624e-02,9.22499388e-03,-1.34118413e-02,-4.77713716e-03,7.45347062e-03,-3.27068813e-02,3.93803065e-02
1.09559019e-02,-5.64885468e-02,-9.75368904e-02,-2.49935856e-02,-7.14459339e-02,-3.77321287e-02,-1.35184566e-03,9.64272340e-03,-4.67526550e-03,1.28313905e-02,1.87960755e-02,-5.62019201e-03,3.19312760e-02
2.26036304e-02,-3.21361498e-02,-9.86198308e-02,-2.09656811e-02,-7.03627680e-02,-2.58646993e-02,-7.01760273e-02,-1.60324666e-02,-6.12440301e-04,3.39349516e-02,6.10213308e-02,2.81888467e-02,6.71313879e-03
-2.72942332e-03,-3.96591060e-02,-8.08732978e-02,-1.01320653e-02,-4.88022760e-02,-5.10960387e-03,-8.57095184e-02,-3.02754608e-02,-1.61278445e-02,2.29108482e-02,4.88775894e-02,3.38633623e-02,-1.46387364e-02
-5.96320310e-02,-2.68423514e-02,-6.76160910e-02,-5.74222132e-02,-5.59965261e-02,5.48946884e-03,-9.91045211e-02,-5.51326601e-02,-2.48770806e-02,5.13729997e-02,6.94529471e-02,6.40642130e-02,-2.22709552e-02
-7.41221511e-02,1.89785595e-03,-2.65913117e-02,-8.08672323e-02,-5.47096561e-02,1.59128337e-02,-7.06083805e-02,-3.91985086e-02,-2.39505245e-02,5.75497548e-02,8.90525916e-02,9.84964980e-02,-1.84054601e-02
-3.35829650e-02,6.66355877e-02,1.26519853e-02,-8.66207682e-02,-3.66785647e-02,1.93561058e-02,-7.30079404e-02,-5.12121217e-02,-2.91073464e-02,5.39558902e-02,9.19470157e-02,1.01782035e-01,-9.93978269e-03
2.27077990e-02,9.04276236e-02,5.00108690e-02,-4.95083207e-02,-2.15964709e-02,-1.16685112e-02,-4.84444182e-02,-4.78442835e-02,-4.93457230e-02,5.63132010e-02,9.01759283e-02,1.14520598e-01,8.22558024e-03
5.21226547e-02,9.58287298e-02,4.83358381e-02,-5.36134791e-02,3.12526075e-04,8.74053316e-03,-1.61209696e-02,-3.24702591e-02,-3.41433901e-02,7.15389873e-02,8.55821674e-02,1.09484718e-01,-1.20280221e-03
-2.85581509e-02,-5.01990141e-03,-1.43744784e-02,-8.10031939e-02,-2.59504571e-02,-1.74190843e-02,1.64037945e-02,1.37842534e-02,-6.06741412e-04,5.69357336e-02,6.27260707e-02,9.75644483e-02,3.15192988e-02
-9.88143242e-03,-2.14312717e-02,-1.11481846e-02,-6.98181581e-02,-2.94535451e-02,-5.08479430e-02,5.93723356e-03,2.92635410e-02,1.16580459e-02,5.28759011e-02,3.40554889e-02,5.94578432e-02,4.50831456e-02
1.65087351e-02,-4.27763316e-02,-5.67064112e-03,-4.37430304e-02,-1.25162353e-02,-5.87745254e-02,-2.05023970e-02,3.25416247e-02,1.41677566e-02,2.29772097e-02,1.50056453e-02,4.58345757e-02,3.70028633e-02
2.45184676e-02,-7.20163149e-02,-9.56922005e-03,-3.68393096e-02,-3.80037836e-03,-4.70851464e-02,-4.32633484e-02,9.48142646e-03,1.28027696e-02,-1.70286543e-02,-2.15044809e-02,2.36614925e-02,4.06775989e-02
-2.66995356e-02,-1.26138478e-01,-1.79087985e-02,-6.13190385e-02,-2.02744352e-02,-5.90046324e-02,-5.39513147e-02,3.52997955e-03,3.43671212e-02,-2.11639548e-02,-3.76370592e-02,3.73929876e-03,3.53979388e-02
-2.78084670e-02,-1.00254986e-01,-8.85439921e-03,-6.81252806e-02,-1.91527574e-02,-6.08682157e-02,-2.83832542e-02,5.00936158e-03,5.06512977e-02,-4.34453110e-02,-4.88507356e-02,9.27651049e-03,2.17694464e-02
6.05925334e-03,-8.53894957e-02,-1.71046126e-02,-5.46579599e-02,-3.35408173e-03,-3.89890019e-02,-2.01412360e-02,1.57972787e-03,6.00813026e-02,-3.99155271e-02,-5.23746892e-02,-2.50017885e-02,-4.56027073e-03
3.40523886e-02,-5.11978322e-02,4.29035562e-03,-5.54917137e-03,-1.70327637e-03,-4.87091407e-02,4.34886446e-03,-1.00974714e-02,2.70766314e-02,-3.10811877e-02,-5.04498155e-02,-3.58192073e-02,8.13959851e-03
4.07788647e-02,-1.76997458e-02,-3.19081361e-03,1.75158733e-04,-1.10856329e-02,-4.14305112e-02,2.17530058e-02,8.50801095e-03,3.76766259e-02,-1.30805193e-02,-6.08390273e-02,-1.93505232e-02,2.06999867e-03
-2.87265515e-03,-3.61590920e-02,-4.80190582e-02,-1.65423414e-02,-5.86933269e-02,-3.22593186e-02,1.94848930e-02,4.51334982e-02,6.66999129e-02,9.53640511e-03,-4.62545180e-02,1.17236256e-03,4.21444258e-02
9.64435066e-03,-8.69342214e-03,-2.07727203e-02,1.01545216e-02,-7.48559726e-02,-7.84135273e-03,3.01716631e-02,5.46921331e-02,4.69642122e-02,3.51859652e-02,-5.70809541e-02,-9.22978584e-03,4.52454703e-02
3.45603215e-02,2.25290349e-02,1.66094450e-02,2.26663466e-02,-7.32725913e-02,1.95766879e-03,3.78059703e-02,6.47039403e-02,1.83212294e-02,5.17011304e-02,-6.75424353e-02,-1.17690328e-02,3.08905542e-02
2.42105620e-02,3.34265256e-02,1.67674621e-03,4.82108484e-04,-5.42072872e-02,3.71152034e-02,2.90322482e-02,7.85356242e-02,2.81082899e-02,3.86277125e-02,-6.08045781e-02,-9.76375561e-03,2.83316425e-02
1.87005810e-02,2.60712654e-02,1.10636735e-03,9.16250196e-04,-2.89688712e-02,4.13352154e-02,2.31580869e-02,7.14585067e-02,2.18590418e-02,3.60397216e-02,-5.60829151e-02,-2.34225701e-02,2.53032423e-02
1.88170398e-02,5.75909820e-02,1.86400184e-02,-1.37555325e-02,-2.28926959e-02,3.79136460e-02,4.59070152e-02,3.26549121e-02,-2.35884699e-02,2.38647199e-02,-3.30687808e-02,-2.20190708e-02,1.05337445e-02
1.84280648e-02,4.04075867e-02,-1.81288707e-02,-2.42365311e-02,1.03890093e-02,5.23046158e-02,3.74947281e-02,1.59519316e-02,-1.80642218e-02,2.08640712e-02,-7.98545543e-03,-2.14870645e-02,-5.80827880e-03
4.00654477e-02,5.27479856e-02,-2.15160636e-02,-1.28950640e-02,2.55144006e-02,5.20253099e-02,3.10538456e-02,-3.07851728e-02,-5.43437114e-02,-9.29339241e-03,7.00382010e-03,-3.94239009e-02,-2.14009399e-02
2.18193630e-02,3.48541943e-02,-1.67751142e-03,-7.52094312e-04,4.26632336e-02,4.12092371e-02,3.65588353e-02,-2.45146088e-02,-5.22684081e-02,-9.40996878e-03,2.34445617e-02,-1.04262799e-02,-4.35567108e-02
1.21322192e-02,8.87911043e-03,3.40386021e-05,1.36099293e-02,4.45545758e-02,9.62746302e-04,-8.82067958e-03,-4.35508575e-02,-4.00771093e-02,-6.23541438e-03,4.49471793e-02,-1.11993446e-02,-3.39241503e-02
1.37022573e-02,-4.82341845e-02,-1.20843146e-02,4.06577661e-02,6.03145713e-02,-3.42133864e-02,-5.71337158e-02,-6.03116011e-02,-3.52997067e-02,-1.29454773e-02,5.81398109e-02,-1.47767526e-02,-2.85675237e-02
2.79683765e-03,-6.15052752e-02,-1.33114870e-03,5.57604196e-02,4.67821283e-02,-5.02669498e-02,-6.20383494e-02,-6.34282317e-02,-5.35875659e-02,-3.42801624e-02,6.84157906e-02,-2.90781722e-02,-4.98726961e-02
-1.34871769e-02,-6.66943016e-02,9.56268748e-03,1.01719158e-01,8.63129610e-02,-5.15450474e-02,-8.47906857e-02,-1.67972441e-02,4.72126321e-03,-1.68711907e-02,8.47659676e-02,-2.10890868e-02,-3.94224393e-02
-3.70936019e-03,-5.20296775e-02,2.49525499e-02,1.31649111e-01,1.08034182e-01,-4.44202440e-02,-7.33192684e-02,2.05768079e-02,2.79270153e-02,-8.76085655e-03,5.17154789e-02,-2.74690272e-02,-2.97874556e-02
-1.67389317e-02,-4.44438184e-02,5.21975549e-02,1.65199261e-01,1.00520778e-01,-2.75754702e-02,-4.75571065e-03,4.62219797e-02,6.77832998e-03,4.04432753e-03,1.00219462e-02,-5.07034116e-02,-2.13665845e-02
-4.43894284e-02,-1.20247300e-02,4.14193456e-02,1.42072503e-01,6.49112655e-02,-4.45052535e-02,3.00192045e-03,4.63817802e-02,1.24674897e-02,6.94271527e-04,5.20684400e-03,-4.24688777e-02,1.44734461e-02
-4.37299130e-02,2.29348284e-02,3.29565918e-02,1.17999453e-01,3.74134660e-02,-6.61939633e-02,-8.64910693e-03,3.19528383e-02,1.95374205e-02,-3.15281183e-02,-1.62563088e-02,-4.09098424e-02,2.72945199e-02
-8.52499113e-02,-2.02792387e-03,5.70015212e-02,8.01447773e-02,-1.24226327e-02,-4.04852053e-02,4.24413667e-02,5.93975265e-02,2.43049350e-02,-4.10527278e-02,-3.56160445e-02,-1.12538702e-02,2.88300045e-02
-5.52654416e-02,2.07533577e-02,8.45934135e-02,3.42882627e-02,-2.68942553e-02,-4.28319184e-02,3.40314574e-02,3.24575133e-02,1.94048465e-02,-2.97202250e-02,-3.35240593e-02,1.13899739e-02,3.96358746e-02
-3.78832557e-02,3.97307543e-03,6.84163471e-02,-1.35182637e-02,-5.71021363e-02,-5.04291748e-02,-2.10102139e-02,-1.47314718e-02,2.36273322e-02,-3.13120725e-02,-2.88983003e-02,3.44452962e-02,6.19832648e-02
-5.21954847e-02,-3.73948105e-02,2.53245523e-02,-4.28684690e-02,-8.08399153e-02,-1.41506307e-02,-2.87585256e-02,-4.57313748e-02,1.18422827e-02,-6.76124442e-02,-3.05226011e-02,3.01887039e-02,2.11605198e-02
-1.31671197e-02,-2.24199546e-02,3.67770151e-02,-4.83780874e-02,-8.68622015e-02,-9.70671419e-03,-6.24293878e-02,-3.93134315e-02,7.17040736e-03,-5.97569927e-02,-2.53410168e-03,5.09660596e-02,2.78053372e-02
3.05917187e-02,-8.41366663e-03,1.77122076e-02,-7.44681608e-02,-7.27778310e-02,3.75575691e-02,-7.42578697e-02,-4.40077885e-02,8.19252744e-03,-4.39101756e-02,-2.17212685e-03,4.99582172e-02,9.84355516e-03
7.71880337e-03,-3.19633646e-02,-6.62425217e-03,-6.83109643e-02,-6.96809080e-02,5.61737744e-02,-4.15017376e-02,-2.75805829e-02,-1.94987342e-02,-5.66167926e-02,-3.01380838e-02,5.47640177e-02,7.46928303e-03
2.87824299e-02,1.19255433e-02,-1.12444763e-02,-4.38414913e-02,-5.28604090e-02,4.39827102e-02,-5.55030233e-02,-3.58876106e-02,-1.81503104e-02,-4.35223816e-02,-1.04684390e-02,3.51257223e-02,8.41200615e-03
6.74599416e-02,3.94228606e-02,-1.49186149e-02,-9.58702904e-03,-2.09952964e-02,2.12734400e-02,-7.39172611e-02,-2.76182741e-02,-1.85747077e-02,-4.20255122e-02,-9.34059964e-05,2.50791339e-02,9.11196073e-03
6.47313228e-02,4.29309631e-02,-1.17817132e-03,1.19767119e-02,2.07256233e-02,6.33439740e-02,-1.75794212e-02,1.77022474e-02,-2.37538552e-02,-5.58072721e-02,-2.30274052e-02,1.30244224e-02,-1.13893929e-02
6.60056529e-02,5.66714534e-02,2.76525561e-02,1.94463102e-02,4.88555068e-02,5.26063321e-02,-1.28305870e-02,2.29372979e-02,-1.27402147e-02,-3.33948504e-02,2.44309445e-02,4.09603797e-02,7.38343154e-03
5.73397451e-02,7.98973800e-02,6.58529350e-02,2.38946479e-02,6.96718364e-02,6.80759084e-02,4.07144509e-03,1.37682855e-02,-1.49863002e-02,-2.02807041e-02,3.38224981e-02,2.50843688e-02,1.02104271e-02
4.78018224e-02,5.68379392e-02,8.79418030e-02,5.00368920e-02,7.80038540e-02,7.44210600e-02,2.67675776e-02,9.87907133e-03,-8.03092289e-03,-2.20612314e-02,6.24911815e-03,1.82379280e-02,-3.24491286e-03
7.90700691e-02,5.98440511e-02,1.07148903e-01,2.77322893e-02,3.89441877e-02,4.89960175e-02,2.65411037e-02,1.87257221e-02,-2.33069068e-03,-2.65925160e-03,-1.46859605e-02,8.85094792e-03,-7.69048505e-04
5.77711496e-02,3.68302082e-02,8.75748370e-02,4.71310575e-02,9.96873598e-02,5.77325017e-02,8.61593459e-03,-4.31686443e-03,-9.20109888e-03,2.57708624e-02,2.93787575e-03,-3.28086406e-02,-3.06034312e-02
6.41202127e-03,4.67904720e-03,4.74831017e-02,1.83065410e-02,6.97830132e-02,1.14343579e-02,-1.10251928e-02,-3.23779648e-02,-2.42055299e-02,1.27504702e-02,-2.57431230e-03,-4.60402721e-02,-2.23845525e-02
-8.52435179e-03,-5.74471288e-03,-3.81486742e-04,-3.87938638e-03,6.01537663e-02,-1.41052753e-02,-2.85152697e-02,-5.55270824e-02,-3.81033135e-03,3.91732095e-02,1.94850825e-02,-6.98662421e-02,-1.37476811e-02
-2.07705199e-02,-3.00519254e-02,-4.88842860e-02,-2.15317074e-02,3.76482702e-02,-3.10338390e-02,-3.77785021e-02,-7.78746136e-02,1.25741391e-03,3.11620119e-02,-4.64411331e-03,-7.19692959e-02,-1.15559763e-02
-8.32959231e-03,-9.38352353e-03,-6.18003110e-02,-4.37262445e-03,5.69356282e-02,-4.59137114e-02,-3.58590298e-02,-7.15596042e-02,1.41448765e-02,4.15297071e-02,-2.40843585e-02,-5.46150983e-02,-2.81242667e-02
-1.55945662e-02,-2.55941180e-02,-6.59369670e-02,6.06187759e-03,3.27415729e-02,-8.27764300e-02,-4.42116980e-02,-4.17692321e-02,4.49825917e-02,2.77629959e-02,8.83286044e-03,-3.03715766e-03,-1.34804807e-03
-6.15180075e-02,-3.65256370e-02,-8.61853997e-02,1.77407369e-02,4.13704050e-02,-6.24326428e-02,8.37447320e-03,-1.00693531e-02,5.39826728e-02,1.58291593e-04,2.02052139e-02,6.74751364e-03,-3.84833081e-03
-5.24669900e-02,-3.03965973e-02,-5.79320143e-02,5.55764989e-02,1.55501842e-02,-1.05310109e-01,5.85624939e-03,1.17868595e-02,6.72693243e-02,-2.37144245e-02,-1.60342300e-03,1.29516344e-02,-1.15013982e-02
-1.60256125e-02,-2.74000190e-02,-2.62176483e-02,6.51441533e-02,-3.91138911e-02,-1.05341784e-01,1.12450936e-02,2.49273525e-02,5.78555833e-02,-3.66141236e-02,-2.86600966e-02,3.62237592e-02,-9.46544190e-03
-1.59011388e-02,-1.27583587e-02,2.38593413e-02,9.29332166e-02,4.45596148e-04,-8.07208017e-02,3.36839624e-02,5.52201444e-02,2.57551672e-02,-5.73470875e-02,-2.69342705e-02,1.91985690e-02,-3.19530383e-02
4.49851511e-03,-9.96981661e-03,4.26934034e-02,1.06211869e-01,3.37452771e-02,-4.85602033e-02,2.21862373e-02,4.49624363e-02,3.55542734e-02,-4.13287805e-02,-2.50132889e-02,6.45598988e-03,-4.97120648e-02
2.33836321e-02,-1.69063500e-02,3.73656224e-02,9.64930187e-02,4.40831580e-02,1.75135047e-02,2.40483317e-02,2.42886350e-02,1.57133357e-02,-2.39472799e-02,2.25287993e-02,-2.19922072e-02,-2.12869352e-02
3.05305578e-02,1.34822910e-02,2.32347425e-02,4.23475538e-02,3.14534907e-02,6.60117454e-02,1.28623549e-02,5.40358241e-03,-3.95546428e-03,-4.28298676e-02,1.67031273e-02,-1.87020995e-02,-1.20882968e-02
3.48956097e-02,5.08671496e-02,4.90985161e-02,2.68513088e-02,3.12340515e-02,6.56070415e-02,4.82756283e-04,-1.51996543e-02,1.25522025e-02,4.05486956e-03,1.00449548e-02,-4.40681617e-04,-7.15375943e-03
6.64406262e-02,5.12881636e-02,4.55260527e-02,3.43526982e-03,1.33483619e-02,4.83210269e-02,-3.67555291e-02,-1.15597908e-02,1.44189157e-03,8.07804697e-05,3.43459073e-02,1.77319377e-02,1.02962909e-02
3.67557397e-02,2.60902096e-02,-7.56812038e-03,-5.05790094e-02,-3.94490795e-05,6.79355341e-02,2.44710211e-02,8.35646997e-03,2.37326534e-02,-1.14680433e-02,4.69037263e-02,3.44049539e-02,1.62364152e-02
3.37779826e-02,-3.35693382e-03,-7.43124787e-03,-4.47462693e-02,-3.14165051e-02,1.62563276e-02,7.46347630e-03,-3.95941730e-03,5.50318920e-02,1.34624013e-02,5.88450724e-02,-7.85377178e-03,-1.79391309e-02
5.62142199e-03,-5.31481154e-02,-1.24821416e-02,-5.25497777e-02,-4.24408438e-02,-8.52739623e-04,3.41503896e-03,-2.35627985e-02,3.66853981e-02,2.28531374e-02,4.39070329e-02,1.83816601e-02,-2.06809867e-02
3.69624861e-02,-2.31969019e-02,1.28685188e-02,-8.48729921e-02,-5.83167455e-02,-1.86741943e-03,1.48165745e-02,-1.21883933e-02,-1.76322548e-03,-1.22747831e-02,3.38212877e-02,3.95356068e-02,-2.31232268e-02
5.06246970e-02,1.35643434e-03,4.65699412e-02,-6.52537200e-02,-2.95354057e-02,-1.95826436e-02,1.12702737e-02,-1.68129424e-02,1.28819280e-02,3.06015672e-02,2.09286061e-02,1.75795853e-02,-7.58048292e-02
4.81238685e-02,-5.03264016e-03,4.73060641e-02,-2.15642434e-02,6.06440271e-03,1.07131393e-02,2.09448404e-02,-1.51743356e-02,-4.25679978e-03,3.75837600e-02,2.73110203e-02,-8.32988406e-03,-4.72057467e-02
3.44230149e-02,2.22968247e-02,2.73055222e-02,-1.96466975e-02,2.19482730e-02,3.87054454e-02,3.63535071e-02,1.40382254e-02,-1.86177421e-02,9.61193012e-03,3.40485311e-02,-2.64913142e-02,-4.57407608e-02
-4.34032529e-03,4.17135383e-02,5.15663273e-02,5.82955676e-03,3.27008126e-02,4.98797478e-02,3.50111137e-02,7.85547805e-03,-2.54935783e-03,6.83058759e-03,-7.08098142e-03,-3.49138935e-02,-1.86392857e-02
-7.26505330e-03,6.95916911e-02,5.28499670e-02,1.11632505e-02,1.88248748e-02,1.76572322e-02,9.22522805e-03,6.10739864e-03,-3.72552813e-02,1.59522914e-02,-7.83021458e-03,-5.15980634e-02,-3.54925763e-03
-6.06387371e-03,5.66238627e-02,9.37075292e-03,-7.41233900e-03,2.16882477e-02,4.84567257e-02,3.94154658e-02,7.23694261e-03,-4.75192105e-02,7.61720678e-03,-1.68544662e-02,-1.89357324e-02,4.04822220e-02
5.68090100e-03,3.61983025e-02,2.78270940e-03,1.05102390e-02,1.87504945e-03,5.54655846e-02,2.41807427e-02,-1.13440796e-02,-4.00123640e-02,1.33768314e-02,-2.32399782e-02,-4.25664020e-02,2.60329338e-02
-2.24219950e-02,-7.07737871e-03,3.80572319e-03,6.06474987e-03,-1.62897467e-02,3.24598795e-02,1.16112579e-02,5.84217948e-03,-8.89820529e-03,4.88558651e-02,-5.94897323e-03,-4.89228369e-02,1.54567881e-02
-3.07287715e-02,-4.61517153e-02,-3.27297536e-02,-2.55136419e-02,2.81948346e-02,7.60675042e-02,5.29394306e-02,3.75341756e-02,-4.71358125e-03,7.97396498e-03,-3.25890614e-02,-2.65920437e-02,-2.28003173e-02
-3.48298878e-02,-4.43452022e-02,-1.40751850e-02,1.12523426e-02,5.05859421e-03,2.73966925e-02,4.95423225e-02,2.99991846e-02,1.41075653e-02,3.05670736e-02,-1.77057321e-02,-2.73642534e-02,-5.88332922e-02
-4.66808643e-02,-4.16118512e-02,-1.48638301e-02,-4.92926727e-03,1.15213122e-03,-1.64919915e-02,4.45456484e-02,3.86641070e-02,5.86478857e-03,4.15447014e-02,-7.72993013e-03,-1.75243495e-02,-3.63971162e-02
-9.20150226e-02,-3.21126886e-02,-8.98428655e-03,-6.09280044e-04,-2.60401908e-03,-2.31002492e-02,4.34619606e-02,7.22629492e-02,2.33436258e-02,3.52957532e-02,3.79459993e-02,-1.89893905e-04,-2.65625256e-02
-1.05840495e-01,-2.45253923e-02,1.64644324e-02,2.88365109e-02,2.47160273e-02,-2.05891883e-02,3.89350223e-02,6.63877396e-02,8.34716898e-03,1.11890828e-02,-1.69355862e-02,-1.95618674e-02,-2.05738860e-02
-9.74056894e-02,-1.13481001e-02,3.69807778e-02,1.27390688e-02,1.84411161e-03,-7.07268608e-02,1.35905644e-02,6.84606393e-02,1.42540274e-02,4.81758651e-02,-6.76878302e-03,-3.99834209e-02,-1.02515030e-02
-7.75801265e-02,-2.44864557e-03,3.26598281e-02,2.09760186e-02,7.11320181e-03,-6.94285781e-02,-1.35846588e-03,2.30206763e-02,-2.82857148e-02,1.17521053e-02,-1.86295339e-02,-3.60893416e-03,2.77367498e-02
-4.95969659e-02,3.23834837e-02,3.02377354e-02,1.25086772e-02,-8.39223286e-03,-5.81106420e-02,-3.18072215e-02,-3.76481372e-02,-6.36676704e-02,-2.09549507e-02,-1.42589424e-04,3.97556898e-02,1.98178581e-02
-2.27153010e-02,5.97880028e-02,2.60179740e-02,-7.90728451e-03,-3.06868988e-02,-7.81058846e-02,-5.83123381e-02,-4.41575496e-02,-4.96880785e-02,1.33811408e-02,5.78390567e-02,4.50590158e-02,3.47225743e-02
-6.47066508e-03,2.11715222e-02,2.38904186e-03,-1.62444443e-02,2.46846755e-02,-3.56457051e-02,-2.05519767e-02,-4.87155754e-02,-6.61249781e-02,-1.29553889e-02,9.76615027e-04,2.37825666e-02,-1.19741067e-02
-2.24606104e-02,-1.29113025e-02,-3.09703492e-02,1.12253328e-02,3.23118693e-02,-1.55690414e-02,-1.71525421e-02,-3.14724245e-02,-2.83150633e-02,-1.19672675e-02,-4.66072478e-03,2.57434966e-02,-1.60216918e-02
2.09464183e-03,4.52119532e-03,-2.80512650e-02,-3.98114997e-02,-1.51094554e-02,-2.93984585e-02,-9.43019788e-03,-2.26289068e-02,-2.64673985e-02,-1.94085795e-02,-6.37383388e-03,1.46489827e-02,-1.01995265e-02
-5.57491154e-03,-2.06687552e-03,-1.25516311e-02,-3.36196789e-02,-3.43084835e-02,2.23821048e-03,-4.33555931e-03,1.02614373e-02,1.80399872e-02,-2.17845185e-02,5.08086781e-02,3.47149319e-02,1.64827319e-02
-1.29199524e-02,5.49262746e-03,-2.34377947e-02,-4.74812000e-02,-1.22213055e-02,3.64411487e-02,1.06545508e-02,2.73915469e-03,-1.32512525e-02,-2.26901908e-02,-5.99179609e-04,-1.53643621e-02,-1.19864671e-02
2.13177415e-02,1.72289765e-02,-7.67766621e-03,-3.17101712e-02,-2.74877349e-02,3.21965777e-02,-1.08873307e-02,2.28847235e-02,2.94718664e-02,2.66131638e-02,-8.32728152e-03,-1.72443696e-02,1.73736130e-03
5.96559525e-02,2.94746465e-02,7.03345489e-03,-2.48830079e-02,-4.18514259e-02,1.42649231e-02,-1.48820710e-02,5.97806501e-03,1.38711961e-02,2.83119107e-02,-5.05965706e-02,-1.76196773e-02,3.64090223e-02
8.72233720e-02,4.18787051e-02,2.09930354e-02,-3.85860117e-02,-6.55619136e-02,1.41825767e-02,-1.91409999e-02,-9.65944847e-03,-2.96070961e-02,-1.22762594e-02,-2.97185795e-02,2.63522067e-03,1.45195844e-02
9.27033338e-02,2.78653935e-02,9.44107974e-03,-5.52441472e-02,-8.22431177e-02,-9.20383331e-03,-1.23752992e-02,4.61003902e-03,3.66344903e-03,1.15371341e-02,-5.04954685e-03,9.15084720e-03,4.45363335e-02
8.55697322e-02,1.05346843e-02,1.61996686e-02,-3.53164280e-02,-6.15808535e-02,-8.54502292e-03,-8.84060939e-03,-4.34550984e-02,-1.77250133e-02,1.39973035e-03,-3.91786118e-02,3.64698457e-03,5.51756362e-02
4.54633953e-02,-2.86434471e-02,1.16954375e-02,-7.69583470e-03,-8.39331123e-03,2.82678112e-03,1.42270545e-02,-1.92588281e-02,-3.63212293e-04,2.34589564e-02,-4.66188348e-02,5.36993028e-03,4.17781551e-02
2.22417121e-02,-2.37151231e-02,5.08291288e-02,-3.03742703e-02,-4.69904031e-02,-3.28192059e-02,-4.47673494e-03,-2.37365021e-02,-9.69011244e-03,1.56909742e-02,-4.17574799e-02,1.89728349e-02,3.80364038e-02
2.40978038e-02,-4.60566757e-02,5.35560266e-02,-1.46151152e-02,-4.70189615e-02,-2.76498278e-02,1.27957151e-03,3.61271960e-03,1.42111644e-02,-1.60111984e-02,-2.93199849e-02,3.29411462e-02,5.69394156e-02
1.09919865e-02,-6.63549066e-02,4.39643347e-03,-1.71036303e-02,-4.08047691e-03,-9.49238900e-03,-6.69819257e-03,-7.08752019e-03,-2.10020535e-02,-3.47420868e-02,-1.01648506e-02,3.33686197e-02,3.10970050e-02
2.14382870e-02,-1.92176719e-02,2.07221725e-02,2.22658080e-02,2.57918455e-02,1.74567225e-02,-1.85750950e-02,2.80111791e-03,-7.04017903e-03,-4.57265005e-02,1.11371141e-02,5.81218402e-02,9.71612866e-04
3.36596606e-04,-9.43830105e-03,5.62293610e-03,2.23085274e-02,2.06601987e-02,1.82929228e-02,2.64126045e-04,6.56245871e-03,-1.53898668e-02,-3.61733224e-02,1.91697141e-02,5.54980396e-02,2.00494962e-02
2.91994404e-03,-1.67643332e-02,-2.95581386e-02,-2.49958081e-03,1.91559627e-02,1.67629288e-02,7.81507302e-03,6.92602852e-04,-4.92780563e-02,-4.41544454e-02,2.57155004e-02,5.10993515e-02,6.90728593e-03
-3.74056837e-02,-6.44724797e-02,-5.12792791e-02,-7.47210531e-03,-2.26454580e-04,-3.79551787e-02,-1.25945812e-03,-2.52998854e-03,-8.99359720e-03,2.11594412e-03,8.97336644e-02,8.24161893e-02,4.82980714e-02
-4.16907363e-02,-3.76813450e-02,-4.72538465e-02,1.35834000e-02,2.58110730e-02,5.06888229e-03,-1.41163640e-02,-2.59679447e-02,-2.03122460e-02,1.95803638e-03,4.96279656e-02,5.94947502e-02,7.45829564e-02
-3.58282717e-02,-6.51387916e-03,-4.40851565e-02,4.04801101e-02,4.32202511e-02,2.09194511e-02,-1.89932415e-02,-5.57976686e-02,-2.18220849e-02,2.27252578e-02,4.46984322e-02,2.66470750e-02,3.83810151e-02
-8.57639570e-02,-2.46570284e-02,-6.87577400e-02,-2.90671866e-03,3.07154117e-02,-4.82664094e-04,-2.66224853e-02,-7.20686897e-02,-1.18094206e-02,2.90813800e-02,3.83842140e-02,6.10027880e-03,1.14882678e-02
-9.57804918e-02,2.73771656e-03,-2.25112148e-02,2.94704163e-02,6.93875377e-02,3.46032716e-03,-3.41974502e-02,-7.82243012e-02,2.31371849e-04,1.55554198e-02,-1.79653016e-02,-3.44188954e-02,2.13327014e-02
-7.94103845e-02,-8.26410207e-03,-5.68973855e-02,6.45394689e-03,5.54545423e-02,-4.99070665e-03,-4.96323875e-02,-7.61001412e-02,-1.82024917e-02,2.20508484e-02,-1.39542027e-02,-3.01105934e-02,1.07102748e-02
1.94241793e-03,5.39833475e-02,-2.28228197e-02,-6.61056903e-03,6.35519236e-02,1.15050802e-02,-7.35447068e-02,-7.14115068e-02,-6.98675355e-03,1.71674197e-02,-2.49080546e-02,-2.97487353e-02,-1.75546142e-02
3.91651467e-03,7.22697474e-02,-5.80773913e-03,-1.75145439e-02,4.43851711e-02,4.62576286e-02,-4.83661072e-02,-7.17223696e-02,1.40255217e-02,-4.37309330e-03,-3.62413137e-02,-5.20937401e-02,-4.28642886e-02
3.29637967e-02,7.07254160e-02,-2.04480475e-02,-1.05637009e-02,2.19396720e-02,7.40033353e-02,-1.47868708e-02,-5.80275424e-02,2.66448579e-02,-7.60301662e-03,-2.83854818e-02,-5.54448290e-02,-3.57657762e-02
-1.02605482e-02,2.92413818e-04,-2.30906985e-02,-1.54994900e-02,1.69234596e-02,7.34481638e-02,2.81839055e-02,-5.63767706e-02,4.57038301e-02,1.18645215e-02,1.22896234e-02,-3.33819749e-02,-1.49842596e-02
-3.55611925e-02,-1.08030053e-03,1.60592425e-02,1.58203557e-02,2.80347007e-02,7.04439541e-02,2.76909208e-02,-4.32970449e-02,1.08774972e-02,2.38254843e-02,-2.35447606e-03,-1.35525091e-02,7.06710340e-03
-2.30643430e-02,1.33720586e-02,1.60912067e-02,-1.00206715e-02,-1.30848682e-02,4.78387013e-02,1.90039397e-02,-4.06578819e-02,-1.14148500e-02,1.07062186e-02,1.47052027e-02,9.35362508e-03,6.29984789e-04
-2.07708244e-02,-6.57866741e-03,-3.48175141e-02,-3.38608307e-02,-3.05713062e-02,1.82347397e-02,3.94974456e-02,-7.81682690e-03,-1.36012540e-02,-2.02307979e-02,3.64440711e-02,2.42255915e-02,-1.76786450e-02
-4.16298709e-03,4.53548856e-02,2.02786304e-02,2.56478722e-02,3.82904335e-02,6.12767995e-03,1.26009092e-03,-1.01319909e-02,1.43880737e-02,-3.57394119e-02,4.47448107e-03,2.69076119e-04,-2.49890110e-02
-3.30202534e-02,9.50008436e-03,-1.53371974e-02,1.57258574e-02,5.14488747e-03,-1.18495887e-02,1.45264333e-02,6.61964717e-03,1.75631050e-03,-3.42222136e-02,6.97491675e-03,4.87758700e-03,-1.17031649e-02
1.93652447e-02,3.87350189e-02,-1.31216310e-02,-1.52000959e-03,-2.03560387e-02,-1.90718761e-02,4.02688518e-03,-7.87736651e-03,5.65127476e-03,-2.24507561e-02,-8.03016310e-03,1.56117323e-02,6.80493680e-03
6.54454479e-03,1.71882308e-02,-1.85070664e-02,-3.11414424e-02,-5.23482527e-02,-5.62522637e-02,-7.74306019e-03,-4.45682965e-02,1.44847427e-02,2.75717983e-03,-2.07002832e-02,-5.10068525e-03,-2.03462861e-02
8.12389710e-02,3.57841753e-02,-2.11621102e-02,-2.35976362e-02,-4.30795393e-02,-6.05275467e-02,-1.55844557e-02,-3.67770596e-02,4.37028319e-02,-7.46773070e-03,-1.78870956e-02,1.43403084e-03,-8.34549127e-03
8.14160846e-02,9.32123227e-03,-3.31308496e-02,-4.89524246e-02,-2.04539907e-02,3.55235870e-03,1.55957018e-02,-4.09711467e-02,5.35478869e-02,-1.41402529e-03,-1.87148945e-02,-1.72149804e-02,2.50060996e-03
4.44018006e-02,9.44445721e-03,-7.38651439e-04,-4.14532937e-03,1.08836485e-02,1.64616041e-02,-1.33765895e-02,-6.60672399e-02,4.62153128e-02,4.01564480e-02,-2.42218248e-02,-2.70852243e-02,1.21601120e-02
9.79688313e-03,-3.34511285e-02,2.02191674e-02,-3.60571302e-02,-8.18059176e-03,1.81814273e-02,3.53453654e-04,-4.83829422e-02,3.18933179e-02,3.33644488e-02,-4.22670139e-02,-3.07044888e-02,2.73424696e-02
6.59838078e-03,-4.96353962e-02,4.02661365e-02,-2.08102721e-02,-2.43292620e-02,-2.27150931e-02,4.09681560e-03,-1.22939373e-03,6.92721775e-03,3.26229089e-02,-1.27560768e-02,-1.62490824e-02,1.05062950e-02
2.82466159e-02,-2.03582811e-02,5.88146434e-02,-3.93135463e-03,2.97876614e-02,-2.91933374e-02,-5.44855218e-02,2.54590557e-02,1.34266123e-02,1.15214302e-02,-1.23069839e-02,-2.70439029e-02,-1.54898657e-02
1.40310451e-02,-2.29466063e-02,3.75679094e-02,1.20049050e-02,3.88571574e-02,-2.84130151e-02,-6.68495586e-02,4.46808251e-02,-4.61472984e-03,7.79774244e-03,2.72654712e-02,-8.31439979e-03,-2.39789461e-02
3.68384163e-02,9.39008278e-03,4.83446676e-02,2.36305615e-02,4.61851115e-02,4.95965096e-03,-4.94681337e-02,3.40827356e-02,2.79513693e-03,-8.29289187e-04,2.09864477e-02,-1.80589544e-04,-2.68985314e-02
-1.75104263e-02,-3.26258654e-02,3.90895980e-02,3.83452762e-02,2.65703434e-03,-2.27864695e-02,-4.27453941e-02,2.92611467e-02,-1.05747399e-02,2.63403284e-02,3.56454859e-02,-2.48326428e-02,-2.93018629e-02
3.15423452e-04,-4.96073055e-02,1.76514982e-02,5.20686768e-02,7.13497019e-03,-3.65939946e-02,-5.98428246e-02,1.99718011e-02,-5.73375091e-03,1.39374842e-03,1.73097068e-03,-1.83343590e-02,-1.98287581e-02
2.82997973e-03,-4.78600836e-02,-1.92226651e-02,2.01258108e-02,-2.49716853e-02,-3.35983581e-02,-3.14779035e-02,2.24382920e-02,-2.57004268e-02,-3.00357545e-02,2.37636482e-02,2.68229374e-02,1.87226710e-03
1.09839928e-02,2.10869328e-02,3.48436058e-02,6.16614004e-02,-1.12688848e-02,-1.39384827e-02,-5.53158503e-02,-8.44480546e-04,5.42889733e-03,-7.35568627e-03,1.18506536e-02,1.02423269e-02,-9.60671369e-03
7.98445988e-03,-9.18245846e-03,2.26362037e-02,3.74960335e-02,-2.10826113e-02,3.28793479e-03,-7.66546886e-03,-4.90342653e-04,2.41084499e-02,-1.40100787e-02,-5.31274616e-03,1.41663665e-02,2.12533857e-02
-2.81561621e-02,-2.36826552e-02,3.52983416e-02,3.80587779e-02,-3.02698111e-02,5.77412812e-03,6.62639889e-03,1.38019637e-03,5.12892529e-03,4.79127413e-03,-2.24386675e-02,8.76962709e-03,2.18866990e-02
-7.41556077e-02,-9.44677145e-03,4.16602943e-02,3.77335017e-02,-5.51204021e-02,-3.04843575e-02,-3.18075391e-03,1.60779970e-02,-1.23486620e-02,6.57261485e-03,-4.12656101e-02,-1.68452872e-02,-1.08408585e-02
-7.04908480e-02,4.17146775e-03,8.25159212e-03,2.64825455e-02,-7.36746129e-02,-4.14461506e-02,-9.48088296e-03,1.46766507e-02,-2.36812476e-02,1.38037385e-02,-2.97877073e-02,4.69174357e-03,-2.58858633e-02
-2.49193937e-02,5.08087545e-02,2.93395953e-02,3.48212937e-02,-2.51693132e-02,-2.42487785e-02,-7.26513198e-03,8.15905643e-03,-1.87231584e-03,-1.55459267e-03,-3.48357571e-02,1.31338023e-02,-3.82712708e-02
-2.79028138e-02,5.30850566e-02,1.82212857e-02,4.33758021e-02,-1.89594427e-02,-2.08165191e-02,2.32249478e-03,1.43841831e-02,-1.04878870e-02,-1.28344197e-02,-3.91369253e-02,-1.59909362e-02,-2.83384915e-02
-4.41862398e-02,5.00248647e-02,-1.94899689e-02,2.47055011e-02,-2.04905140e-02,-5.46077540e-03,-3.28414764e-02,6.85332893e-03,1.84121846e-03,-3.78364146e-03,-7.17879197e-02,-2.61081128e-02,-2.44248546e-02
-7.55333933e-02,6.38537744e-03,-6.66545861e-02,7.93205664e-03,-1.60451723e-02,4.33052505e-02,1.94955543e-02,3.86115351e-02,-1.01869735e-02,-2.10713787e-02,-5.20279066e-02,-2.11952890e-02,-2.77606123e-02
-5.31064419e-02,6.32161494e-02,-1.49032282e-02,2.36649710e-02,-4.76883406e-03,3.67037113e-02,7.14387916e-03,2.00422830e-02,2.66856381e-03,-7.96936026e-03,-4.61089569e-02,-4.35209109e-02,-3.06105454e-02
1.47353557e-02,4.18045292e-02,-1.82561451e-02,1.40975676e-02,3.04546323e-02,2.51656558e-02,7.12094478e-03,9.04470181e-03,3.06351491e-02,-3.58561794e-03,-1.48328768e-02,-3.80406010e-02,-5.82007179e-03
-3.15779340e-03,1.34267223e-03,-4.62626811e-02,-9.74005580e-03,9.69106407e-02,8.57266081e-02,3.16598280e-02,1.40089901e-02,1.64051845e-02,-1.83787202e-02,-1.45715127e-02,-3.11735096e-02,-1.12898486e-02
-2.41084648e-02,3.54464209e-03,-5.14559409e-02,8.34285273e-03,1.05593121e-01,4.36494506e-02,2.73793425e-02,6.45029929e-03,2.06321394e-03,-8.96846287e-03,6.44009315e-03,-1.54045972e-02,-4.70033611e-02
-1.86065072e-02,-1.96384160e-02,-7.73928275e-02,-1.53617616e-02,5.56882416e-02,1.28020516e-02,3.06217176e-02,-1.31230657e-02,-1.83147884e-02,-2.50072323e-02,1.98332230e-02,4.11453979e-02,-6.00239592e-02
1.88758318e-02,-1.77042477e-02,-6.13983632e-02,-2.28941526e-03,7.56692616e-02,-1.20156066e-02,-4.22503958e-03,-4.98159980e-02,5.93205119e-03,-1.97385290e-02,3.32920303e-02,7.10234155e-02,-3.22542680e-02
4.30254312e-02,-7.36113090e-03,-3.78377475e-02,1.71308189e-02,1.01557714e-01,-2.60098774e-02,9.27605877e-03,-6.57339434e-02,-5.09883557e-03,-5.00850857e-02,2.78306018e-02,5.72405332e-02,-2.72343890e-02
9.13482671e-03,2.25874584e-02,2.20515614e-03,2.49945352e-02,7.46673568e-02,-4.05523371e-02,-3.38046662e-02,-5.74840915e-02,2.99966980e-02,-1.24714800e-02,4.26781021e-02,5.25887441e-02,-5.62508402e-02
-2.63417315e-02,1.81303698e-03,4.74992779e-03,2.41554275e-02,7.30952712e-02,1.48313323e-02,-1.81785342e-02,-5.09823215e-02,3.33979551e-02,1.80304261e-02,6.14933158e-02,3.29071657e-02,-5.76418239e-02
-8.80787238e-03,2.10289119e-02,4.47021601e-03,-5.68688690e-03,1.05381956e-02,1.09722286e-02,-7.68420851e-03,-6.03101576e-02,2.10878933e-02,5.59111210e-02,5.46255128e-02,5.60852151e-03,-3.29640030e-02
6.52432978e-03,-2.53739606e-03,3.67190847e-02,-8.64303577e-03,-5.73608830e-03,1.85186436e-02,-5.07130735e-03,-5.93866823e-02,2.27386847e-02,5.44989210e-02,2.58403255e-02,-7.87847360e-03,-1.54185359e-02
2.42192985e-02,-5.30210509e-03,3.22558474e-02,-2.36647620e-02,-8.41821243e-03,4.81791788e-02,3.65111917e-02,-3.57180873e-02,6.91270010e-03,4.48125237e-02,5.08381557e-03,-2.62979651e-02,-2.20766486e-02
4.21168800e-02,-1.15132185e-02,8.62747746e-03,9.15552809e-06,-1.51380901e-02,4.08223149e-02,4.84097398e-02,-2.05972842e-02,-1.43401974e-02,3.15702801e-02,-2.40176550e-03,-4.67998767e-03,-1.63577642e-02
2.66453721e-02,2.98102468e-03,4.46963773e-03,-1.73174810e-02,-7.07537140e-02,4.77227336e-02,7.37462421e-02,-9.05500171e-03,-5.42287402e-02,1.17547535e-02,3.05456237e-02,4.89599139e-02,-2.99774601e-02
4.04981645e-02,-2.65793844e-02,-4.07117086e-02,-2.11296764e-02,-7.84654516e-02,2.05123765e-02,4.54560273e-02,-2.00444553e-03,-3.88142114e-02,8.35328502e-03,1.96941458e-02,5.05312317e-02,-4.37486777e-03
6.48961573e-02,-7.25704640e-03,-4.56800602e-02,-2.66367055e-02,-6.23723091e-02,-1.65963406e-02,5.98136775e-02,1.28330123e-02,-3.18041544e-02,-5.84028591e-03,-9.04187059e-03,1.42021792e-02,-5.55328628e-03
1.69836245e-02,2.89447757e-03,1.43894772e-05,4.14242901e-03,-1.77743739e-02,-1.07681120e-02,6.90647378e-02,7.32820815e-02,-3.05033925e-02,-1.36798462e-02,-3.70720832e-03,-1.25096277e-02,-4.48056797e-02
2.24143473e-02,1.50963507e-02,-4.63223163e-03,-4.69715452e-03,7.06862431e-03,-2.41592220e-03,4.59750458e-02,6.40662531e-02,-3.24231157e-02,1.34198926e-02,1.17804629e-02,-2.77465399e-02,-2.17282079e-02
5.37213320e-02,2.18404552e-02,-1.31152448e-02,-1.25014423e-02,-4.06394962e-03,-3.22562308e-02,3.07686534e-02,6.71879843e-02,-1.20466400e-02,3.59295780e-02,2.53624965e-03,-3.57510170e-02,-9.98472566e-03
1.75294705e-02,2.82211193e-03,4.74930323e-03,-2.27348628e-02,-2.96835179e-02,-3.69559997e-02,2.92466406e-02,8.64187024e-02,-8.53116934e-03,-3.50432205e-03,-3.50859843e-02,-2.64094168e-02,3.26316408e-02
2.62079206e-02,1.95820120e-02,-1.34217147e-02,-9.11525422e-03,-4.86810707e-02,-3.71476711e-02,4.79608009e-02,9.47686914e-02,1.14361762e-02,-1.32587795e-03,-5.30284310e-02,-3.75923288e-02,2.32361908e-02
2.19403972e-03,9.63850067e-03,-3.43191223e-02,7.90085929e-04,-6.73331035e-02,-6.48436496e-02,3.37487040e-02,8.32477993e-02,1.95205335e-02,-1.45856378e-02,-8.35542114e-02,-3.57400811e-02,3.56803203e-02
-1.57259993e-02,4.56668006e-02,-2.19876079e-02,-6.13052145e-03,-1.06418305e-01,-2.96297560e-02,7.30816980e-02,7.15145949e-02,1.70370057e-03,-2.58080713e-02,-8.06464336e-02,-2.16294423e-02,1.87986350e-02
-1.83047083e-02,3.33996186e-02,-4.80041753e-02,-1.07453393e-02,-1.10029549e-01,5.38631076e-04,8.50070897e-02,6.14866180e-02,6.26816408e-03,-2.07548764e-02,-7.48934296e-02,-9.88310958e-03,1.51661636e-02
-1.06060409e-02,2.05058456e-02,-6.63803174e-02,-2.53382023e-02,-1.20005607e-01,2.86208208e-03,7.83375457e-02,4.66839810e-02,4.20171550e-02,-6.00437328e-03,-7.84138981e-02,-1.19021412e-02,-6.26278294e-03
-2.36599237e-02,9.61280181e-03,-6.23875801e-02,3.83826078e-03,-5.05037430e-02,2.22661392e-02,8.35798834e-02,4.15663027e-02,2.32861752e-03,-3.08375113e-02,-8.53883471e-02,-3.06748022e-02,-2.50996171e-02
-6.25682606e-02,-1.58144391e-02,-8.27404690e-02,-3.18687809e-02,-2.25368591e-02,6.23060211e-02,8.23229139e-02,5.53722797e-02,6.50548204e-03,3.18150991e-03,-4.01444889e-02,-2.35918624e-02,-1.69064451e-02
-4.63722153e-02,-3.64270656e-02,-5.91443443e-02,-1.02451981e-02,4.13414471e-02,8.80326572e-02,7.39402579e-02,5.59809061e-02,1.54208723e-02,2.14345175e-02,-1.15689386e-02,-1.95778898e-02,-4.10296328e-02
-5.14535293e-02,-3.53680098e-02,-4.36831712e-02,-1.49695120e-02,5.34155425e-02,8.27350446e-02,7.68498619e-02,7.60132699e-02,5.99097460e-03,4.61882493e-02,1.47826546e-02,-2.28741164e-03,1.42665463e-02
-3.91058600e-02,-4.94393440e-02,-3.78612384e-02,1.77401173e-02,5.78251216e-02,8.51127495e-02,3.11345811e-02,5.01452371e-02,1.66739005e-02,7.34452436e-02,5.14118431e-02,2.90617723e-03,6.03176457e-03
-5.40848784e-02,-4.90906440e-02,-4.32284035e-02,1.27640481e-02,3.58206270e-02,1.68824973e-02,-3.24779117e-03,1.14826403e-02,3.22342931e-02,9.40058994e-02,5.77811437e-02,-4.46252504e-03,2.55691654e-02
-4.88687091e-02,-3.38967799e-03,-7.13424172e-03,1.14627557e-02,1.10848670e-02,7.03138483e-03,-4.53630420e-03,-2.94787416e-02,8.16364761e-03,7.77106055e-02,3.14593399e-02,-3.14431157e-02,9.30138832e-03
1.17926060e-02,4.20536657e-02,-1.15702812e-02,-1.17536144e-02,3.58542132e-04,9.28720376e-03,1.45197150e-02,-6.16030165e-02,-1.77547510e-02,7.19112522e-02,3.19748213e-02,-2.80015960e-02,6.37926671e-03
2.86888126e-02,2.46112653e-02,-4.38985237e-03,4.49189445e-03,2.33008590e-02,2.59164908e-02,1.72082846e-02,-7.25781362e-02,-6.09153744e-03,6.46278443e-02,2.10405780e-02,-1.49063041e-02,-1.36298128e-02
6.08475765e-02,1.80613323e-02,-1.50045883e-02,4.39147818e-04,4.88969557e-02,3.04815435e-02,6.88897497e-03,-1.00762217e-01,-3.08228522e-02,1.62767416e-02,-1.43796114e-02,-2.47864464e-02,-1.27243243e-02
4.15833401e-02,3.10093630e-02,-3.20480724e-03,-2.86370991e-02,1.22296112e-02,6.90622452e-03,1.94637241e-02,-7.85634584e-02,-3.86874945e-02,-9.26936473e-03,1.35386291e-03,-3.73462712e-03,-2.08767201e-02
2.83229656e-02,3.00961858e-02,2.93315836e-02,-3.96772666e-02,1.44652221e-03,1.13843398e-02,6.29829527e-03,-5.87769834e-02,-3.29328574e-02,-5.77077542e-02,1.52896484e-03,-1.07692165e-03,-3.49370351e-02
3.03599006e-02,-1.13533516e-03,3.98792325e-03,-2.41527361e-02,2.94614481e-02,1.28699879e-02,2.52557554e-02,-1.09554779e-03,-1.28579928e-02,-3.79392019e-02,5.98310797e-03,6.85791189e-04,-1.70516906e-02
5.23869005e-02,-4.39154489e-02,1.39832397e-02,-1.89626539e-02,5.69485330e-02,3.82707958e-02,1.36875367e-03,4.19101212e-02,1.04481843e-02,-3.81082469e-02,2.14079738e-02,6.61036600e-03,-3.24691503e-02
5.09843422e-02,-4.36587108e-02,2.74670294e-02,-5.10460935e-02,8.78199006e-03,2.40537108e-02,-1.20066352e-02,3.96323845e-02,9.47679771e-03,-1.62577890e-02,4.74257129e-02,1.79014972e-02,-3.15784666e-02
2.99467679e-02,-3.22517385e-02,4.13938637e-02,-4.01417851e-02,1.24955589e-03,2.12519015e-02,-2.72550330e-02,2.35283531e-02,1.91958047e-03,-2.14700255e-02,-7.18483552e-03,-2.11230446e-02,-3.99186163e-02
1.38854470e-02,-3.86122241e-02,-1.82356280e-02,-2.70377553e-02,-4.11267273e-02,2.54101127e-03,-8.83742321e-03,4.73842366e-02,4.89559121e-02,1.38336096e-02,2.25993361e-02,-2.53443960e-03,-2.84334188e-02
1.01358641e-02,-1.23237700e-02,-7.31749448e-03,9.75822522e-03,-3.48914657e-02,1.07345231e-02,1.05057243e-02,4.87236495e-02,4.76840264e-02,2.26691344e-02,1.15183305e-02,2.09200310e-02,-4.01294969e-02
2.05756622e-02,1.71954723e-02,-2.50241153e-02,-2.36158491e-02,-2.28388375e-02,4.30022306e-02,2.48590709e-04,1.89089961e-02,2.79232979e-02,2.67798531e-02,-9.34656811e-03,3.13104365e-02,-1.90651071e-02
4.55035935e-02,4.58489877e-02,-2.42057813e-02,-5.40603320e-03,4.18184532e-03,2.68077745e-02,6.83843626e-03,1.43000655e-02,-5.34436052e-03,2.94296222e-02,-4.18405188e-02,2.52925339e-02,-2.10537004e-02
1.92978993e-02,5.98275443e-02,-1.85526300e-02,-3.74606773e-02,-2.30797434e-02,-6.29114525e-04,-2.91724463e-02,-1.42500684e-02,1.39789330e-02,3.56802454e-02,-3.38181494e-02,3.42454507e-02,1.38443613e-02
8.02830111e-03,5.28051198e-02,-3.08089397e-02,2.71017217e-03,-4.43497865e-03,-1.05663440e-02,-1.81708092e-02,-1.66400387e-02,8.78263083e-03,6.03510121e-03,-4.44873118e-02,-6.70803114e-03,3.39515487e-03
3.78926607e-02,5.97566197e-02,-9.50098143e-03,1.57096128e-02,1.35168571e-02,-3.11085974e-02,-3.04999119e-02,-2.90461160e-02,1.77420604e-02,1.95729300e-02,-4.21619647e-02,-1.57380250e-02,1.54438657e-02
1.55104618e-02,2.99314813e-02,2.68314631e-02,2.05650360e-02,4.46052758e-02,-4.89030659e-03,-3.29865803e-02,-2.39432666e-02,1.15332160e-02,2.87363313e-02,-7.79796707e-03,-2.46326018e-02,7.36937139e-03
2.50098544e-02,2.25854417e-02,4.00943015e-02,2.70066229e-02,5.79540997e-02,6.70718274e-03,-4.44564265e-02,-4.44087728e-02,-1.31910213e-02,-6.58444346e-03,-7.96973160e-03,-7.01075606e-02,1.09090192e-02
-2.58524640e-02,-1.62600078e-02,1.89913231e-02,5.93793301e-02,1.56882236e-02,-2.21394869e-03,-2.71929587e-02,-3.10297981e-02,4.50251274e-03,-3.83383955e-02,8.54835424e-03,-5.29424162e-02,1.12903774e-02
-5.25998416e-02,-3.52167382e-02,4.20803730e-02,3.83532433e-02,-5.22201114e-02,-6.46756378e-03,-1.35973147e-02,3.56706539e-03,-2.91006508e-03,-5.31209890e-02,1.23959085e-02,-1.25566302e-02,1.94888381e-02
-6.01089449e-02,-4.83560176e-02,5.69912223e-02,3.07027388e-02,-6.14015173e-02,1.42901638e-03,-1.33094143e-02,-2.95904555e-02,-2.36750314e-02,-4.50067883e-02,4.97155608e-03,1.09666988e-02,2.33835794e-02
-3.43933506e-02,-7.04360881e-02,2.49277182e-02,2.38132812e-02,-6.84582774e-02,-7.69627357e-04,-9.36634728e-03,-2.60198892e-02,-4.24402069e-02,-3.34678039e-02,-1.93548213e-02,3.07767846e-02,2.80904338e-02
-2.37131249e-02,-6.66658801e-02,2.25302863e-02,9.26668553e-03,-3.93531585e-02,4.93479998e-03,-2.64632941e-02,-2.88025476e-02,-2.59649204e-02,-2.33656294e-02,-2.05755181e-02,2.75722049e-02,2.11443044e-02
-1.38196588e-02,-4.38156513e-02,2.38258993e-02,1.79690582e-02,-2.44348943e-02,8.08661869e-03,-1.82358156e-02,-4.62005902e-02,-5.67071372e-02,-5.81198524e-02,-2.12368273e-02,1.96826001e-02,-6.57275772e-03
3.32261117e-02,2.95202577e-03,2.34671852e-02,2.61602844e-02,-2.93114728e-02,-4.33350442e-02,-5.53998861e-02,-7.81765523e-02,-5.59933020e-02,-2.51359875e-02,-3.80353841e-02,2.01411419e-02,6.27615141e-03
2.88794081e-02,7.82982734e-03,2.36757883e-02,3.81566609e-02,1.28342468e-02,-4.81610207e-02,-4.15635535e-02,-5.18148165e-02,-2.01043903e-02,1.53432614e-02,-3.06505199e-02,1.49655328e-02,8.01247184e-03
4.63460857e-02,3.04121720e-02,1.93339846e-02,4.29124927e-02,-8.62408315e-03,-4.03678777e-02,-3.96034236e-02,-6.32021927e-02,-5.41424540e-03,3.85405212e-02,5.01479232e-03,5.10348022e-03,1.16170848e-02
5.88401502e-02,8.98491498e-02,2.38457614e-02,8.80233621e-02,2.49921079e-03,-2.81332570e-02,-1.36473742e-02,-8.47842013e-02,-1.95591463e-02,2.40766360e-05,7.73223643e-04,1.08621284e-02,-7.25316206e-03
2.54843637e-02,8.70769996e-02,2.14166596e-02,6.04508062e-02,-6.01787352e-03,-4.42254360e-02,-2.73172204e-02,-4.38583435e-02,-2.25410463e-02,1.49950847e-02,1.89641593e-02,5.77844426e-03,1.98867427e-02
1.95149064e-02,7.36893305e-02,2.32524822e-02,5.03469100e-02,-8.19986457e-03,-4.02427639e-02,-9.41319995e-03,-3.69927501e-03,-3.01203112e-02,1.64611444e-02,7.59709289e-03,-1.26603379e-02,2.79115498e-02
2.83421028e-02,4.93023185e-02,-1.72642556e-02,7.38080820e-04,-6.08350075e-02,-1.74370069e-02,-9.01358610e-03,6.93950293e-03,-4.31842568e-02,5.26669446e-02,2.18455699e-02,-2.48142153e-02,3.17691572e-02
2.23948780e-02,1.91822019e-02,-2.37782636e-02,1.68899749e-03,-2.05484633e-02,2.49779652e-02,1.61774737e-02,5.57695553e-02,-2.25012672e-02,3.83030793e-02,6.19290198e-03,-5.32859829e-02,-6.18232655e-03
4.03012439e-02,2.23080509e-03,-1.30730813e-02,2.30377786e-02,1.54325602e-02,3.25640255e-02,1.94304652e-02,4.85202585e-02,-4.83527027e-02,8.10030861e-03,1.51953569e-02,-2.19003032e-02,1.86747027e-02
3.46582161e-02,-3.17614913e-02,-3.76272880e-02,-3.35748639e-03,1.28561316e-02,-1.33809791e-02,-1.15636529e-02,4.63550678e-02,-4.66231262e-02,-9.12411383e-03,1.32614583e-02,-2.67986713e-02,6.40824708e-03
5.78078993e-02,-3.35554491e-02,-2.63232222e-03,-3.56856592e-02,6.81460323e-03,-3.35942202e-02,-6.62509269e-03,7.98731736e-02,-6.03323983e-03,-1.95954288e-02,1.77794414e-03,-2.92657823e-02,-2.87792851e-02
3.59707627e-02,-7.40618145e-02,-1.54304150e-02,-7.10224156e-02,-3.16560526e-02,-5.02871226e-02,-1.53483878e-02,3.38510501e-02,3.33396429e-02,-3.17856729e-02,5.06264109e-04,9.15478117e-03,-3.36917233e-02
5.26615621e-02,-4.49165743e-02,1.97700739e-02,-6.48078872e-02,1.83438563e-02,-1.40171999e-02,-1.64626171e-02,-3.41907029e-02,4.09069389e-02,-3.78209964e-02,2.09481338e-03,4.54112948e-02,-1.75781723e-02
1.20629921e-02,-5.07010315e-02,5.13808971e-02,-6.58787574e-02,5.60498787e-02,-1.87666334e-02,-2.63019828e-02,-1.84230592e-02,9.03423105e-02,-1.69466619e-02,4.47034296e-03,3.58441315e-02,-1.02122381e-02
3.33699757e-02,-1.69162757e-02,5.83752666e-02,-8.17554253e-02,4.63021955e-02,-1.51667668e-02,-2.48786085e-02,-7.26453681e-03,9.11385152e-02,-3.21516840e-02,-8.73116838e-04,2.15378750e-02,7.09069965e-03
5.83772384e-02,1.83332409e-03,5.82365016e-02,-8.60259177e-02,2.58171034e-02,-5.78416985e-03,-1.42073526e-02,-3.19894950e-02,3.00164806e-02,-1.81121505e-02,9.70048176e-03,-1.17774904e-02,1.32196951e-02
3.55451960e-02,-2.10206923e-02,5.21761101e-02,-5.00373107e-02,3.85443202e-02,1.54265409e-03,3.81373072e-03,-4.86361597e-02,1.15885495e-02,-7.19665572e-03,1.79293496e-02,1.11235434e-02,1.69002834e-02
3.94958300e-02,-2.49194890e-02,4.38916625e-02,-9.97565882e-03,6.43206837e-02,4.63015375e-02,4.92141015e-02,-8.48477704e-03,-8.34548861e-03,-1.84411752e-02,1.45230768e-02,3.49801880e-02,5.21766385e-02
1.36273213e-02,-3.42609570e-02,-7.12439971e-03,-7.86104996e-03,2.59054677e-02,-8.40682688e-04,4.66731083e-02,-1.09582930e-02,-4.76737258e-02,-4.00237026e-03,2.42217237e-02,3.39119120e-02,5.65581480e-02
-6.91379893e-04,-4.22119535e-02,-3.54059786e-03,3.33771731e-02,3.91593657e-02,8.58295811e-03,8.21029153e-02,2.91706797e-02,-3.88381174e-02,-3.39902890e-03,-7.55791400e-03,-1.09113500e-02,-3.97018155e-03
-3.28491406e-02,-4.10056720e-02,-9.56168800e-03,3.27222136e-02,-7.61714368e-03,-1.63953083e-02,9.18729866e-02,4.90928311e-02,-4.28583803e-02,-4.28606556e-02,1.43553248e-02,1.26684275e-03,-2.48992864e-02
-7.72405826e-02,-2.34720970e-02,3.06864130e-02,6.71990936e-02,5.15981403e-03,-3.01313849e-02,5.37120360e-02,5.05792834e-02,-8.78916974e-02,-3.55325004e-02,-1.56574962e-03,4.16529732e-02,-5.31120073e-03
-1.07541318e-01,1.44162244e-02,6.13422078e-02,7.45725579e-02,1.33381398e-02,-1.92289230e-02,-5.50739128e-03,1.13866837e-01,-2.55614023e-02,-1.02832161e-02,-4.24519180e-02,2.01015558e-02,-1.94893477e-03
-8.81678401e-02,8.35351262e-02,5.85013690e-02,6.82466481e-02,8.32155017e-03,-7.79869357e-03,-4.26439980e-02,1.46775234e-01,2.29577916e-02,1.37474769e-02,-5.69209545e-02,-2.65513518e-04,-2.21555882e-03
-7.55442864e-02,9.20555497e-02,3.93221093e-02,4.14965265e-02,-6.49938388e-03,-7.48703213e-03,-4.75983980e-02,1.46477500e-01,4.75104065e-02,2.41616112e-02,-7.61338711e-02,-2.61033926e-02,3.03812996e-02
-5.85342988e-02,1.03936099e-01,3.35341052e-02,5.60059649e-02,2.17038464e-02,-4.43156004e-02,-6.06765214e-02,1.08775457e-01,4.68965748e-02,1.44743073e-02,-8.30015438e-02,-7.52886632e-03,6.94568337e-02
-2.13374607e-02,1.20090259e-01,2.58532090e-02,3.10292139e-02,1.49759418e-02,-3.96236606e-02,-3.58736509e-02,1.21728546e-01,7.98506563e-02,-2.03411794e-02,-9.96300182e-02,9.44781387e-03,8.87764051e-02
-1.44306896e-02,1.22796855e-01,-1.81285979e-02,1.97113586e-03,-1.67677784e-02,-6.11405713e-02,-6.72777618e-03,1.00601450e-01,1.06021621e-01,-1.72736394e-02,-1.22406033e-01,1.53560332e-02,1.25391806e-01
1.20700791e-03,9.28639547e-02,-6.07921965e-02,-2.82526241e-03,1.06160811e-02,-4.42396906e-02,4.98659872e-02,7.78986392e-02,1.22003411e-01,-2.55246125e-02,-1.24048826e-01,-1.65616210e-02,1.05166237e-01
2.63446982e-02,5.94916181e-02,-6.85660151e-02,-3.33173780e-02,3.66139528e-03,-2.57108744e-02,1.02657756e-01,4.18125577e-02,1.12944173e-01,-4.05031926e-02,-8.03992014e-02,-2.97828376e-02,9.18459433e-02
-2.13700044e-02,-1.01131528e-02,-5.62531327e-02,-4.97754482e-03,-1.36594668e-02,-5.38090222e-02,1.10261925e-01,3.42732845e-02,4.06838706e-02,-6.26349390e-02,-6.51670560e-02,-6.37614272e-03,7.05065739e-02
-1.91072949e-02,-2.92579354e-02,-2.83573049e-02,7.94914140e-03,-2.75602168e-02,-4.75049346e-02,6.75605322e-02,2.76573855e-02,3.18328294e-02,-4.62696288e-02,-5.83861836e-02,-6.34609292e-03,6.00947932e-02
-9.07464067e-03,-3.46173984e-02,-2.57673116e-02,-1.17490644e-03,-4.49529490e-02,-4.12120138e-02,3.44882167e-02,2.19351108e-02,3.20662154e-03,-1.47704945e-02,-2.05882101e-02,6.17079171e-03,2.85510341e-02
-2.16857260e-03,-7.25148721e-02,-3.44400029e-02,-6.08481895e-03,-3.78764644e-02,2.13422078e-03,1.10475201e-02,1.46624862e-02,-5.50366434e-03,5.19020185e-03,4.51960473e-03,-9.51081565e-03,9.41500315e-03
3.11351780e-02,-5.78830824e-02,-1.70273044e-02,-4.13778690e-03,5.91741603e-03,2.06579213e-02,-8.59761380e-03,4.76999688e-04,-2.82638488e-02,1.30132602e-02,3.58808728e-02,-2.46057708e-03,-1.19131741e-02
5.69881742e-02,-3.45518801e-02,-1.37390157e-03,-5.02161938e-03,2.52222231e-02,-2.16636061e-03,-3.74792606e-02,-2.09788215e-02,-4.79279694e-02,-1.67859525e-03,5.76268208e-02,1.89225988e-02,-3.70418640e-02
1.03383757e-02,-1.14619863e-02,2.15443540e-02,7.43537826e-03,4.58282291e-02,3.57087790e-02,-2.06026706e-02,-9.54317489e-03,-2.67543176e-02,-1.39709437e-03,6.34991579e-02,1.71386923e-02,-5.61867173e-02
1.74267693e-02,2.14712475e-02,8.44661283e-03,9.25173749e-03,5.08759413e-02,3.16240093e-03,-4.22288707e-02,1.19003430e-02,-2.58136106e-02,-1.47412954e-02,1.00648155e-01,2.32090288e-02,-8.07224430e-02
1.20112471e-02,3.91901355e-02,6.16454503e-03,-4.38649277e-03,6.15838302e-02,1.68757564e-02,-5.10879845e-02,-4.50678518e-02,-2.59691872e-02,2.06098036e-02,9.43697790e-02,3.21020581e-02,-8.99721969e-02
-3.37442117e-03,2.68377143e-02,1.34379290e-02,1.78135742e-03,7.50503669e-02,2.65110738e-02,-4.68941408e-02,-5.59157376e-02,-5.27669330e-02,9.33331606e-03,9.38434870e-02,3.07055973e-02,-9.41748057e-02
-4.41438490e-02,2.33622525e-02,2.50309549e-02,-1.77161137e-02,5.37370936e-02,3.11801692e-02,-1.91034760e-02,-2.87948271e-02,-1.89144295e-02,5.45354944e-02,1.01814132e-01,2.99256273e-02,-1.05270457e-01
-3.50514999e-02,8.01057424e-03,2.96618973e-02,-3.32897155e-02,1.91957920e-03,1.59389845e-02,-2.99334648e-02,-5.43856520e-02,-1.28984562e-02,5.92192817e-02,6.98325100e-02,3.98296141e-02,-8.38008585e-02
-4.46704822e-02,-2.08096208e-02,4.22861998e-03,-1.29324055e-02,1.17993898e-02,3.61622819e-02,-1.84593702e-02,-2.25714157e-02,-1.19982335e-02,3.54719459e-02,4.38381356e-02,2.05902410e-02,-5.48866910e-02
2.44838303e-03,-5.95826073e-03,8.04518628e-03,-2.14272813e-02,-3.71874919e-02,3.13071758e-02,-4.28752645e-03,-4.09167477e-02,-1.47537617e-02,2.44577123e-02,6.43368143e-03,1.90707323e-02,-2.96513666e-02
2.57453178e-02,2.00919193e-02,1.79484777e-02,-1.16761207e-02,-4.33404695e-02,-1.61936847e-03,4.88281827e-03,-3.36086712e-02,-1.52083271e-02,9.98988777e-03,-2.21500256e-02,2.86498757e-02,9.64796603e-04
1.05102024e-02,1.40591496e-02,2.78849839e-02,-9.98793908e-03,-3.94033479e-02,3.10284162e-02,3.45050261e-02,-2.34605549e-03,-1.32543279e-03,-6.80377775e-03,-4.48866256e-02,2.22127158e-02,3.44367725e-02
2.72032251e-02,9.32923777e-03,6.49024575e-03,8.05672831e-03,-3.96056960e-02,5.11420373e-03,1.97763417e-02,2.32213314e-02,1.29449803e-02,-5.13522595e-02,-4.69393094e-02,1.78787178e-02,3.56910032e-02
3.53798742e-02,3.36591374e-03,1.11232416e-02,-3.49712156e-03,-6.22159866e-02,1.08096611e-02,1.21603408e-02,2.04016099e-02,3.24449451e-02,-5.24728685e-02,-5.34408975e-02,1.18750799e-02,5.03702412e-02
4.25850035e-02,2.97880264e-03,3.72650356e-02,9.50200025e-03,-4.61597715e-02,3.74398826e-02,1.39096156e-02,2.51575760e-03,-5.24877606e-03,-7.64490603e-02,-7.19426491e-02,-2.09577586e-04,5.89838484e-02
2.20974727e-02,-2.19995418e-02,1.99387442e-02,-1.26262487e-02,-5.33120658e-02,5.77237942e-02,2.00329267e-02,1.79633739e-02,-2.58450446e-03,-5.67228973e-02,-2.99629907e-02,-1.89974754e-02,2.87328169e-02
2.62959094e-02,-4.21041048e-02,1.03404513e-02,-1.98502410e-03,-6.53625941e-02,5.44939610e-02,1.46241912e-02,-1.51987617e-02,1.37928181e-02,-3.11564508e-02,-2.14935728e-02,2.96757575e-03,3.49659324e-02
9.42729152e-03,-5.82034296e-02,-8.20226766e-03,1.27548049e-02,-2.50010350e-02,5.70405879e-02,2.20999542e-02,1.57763041e-04,1.89980755e-03,-3.51592164e-02,-1.69700112e-02,-1.30024743e-02,1.37914352e-02
2.17470183e-02,-4.85089080e-02,-2.36188040e-02,3.63310979e-03,-4.24740437e-02,3.72548550e-02,7.52834250e-03,-4.35830490e-02,-1.32963970e-02,-8.56350747e-03,-3.31978476e-03,-1.50540881e-02,-1.73195344e-02
-1.37549731e-02,-2.96367273e-02,-1.02799379e-02,1.68793765e-02,-6.79997500e-04,3.43399874e-02,8.13189320e-03,-1.33593536e-02,1.07623101e-03,1.23251721e-02,1.88880842e-02,1.04770486e-03,-2.79517819e-02
-3.47908243e-02,-3.02713396e-02,-7.44495885e-03,2.73915948e-02,4.54972904e-02,1.17271239e-02,8.38597266e-04,-1.64102870e-03,-1.80799796e-02,2.39471702e-02,9.96654650e-03,9.96827737e-03,-2.89635937e-02
-6.77053286e-02,-3.11122813e-02,1.67470434e-02,6.12761429e-02,9.32335131e-02,3.36756715e-03,-2.50737859e-02,2.53278906e-02,-1.39176062e-03,1.08826731e-02,9.19092648e-03,-9.54976883e-03,-6.12480272e-02
-7.02844803e-02,-2.23114681e-02,3.33723517e-02,2.58000329e-02,9.33370762e-02,-1.79334416e-02,-1.48477859e-02,5.30951904e-02,1.89905943e-03,4.13133237e-02,2.45105795e-02,-3.45266594e-02,-6.58130610e-02
-9.80259997e-02,-3.54254658e-02,6.17899452e-02,1.02879004e-02,9.40215210e-02,-6.53571484e-03,2.14036867e-02,9.32621142e-02,-6.68038268e-03,6.67435277e-02,-2.97806550e-04,-8.16210321e-02,-9.07414343e-02
-8.78007538e-02,-7.63780299e-02,4.57102326e-02,-3.17642416e-03,6.57869248e-02,-3.92887998e-02,-6.39605838e-03,1.14830617e-01,-1.19099931e-02,5.08476815e-02,1.99927837e-02,-1.00352084e-01,-6.40152191e-02
-9.24638541e-02,-1.22086998e-01,-8.63911950e-04,-3.59090513e-02,2.68745230e-02,-5.15228234e-02,-1.08593668e-03,1.14203194e-01,8.99666543e-03,4.53122884e-02,-3.33533583e-04,-7.43022022e-02,-1.72280523e-02
-9.21095433e-02,-1.55582468e-01,-1.84770874e-02,-2.91354774e-02,1.34162593e-02,-5.25568790e-02,1.35649093e-02,1.15337711e-01,1.77656932e-02,4.64154709e-02,-5.39754659e-03,-7.15206557e-02,4.40241573e-03
-5.33658027e-02,-1.28246251e-01,-4.15075182e-02,-3.13364237e-02,-3.72545878e-02,-5.75508689e-02,1.07049672e-02,7.20621572e-02,2.62773072e-02,5.20307430e-02,-6.65748318e-03,-6.84652960e-02,2.81083717e-03
-1.66085905e-03,-1.07555296e-01,-2.64574639e-02,-1.05909867e-02,-4.02377515e-02,-1.73110575e-02,-6.85054287e-03,3.81377574e-02,3.63437054e-02,4.83027781e-02,3.49447849e-03,-2.58759527e-02,4.45514455e-02
4.45881602e-02,-5.28658789e-02,-7.52653575e-03,4.04601439e-02,-3.64247611e-02,-2.15115619e-02,-1.96899994e-03,9.77000189e-03,9.40191139e-03,1.16994818e-02,-2.69309466e-02,-3.89213048e-03,7.35936251e-02
5.58535038e-02,-1.60950059e-02,3.98935479e-02,9.84720805e-02,3.08493894e-03,-1.98221115e-04,-4.15529655e-02,1.21026336e-02,3.00721859e-02,-1.94791736e-02,-2.78351111e-02,2.15299628e-03,6.88445073e-02
9.23503550e-02,5.23370248e-02,5.87737322e-02,9.69169875e-02,2.33492429e-02,1.26932862e-02,-3.71031558e-02,-7.59093628e-03,-5.58744036e-03,-2.87588083e-02,-3.91802307e-02,-6.24929778e-03,5.87589981e-02
8.36620695e-02,8.93827880e-02,7.90642733e-02,1.24812532e-01,8.17492142e-02,4.86662803e-02,-1.03768649e-02,-3.82650072e-03,-3.54665829e-03,-2.79271081e-02,-5.32163659e-02,-4.45082344e-02,2.48656366e-02
8.60136003e-02,1.03109147e-01,9.70596472e-02,1.29014729e-01,8.04343245e-02,4.82121236e-03,-1.26485559e-02,8.67063609e-03,-2.29146349e-03,-2.10293865e-02,-4.19568176e-02,-3.36318795e-02,9.63032660e-03
7.39722064e-02,8.15044729e-02,5.30379892e-02,8.26805006e-02,6.91943208e-02,7.90323324e-03,-1.26144738e-02,-4.55516101e-03,-1.14730307e-02,-8.35604251e-03,-4.88581388e-02,-3.00537056e-02,-4.86556419e-03
1.04598065e-02,3.45707916e-02,2.36211083e-02,5.43199795e-02,6.45481135e-02,2.18658072e-02,1.14609583e-02,-1.22720519e-02,7.54532998e-03,1.04826833e-02,-1.65583875e-02,-1.87205279e-03,-1.34490045e-02
-1.84853954e-02,-1.18448828e-02,-1.43904588e-02,3.73608287e-02,7.94024274e-02,2.91678517e-02,2.92964714e-02,-1.19154316e-03,2.55275594e-02,1.72372592e-02,-1.66860672e-02,1.37320822e-02,-5.34396862e-02
1.26395238e-02,-1.86547288e-02,-1.33691772e-02,-6.66855629e-03,5.72311977e-02,1.77206910e-02,1.25828753e-02,-4.67986839e-02,1.97241692e-03,1.38030786e-02,9.01767392e-03,4.73069781e-02,-3.29510001e-02
1.72888089e-02,-1.05506395e-02,-1.63094059e-02,-4.29063141e-03,3.33493734e-02,-1.59032345e-02,1.75655228e-02,-4.36558593e-02,-1.84555243e-02,8.81166872e-03,3.86458006e-03,4.62457683e-02,3.13821833e-03
3.89646555e-02,1.34445454e-02,4.40639084e-03,-2.64612171e-02,2.31298273e-02,-3.42864939e-02,2.39473844e-03,-1.79768806e-02,-3.88366069e-03,-1.59728208e-02,-2.32280144e-04,6.07547954e-02,2.44537213e-02
5.42450891e-02,3.75609004e-04,3.47144830e-03,-3.17698214e-02,2.45137455e-02,-2.80562829e-02,-1.32175186e-05,6.00184966e-03,-1.48475202e-02,-8.66182326e-03,7.65026324e-03,5.42058008e-02,1.64110713e-02
7.67168420e-02,-7.21665553e-04,-7.23845736e-03,-3.64476915e-02,3.55776085e-02,-1.32648449e-02,2.03044024e-02,2.55228939e-02,-3.91705157e-02,-1.76575511e-02,-8.55954616e-04,2.21561864e-02,1.80917933e-02
4.18238750e-02,-1.24554471e-02,3.32800778e-03,-4.22224544e-02,4.88425970e-02,-2.48494226e-02,2.22407197e-02,3.51070869e-02,-2.72206529e-02,-3.43142917e-03,1.24174690e-02,1.98103254e-02,2.21119486e-02
6.07325333e-02,-1.68600325e-03,-8.13522107e-03,-6.29891791e-02,1.00355143e-02,-8.61478439e-03,2.26231954e-02,2.96159310e-02,-4.91158618e-02,3.55572173e-02,1.59975800e-02,-1.32295551e-02,1.98977957e-02
3.30364856e-02,1.29469492e-02,-2.08496821e-02,-7.19519906e-02,-2.36003916e-02,-9.89874819e-03,2.87492717e-02,2.70077752e-02,-5.48328676e-02,5.31523026e-02,4.24943026e-02,-3.09809827e-02,-1.04063121e-03
-3.05775157e-02,-1.94705065e-03,-1.76456557e-02,-5.25589849e-02,-3.61887609e-02,3.30760827e-03,3.48256009e-02,7.37055924e-02,-2.49979232e-02,5.06539935e-02,3.89108118e-02,-4.46604008e-02,-3.74464839e-02
-8.56770610e-02,-3.25841312e-02,-2.36268520e-02,-7.10305953e-02,-6.63791334e-02,-1.54214950e-02,1.93628166e-02,6.55622419e-02,-1.26712563e-02,4.60367226e-02,8.20386222e-02,-3.41312166e-02,-2.19564023e-02
-9.26698502e-02,-3.33017064e-02,-3.03362356e-02,-5.02675913e-02,-9.85462505e-02,-3.32738273e-02,2.12925781e-02,4.58474082e-02,-4.90985541e-03,3.73592026e-02,9.90462082e-02,-4.38879894e-02,-4.36376580e-02
-6.68902773e-02,-2.35336720e-03,-1.38548601e-02,3.37468470e-03,-1.06437322e-01,-3.58313951e-02,1.58680092e-03,2.91396548e-02,1.63710575e-02,-8.77573033e-03,8.26543950e-02,-5.58181907e-02,-5.13202426e-02
-4.88229024e-02,1.85233959e-02,8.50275122e-03,5.16457962e-02,-5.04757703e-02,-7.06745355e-02,-3.12589322e-02,3.78956142e-02,3.78043485e-02,-1.04222594e-02,9.30233625e-02,-6.01059801e-02,-8.66776202e-02
-8.38915657e-03,1.69070416e-02,2.65858829e-02,5.27882053e-02,-3.27664567e-02,-5.28594957e-02,-1.10861017e-02,2.01965964e-02,9.82121733e-03,-1.01268748e-02,6.91500695e-02,-4.93155323e-02,-8.75720182e-02
-1.45124638e-02,-2.31882286e-02,3.14755872e-02,8.14070536e-02,2.21120206e-02,-4.62045902e-02,-1.47938104e-02,-3.91355745e-03,3.84122467e-02,-3.02886478e-03,8.23044438e-02,-5.53426974e-02,-6.79035538e-02
2.09300186e-02,-2.21148458e-02,5.48650329e-02,7.73374582e-02,1.82653042e-02,-3.15923810e-02,-1.44463488e-02,-5.62937235e-02,3.58491065e-02,6.27326017e-03,5.74167241e-02,-4.78815419e-02,-4.66761639e-02
3.58412173e-02,-1.30589420e-02,4.44779164e-02,6.18678384e-02,1.56418671e-02,-4.94376110e-02,-3.71347534e-02,-7.15155133e-02,2.00577242e-02,4.83646375e-03,3.29398295e-02,-3.09399838e-02,-3.80609229e-02
3.59607930e-02,2.52461048e-03,3.17420118e-02,4.05048298e-02,-6.97103205e-03,-4.54430408e-02,-9.48367343e-04,-5.33045490e-02,2.70813623e-03,-1.90757482e-02,-4.92804496e-04,-3.23865683e-02,-1.89659155e-02
-2.14317066e-03,-3.19593248e-02,9.17479624e-03,2.98566924e-02,-1.03961653e-03,-3.38227915e-02,-5.09142361e-04,-4.12189016e-02,2.69053207e-02,-8.43810862e-03,-1.71038099e-02,-2.08504502e-02,2.92899739e-02
2.91318203e-02,1.22813645e-03,-2.23743813e-02,-2.10295296e-02,-4.77611026e-02,-3.59597078e-03,2.60619106e-02,-2.51400752e-02,2.70823507e-02,-1.62362689e-02,-2.87332585e-02,1.56960520e-02,1.97101343e-02
3.16028238e-02,-1.82919291e-02,-4.17542344e-02,2.17403070e-02,-3.88819788e-02,5.98247715e-02,1.24322680e-02,-4.48372271e-02,1.82514801e-02,-2.54766374e-02,-2.50233697e-02,2.33618242e-02,2.26441059e-02
4.29328772e-02,1.75277447e-02,-5.18933566e-02,9.18791146e-03,-1.82321740e-02,5.82373718e-02,-1.23816873e-02,1.51057378e-03,3.10070848e-02,-1.63350733e-02,-1.03239634e-02,4.00171960e-02,-1.70663336e-02
2.54050244e-02,3.58638756e-02,-4.20539937e-02,-2.50812805e-02,1.71722613e-03,6.42968963e-02,-3.67478637e-02,1.35400687e-02,2.36387082e-02,1.55550216e-02,-1.83234785e-02,4.20851876e-02,-2.39039509e-02
2.87602711e-02,3.06129797e-02,-4.07393898e-02,-3.13730538e-02,-7.68981649e-03,-3.89844200e-03,-6.21311532e-02,4.34061277e-02,2.36917285e-02,4.44891756e-02,9.51377830e-03,-2.81736861e-03,-4.77893703e-02
-6.95521100e-03,-3.14246192e-03,-4.35083712e-02,-2.59981178e-02,8.65836896e-03,-2.49233576e-02,-8.78235883e-02,2.36885791e-02,3.86136740e-02,5.30354366e-02,9.63615362e-03,-1.00527761e-02,-4.31763261e-02
-5.88835653e-02,1.33821300e-03,-7.84754252e-03,-1.08586358e-02,1.58060652e-02,-5.01276038e-02,-1.22534885e-01,1.75300340e-02,3.79952777e-02,4.31415003e-02,1.60235980e-02,1.08486910e-02,-4.45642306e-02
-3.07254106e-02,-1.18965723e-02,-3.17325020e-02,-3.65164737e-02,2.10990629e-02,-3.23097040e-02,-6.62003431e-02,3.42290253e-02,1.19375223e-02,2.79712508e-02,3.20068882e-03,-1.33419556e-02,-3.61985952e-02
-2.39772809e-02,1.23545762e-02,-1.10261311e-02,-2.60018099e-02,3.24428083e-02,-1.77976672e-02,-3.00320836e-02,2.04044552e-02,1.24880588e-02,1.77396707e-02,-7.74730190e-03,-4.25149413e-02,-1.84515509e-02
1.48735094e-02,6.30463001e-02,1.17962400e-02,-2.73900439e-02,1.15737462e-02,-2.25014771e-02,-1.06163123e-02,2.90119570e-02,2.91327439e-03,2.83447656e-03,-2.09002462e-02,-4.99668406e-02,6.80335201e-03
-6.52225794e-03,2.61185272e-02,2.77206558e-03,1.20495924e-03,3.18461283e-02,2.15840750e-02,2.98886323e-02,-1.51013355e-02,-5.13595925e-02,-1.50450176e-02,-3.07693052e-03,-1.92648120e-02,6.09190482e-02
-5.48780092e-03,-1.73005692e-02,-6.10306341e-02,-4.33105138e-02,1.74098232e-03,4.83619846e-02,3.39302288e-02,-3.36343942e-02,-5.41754241e-02,-3.58820320e-02,-2.17812268e-02,8.42528632e-03,5.76064401e-02
-1.65961388e-02,1.85337457e-03,-2.96719234e-02,-4.44424207e-02,-5.24680842e-03,4.84135186e-02,3.72376000e-02,-6.64880786e-02,-4.73071007e-02,-1.47106255e-02,-2.35750848e-02,-1.01961430e-03,4.03436337e-02
-2.00645158e-02,1.60910674e-03,-2.00649537e-02,-5.10959396e-02,-1.10972004e-03,2.04301253e-02,1.53560061e-02,-4.94799025e-02,-2.48381832e-02,-4.51868751e-03,-4.08148931e-03,5.47325773e-03,2.32874304e-02
-4.12110467e-02,-2.99754760e-02,-8.76498241e-03,-4.26513590e-02,2.37581133e-02,-1.00206081e-03,-9.24540856e-03,-5.36228806e-02,8.34898789e-03,1.05075009e-02,1.58143724e-02,1.13622592e-02,2.92010874e-02
-3.77234096e-02,-4.20769101e-03,8.92250122e-03,-5.63086766e-03,3.86532319e-02,-2.33363626e-02,-3.21768615e-02,-4.10074917e-02,2.57258597e-02,3.51930632e-02,1.91101334e-02,-3.55774443e-03,1.16959621e-02
3.38849588e-03,-1.23694764e-02,4.21015257e-04,-1.48769334e-02,3.65647258e-02,1.66250835e-02,-8.39015363e-03,-3.16971735e-02,3.77845462e-02,3.21597178e-02,7.34696807e-03,2.86110568e-02,1.49734596e-02
-1.30067418e-02,9.70840810e-03,3.11428061e-03,-9.47767993e-03,4.60944747e-02,3.77041163e-02,3.52302211e-02,-5.26122334e-03,6.06570717e-02,4.69389851e-02,-9.42769076e-04,-3.60868584e-03,8.13358872e-03
-2.02242115e-02,3.73206193e-02,2.49694077e-02,-3.47612594e-02,-5.90818554e-03,8.70049595e-03,4.01827320e-02,2.22353550e-02,5.97691162e-02,4.28933753e-02,-1.53602187e-02,-1.81803826e-02,2.10208764e-02
-3.49447837e-02,2.45715474e-02,1.28645024e-02,-4.06856913e-02,-6.07267574e-02,-8.05588381e-03,5.44666660e-02,2.97008259e-02,1.87855471e-02,4.94859310e-02,-2.22930245e-02,-6.19876178e-03,4.42919903e-02
-7.25008678e-02,-5.79048712e-02,-5.31147360e-02,-7.31615491e-02,-1.17180062e-01,-1.55071841e-02,4.06852401e-02,8.73228214e-03,-2.44138629e-02,1.67823173e-02,-6.57746855e-02,-4.33200220e-04,4.41497300e-02
-7.50431652e-02,-6.47172026e-02,-2.41257883e-02,-2.63097466e-02,-1.37357897e-01,-5.51635574e-02,2.83088841e-02,-2.23996139e-02,-5.02144732e-02,1.15583928e-03,-8.03104329e-02,-6.94557482e-03,3.57911407e-02
-8.45033918e-02,-8.61464690e-02,-3.29718737e-02,-1.14045172e-02,-1.06724777e-01,-1.70432576e-02,4.95290886e-02,1.55755402e-03,-6.75543941e-02,-4.55660433e-02,-9.12676588e-02,1.63508617e-02,2.43062946e-02
-7.68166262e-02,-8.21358357e-02,4.16129743e-03,2.36957465e-02,-6.09467401e-02,-1.36888916e-02,3.73369813e-02,1.09241884e-02,-3.34449659e-02,-4.21126661e-02,-4.04058396e-02,2.74974683e-02,2.22008808e-02
-2.43280173e-02,-2.65669025e-02,5.39799996e-02,7.87459264e-02,-3.19893540e-02,-4.72515634e-02,2.15911939e-02,4.89102767e-02,-1.90861837e-02,-2.03056053e-02,-4.25541018e-02,-1.52456032e-02,2.30694078e-02
2.21660642e-02,-2.31476312e-02,7.59006461e-02,1.10528632e-01,4.10837160e-02,1.82735755e-02,2.48812806e-02,2.80585270e-02,-7.67998094e-03,-4.69343042e-02,-1.67787756e-02,2.23170139e-02,2.37948406e-02
5.21936295e-02,3.25227582e-03,8.20918544e-02,1.30507768e-01,7.92930866e-02,2.98806544e-02,5.61320904e-02,5.38970921e-02,4.43164014e-02,-2.36785010e-02,-1.44209533e-02,-1.13754635e-02,1.36412177e-02
7.63413548e-02,3.93649340e-02,1.04839570e-01,1.07727774e-01,5.26005075e-02,4.64712786e-03,4.54875130e-02,6.66260934e-02,5.33868716e-02,-1.83192633e-02,-3.32706651e-02,-2.72296748e-03,2.15618078e-02
1.02326503e-01,6.72267342e-02,9.17485419e-02,6.18789888e-02,-2.80986527e-03,-9.14288049e-03,1.03016039e-02,5.99456055e-02,7.11436344e-02,-1.31240767e-03,-4.28057535e-02,1.32405864e-02,2.75312790e-02
7.00868280e-02,4.62113418e-02,7.55679789e-02,4.13060886e-02,8.96616484e-03,8.06396352e-04,-1.36128107e-02,3.99234849e-02,5.82912147e-02,3.08354098e-03,-4.91590719e-02,1.56046364e-02,1.67956032e-02
8.02134047e-02,4.17886185e-02,7.25232087e-02,2.28918283e-02,-1.05780045e-02,-1.95241269e-02,-3.12940480e-02,3.17105379e-02,5.25409480e-02,4.91439461e-03,-6.34583075e-02,2.64024811e-02,1.75266871e-03
6.04304660e-02,2.35189540e-02,4.32456632e-02,-4.29428876e-03,7.27222775e-03,2.72729340e-02,-8.15825515e-03,2.18383627e-02,1.64072100e-02,-1.74010563e-02,-7.89713438e-02,1.40212780e-02,-4.46898269e-02
4.60147449e-02,3.21822865e-02,2.57169920e-03,-1.59777014e-02,1.82784142e-03,5.36511480e-02,1.98242005e-02,-1.31437498e-02,2.96293727e-03,5.93006995e-03,-4.05671216e-02,1.81214816e-02,-5.66629543e-02
2.98195215e-02,5.08457880e-02,1.14090319e-02,4.26376730e-03,1.66364722e-02,3.63617354e-02,-1.68521907e-02,-2.63326698e-02,-1.33143284e-02,1.47724268e-02,-4.59690057e-02,4.37705389e-02,-3.38159736e-02
-9.42121687e-03,3.53617910e-02,-1.33270725e-03,9.25889902e-03,5.37941782e-02,5.89922165e-02,4.43982840e-03,-1.11977209e-02,-1.75250515e-02,-9.26627903e-03,-2.40685457e-02,4.08632065e-02,-3.57354116e-02
1.31326373e-02,-1.58504811e-04,-4.13646227e-02,-3.69462170e-03,5.10324479e-02,5.02736515e-02,4.05407622e-02,2.75358691e-03,-1.35708940e-03,9.73973221e-04,-2.24258580e-02,1.98165626e-02,-2.89288360e-02
2.39788745e-02,2.12280907e-03,-5.71388144e-03,-3.16126330e-03,2.38540929e-02,2.07008339e-02,3.85082670e-02,1.72169498e-02,-1.56917832e-02,-1.05079866e-02,-3.11574198e-02,1.35990675e-02,-1.69622152e-02
-3.21248842e-03,-1.30145213e-02,-1.15640986e-02,1.33988972e-02,3.52971853e-02,3.37599445e-02,1.93047657e-02,6.66498484e-03,-3.49265436e-02,-2.15031787e-02,-1.08509137e-02,1.11438501e-03,-8.49201941e-03
-1.98132709e-04,-1.62132618e-02,-1.41002452e-02,6.80151812e-03,3.76451483e-02,1.29127641e-02,-1.85005623e-02,1.20941306e-02,-4.97108280e-02,-1.58829399e-02,1.88925016e-02,9.14648968e-04,1.78021526e-02
1.80287995e-02,-2.26946057e-03,1.84054664e-02,-2.13991412e-02,-8.32838458e-03,-3.88543090e-02,-3.41633261e-02,2.73774250e-02,-3.90246129e-02,3.24959435e-03,3.54881445e-02,6.04153152e-03,2.36196105e-02
-6.60137989e-04,2.09824861e-02,5.39808595e-02,-4.88919802e-03,2.37827630e-03,-4.13170503e-02,-3.32236656e-02,2.32321537e-02,-3.12641328e-02,-2.71280991e-02,2.93435169e-02,-1.10179989e-02,1.77633644e-02
-1.43886440e-02,2.81029964e-02,6.17722913e-02,1.88114015e-02,1.14519942e-02,-1.30730298e-02,-1.60971220e-04,-2.32820289e-03,-4.79860691e-02,-1.30478414e-02,5.13499340e-02,-1.03038081e-02,2.60142850e-03
-8.90630392e-03,4.28811539e-02,4.26561356e-02,2.83948169e-02,2.63389942e-02,8.73017001e-03,-3.38061153e-02,-1.74371777e-02,-3.92295633e-02,-8.08502305e-03,5.18533705e-02,-2.38282314e-03,-2.95398073e-03
-3.97645850e-02,9.53031863e-02,2.84279849e-02,1.79229487e-02,6.20942614e-04,7.16297833e-03,-2.56974297e-02,7.16390047e-03,-8.40161218e-03,-2.30681219e-02,5.59552221e-02,3.31453897e-03,-9.48551877e-03
-3.39098950e-02,6.26204520e-02,-2.59886068e-02,2.81716849e-02,4.17319476e-03,8.50465370e-03,-2.55443311e-02,7.95730164e-04,3.37779223e-02,1.05421853e-02,5.93457216e-02,-7.29091097e-03,-7.42073366e-03
-3.19040976e-02,6.65618487e-02,-3.75976829e-02,7.22975545e-03,-3.43956031e-02,7.36968352e-03,-2.45331593e-02,-1.87556519e-02,3.19097092e-02,-1.02496770e-02,7.62425003e-02,2.69751170e-02,1.76070612e-02
-5.62272534e-02,3.75701521e-02,-6.20241099e-02,1.50001909e-02,-3.85873682e-03,3.00152004e-02,-3.50815357e-02,-4.69808585e-02,1.19423644e-02,6.30287939e-03,9.08090057e-02,7.54175225e-03,1.28808952e-02
-2.84643612e-02,1.99520622e-02,-7.60921526e-02,-3.01385367e-02,-3.05903037e-02,4.49316373e-02,-3.23979488e-02,-5.25050741e-02,-1.56344339e-02,1.58517609e-03,7.49883270e-02,4.97640881e-04,1.91501985e-02
1.19398702e-02,-4.09622732e-03,-4.09376040e-02,-2.62284911e-02,-4.99578376e-02,-7.64410980e-03,-6.38742871e-02,-7.67677238e-02,7.78826091e-03,4.67276955e-02,7.84528830e-02,-3.98743454e-03,2.69502436e-02
2.23200671e-02,-4.14468569e-03,-1.15759325e-02,-2.05803074e-02,-4.27472533e-02,-4.12508218e-02,-3.60246556e-02,-7.96560710e-02,1.20800519e-03,1.82334015e-02,5.18328256e-02,1.20944071e-02,7.15017620e-02
3.27209099e-02,-2.88599804e-02,2.89041332e-02,6.33417168e-03,-9.41601547e-03,-6.15314270e-02,-4.81299710e-02,-6.36015934e-02,-5.32882933e-03,1.17445612e-02,1.44573538e-02,1.42556645e-02,6.34479202e-02
7.96241604e-02,-1.99656590e-02,2.33484445e-02,-1.46382409e-02,-1.04416046e-02,-7.13211498e-02,-3.77936390e-02,-3.22419199e-02,2.01006976e-03,2.63524168e-03,6.56951782e-03,-1.37324247e-02,3.11520139e-02
8.59248480e-02,5.25416295e-03,2.38082614e-02,-2.80919556e-02,-1.55750189e-02,-6.94150631e-02,-1.29601950e-02,-8.15409787e-03,1.38859695e-02,-4.94392124e-03,-1.78292855e-02,-1.69444413e-02,2.23434276e-02
8.34621602e-02,-4.95477455e-03,2.76521687e-02,-6.74923862e-03,-3.00366975e-02,-5.17822349e-02,-1.85797993e-02,3.62219314e-02,6.08483583e-02,1.09005336e-02,-4.87470580e-02,-4.13965495e-02,8.12693155e-03
5.43685656e-02,6.07144056e-03,-1.58274395e-02,1.22983714e-02,-1.91475189e-02,-4.85078032e-02,-2.68265155e-02,4.08035586e-02,7.56553514e-02,-1.36842007e-03,-3.37794711e-02,-3.06712213e-02,3.14546775e-02
4.02427063e-02,1.14938720e-02,-2.68611437e-02,1.15955650e-02,-2.98798491e-02,-2.58596969e-02,-2.52243767e-02,4.87792588e-02,6.36660185e-02,-3.95620546e-03,-1.45899021e-02,-2.65889670e-02,3.31790408e-02
1.20625354e-02,1.41304759e-02,-1.14226814e-02,-1.39986377e-03,-4.11838921e-02,1.20701645e-02,-3.62687870e-03,6.73776132e-02,5.49664887e-02,-1.32695645e-02,-1.39547814e-02,-4.04108943e-02,3.17346597e-03
8.80907876e-03,6.71092632e-03,-9.05572032e-03,1.87546671e-02,-4.28460162e-02,1.68713855e-02,-1.02128668e-02,3.08794335e-02,5.12369185e-02,4.11379057e-04,-1.94329874e-02,-3.42361476e-02,-1.97944797e-04
-1.83081072e-02,-1.36353133e-02,-1.40299668e-02,5.25074781e-02,-1.77407668e-02,2.78655136e-02,-4.34155667e-03,-1.28533388e-02,4.07468803e-02,7.38981962e-03,-7.36790128e-03,7.46716335e-04,1.48993514e-02
-3.47376799e-02,-1.22352586e-02,-2.18979090e-02,4.67464335e-02,1.99782300e-02,1.19575954e-02,8.97223679e-03,-3.09239857e-03,3.22434716e-02,8.69083743e-03,-4.31058177e-02,4.18904857e-03,2.64012120e-02
3.37818888e-03,-3.46362313e-03,-3.02794517e-02,1.28574320e-02,2.73011513e-02,4.06559218e-03,1.02593863e-03,-1.53687737e-02,1.91302253e-03,2.45124414e-02,-2.24719677e-02,6.65622299e-04,3.65134777e-03
1.09750817e-02,-1.28817750e-02,-2.83689562e-02,-1.82722493e-02,4.74307924e-02,1.57357277e-02,1.72910066e-02,-4.73322935e-02,-5.17795336e-03,1.19689826e-02,-1.60479649e-02,-1.39225886e-03,-3.64119461e-02
4.59567797e-02,8.84351843e-03,-2.27618684e-02,-3.32683462e-02,3.32732655e-02,1.34078118e-02,-7.22856433e-03,-5.71875065e-02,-4.25583019e-02,1.52506177e-02,-2.07186788e-02,2.18367840e-02,-1.81808847e-02
4.52096459e-02,2.94099016e-02,-4.16339522e-02,-3.13692170e-02,2.68489476e-02,-1.83384869e-02,-2.36416967e-02,-6.03975619e-02,-2.28828510e-02,4.08502270e-02,-2.44315691e-02,1.90733381e-02,-9.46776249e-03
3.42500863e-02,2.54988953e-02,-7.42780681e-02,-7.70213889e-02,2.61626035e-02,-2.05586796e-02,-3.94970024e-02,-3.95268313e-02,-2.09176974e-02,4.29817019e-02,-6.47567791e-03,5.65252688e-02,9.48956184e-03
2.05355789e-02,3.95349679e-02,-5.14473298e-02,-9.77413258e-02,8.48609886e-03,-1.97822466e-02,-4.03527117e-02,-9.97340280e-03,-1.46927525e-02,4.51583413e-02,7.22583068e-03,4.18928343e-02,-1.32184105e-02
1.38186178e-02,6.62212029e-02,-5.95315160e-02,-9.22515824e-02,1.29653214e-02,-2.14839665e-02,-2.12455575e-02,8.06528100e-03,-2.13926696e-02,4.02643097e-02,-1.17972771e-02,2.76195175e-02,-1.86319163e-02
-1.00583631e-02,7.90718776e-02,-3.64412294e-02,-4.52767916e-02,-5.44431027e-03,-2.91876982e-02,-2.52735422e-02,-3.26655090e-03,-1.42070009e-02,2.64733189e-02,8.83167419e-03,2.57966973e-02,-2.92673609e-02
-3.75101428e-02,5.76224011e-02,-5.67849508e-02,-3.13901756e-02,-1.07196658e-02,-3.39284845e-02,-3.14020729e-04,7.54506414e-03,8.22809991e-03,1.15654217e-02,-1.07899325e-02,2.23140671e-02,-1.19789083e-02
-2.12336323e-02,8.45917563e-03,-5.26504056e-02,-4.16343328e-02,-2.24797440e-02,-3.79198631e-02,2.11809541e-02,-2.14157345e-04,1.86775179e-02,1.89061365e-02,1.07134447e-02,2.09964592e-02,1.12148709e-02
-5.51737773e-02,-1.58927144e-02,-1.79740089e-02,-9.47839510e-03,-1.23214471e-02,9.82252145e-03,2.69822954e-02,-1.31249852e-02,5.11137970e-02,-2.28912907e-02,-1.83061073e-02,9.09782201e-04,8.57767591e-03
-2.97052991e-02,-4.88132611e-03,-3.75117971e-02,-3.58362260e-02,1.87013811e-02,3.80153826e-02,-3.12197703e-02,-8.37482966e-02,-3.25968432e-03,-7.68049988e-02,5.92336093e-03,2.93735701e-03,2.54837519e-02
-1.51020169e-02,-2.25650883e-02,-2.98862672e-02,-1.96396073e-02,-1.03041091e-02,3.89783221e-02,-4.00055403e-02,-1.05066651e-01,-1.18373781e-02,-1.01231710e-01,3.70009493e-02,-1.28266912e-02,2.87058209e-02
-2.72939968e-02,-6.00186671e-02,-4.56553450e-02,-4.35559220e-02,-1.03572457e-02,6.27414740e-02,-5.09450392e-02,-1.08939711e-01,-2.14696280e-04,-8.66282826e-02,7.69083357e-02,3.21308111e-02,6.56233439e-02
-6.42805702e-02,-8.49340427e-02,-3.57716074e-02,-5.33149580e-02,-3.88823040e-02,5.62617720e-02,-7.99580737e-02,-1.19791280e-01,-1.39901767e-02,-8.05879853e-02,1.02895533e-01,4.62117387e-02,8.01521489e-02
-7.53145464e-02,-6.63801493e-02,-1.75889308e-02,-4.68913881e-02,-3.57463902e-02,3.35919704e-02,-8.10321452e-02,-1.18596940e-01,-2.54134700e-02,-5.04205456e-02,8.99714808e-02,2.17750772e-02,5.01863230e-02
-5.56388975e-02,-3.02235734e-02,2.59392511e-02,-1.62815321e-02,-5.48816793e-02,2.98952674e-02,-4.46863101e-02,-9.23171730e-02,-3.56011707e-02,-4.89135384e-02,6.51447101e-02,-2.47697466e-03,1.98056415e-02
-3.79074761e-02,-1.26331655e-02,2.98574289e-02,1.04070024e-03,-6.77066465e-02,1.99015526e-02,-3.10150751e-02,-8.84443987e-02,-2.85863852e-02,-2.56149304e-02,4.44290047e-02,4.39064807e-04,9.93172843e-03
-3.67675680e-02,-3.12431389e-02,3.10046665e-02,-1.88179876e-02,-5.39134332e-02,4.42988648e-03,5.61059625e-03,-6.83681631e-02,-1.95961931e-02,8.49650331e-03,5.65730820e-02,1.98570044e-02,1.29133378e-02
-9.16159384e-02,-4.97320189e-02,1.46037638e-02,4.24788159e-03,-7.65375237e-02,-7.06687803e-03,1.01548018e-02,-6.28591302e-02,-1.94478729e-02,1.68278269e-02,1.28256065e-02,1.25625125e-02,1.24192492e-02
-9.39504610e-02,-5.02225898e-02,-3.57855911e-02,-3.68587381e-02,-5.27959632e-02,-1.17071854e-02,-8.85865639e-03,-8.11407938e-02,-1.72613739e-02,-1.90372704e-02,-1.72267263e-02,8.19085601e-03,-2.90642620e-03
-5.51556126e-02,-3.52818298e-02,-3.91445095e-02,5.76043177e-03,-2.39204521e-02,-1.81714480e-02,-1.24511315e-02,-9.11394425e-02,-3.30641841e-02,-4.31819263e-02,2.17740776e-02,-6.67586985e-04,-2.06261633e-02
-1.64507058e-03,-1.31958683e-02,-2.93136608e-02,2.55357616e-02,2.15755563e-02,1.99145633e-02,3.83930902e-02,-8.84643470e-02,-4.22510090e-02,-5.09852772e-02,2.92906573e-02,1.33687577e-02,-2.41795924e-03
6.09077743e-03,-1.52931099e-02,-3.46373122e-02,5.40097933e-02,5.16956986e-02,8.85152473e-03,5.54703868e-03,-6.47409915e-02,-5.59924007e-02,-5.18780497e-02,7.15225827e-02,3.66500246e-02,2.45513166e-02
1.44162824e-02,-1.04649220e-02,-3.49331186e-02,5.89250185e-02,6.61070790e-02,-1.96263229e-02,-3.78193099e-03,-4.61245697e-02,-6.58218387e-02,-3.94045829e-02,7.94130309e-02,1.01733093e-02,4.94732161e-03
1.78139780e-02,-2.71682607e-02,-1.87435240e-02,5.41985765e-02,5.64873576e-02,-1.84679506e-02,-8.41473116e-03,-1.22764091e-02,-6.98406509e-02,-4.12175016e-02,7.24442443e-02,7.51475773e-03,3.92885807e-03
5.22754875e-02,1.74842001e-02,2.12905445e-02,5.17038028e-02,5.36052318e-02,5.37995064e-03,3.29667313e-03,7.67878534e-03,-5.99810086e-02,-4.23714028e-02,3.81298366e-02,-9.50727236e-03,2.78177209e-02
5.48203736e-02,3.76049860e-02,4.03427113e-02,4.84367836e-02,6.07435864e-02,1.76883094e-02,-8.43106201e-03,4.67816987e-02,-3.79681803e-02,-1.45290579e-02,1.61482460e-02,-5.50318821e-03,3.33154266e-02
2.06524213e-02,1.50849179e-02,2.38994795e-02,-4.96751772e-03,1.32027641e-02,1.64975799e-02,-4.25834292e-02,6.49925016e-02,-1.66635341e-02,-2.98263247e-02,2.00804468e-03,-2.86997350e-02,1.20746542e-02
-2.38932598e-02,-4.10841275e-02,-2.07044801e-02,-5.53338096e-02,-4.19756789e-02,-1.95671604e-02,-6.52305940e-02,4.05380450e-02,-9.44010733e-04,-4.05971695e-02,-4.83414100e-02,-1.95567892e-02,7.69446663e-03
-9.56042412e-03,-5.81840864e-02,-4.06743638e-03,-2.89182812e-02,-6.11557266e-02,-6.46671823e-03,-6.58721048e-02,4.05235615e-03,2.72500998e-02,-3.33565126e-02,-3.17792407e-02,-2.48562600e-02,-2.08524048e-02
1.10770176e-02,-3.97152477e-02,1.85503233e-02,-3.16453239e-02,-6.01293125e-02,3.32921384e-02,-2.61711578e-02,-1.57026460e-02,3.00462532e-02,-2.78106779e-02,-3.40704863e-02,-2.36568599e-02,-2.65761045e-02
2.00984152e-02,-1.88499576e-02,1.82308373e-02,-4.69569058e-02,-5.43075303e-02,3.93318094e-02,-4.30401843e-03,-1.88473537e-02,2.16738379e-02,9.30722646e-04,-3.79109644e-02,-2.91277736e-02,-1.58788760e-02
8.95340556e-03,-8.24014119e-03,1.90844784e-02,-2.57083098e-02,-2.53931734e-02,4.08253752e-02,-1.88870283e-02,-3.37844219e-02,6.36653424e-03,1.39695333e-02,-2.74342780e-02,-3.23086195e-02,-1.32944113e-02
-1.80460758e-02,-2.10556284e-02,7.50963461e-03,-4.47769018e-02,-4.51051539e-02,2.13970998e-02,-2.91890240e-02,-2.61714935e-02,1.79340952e-03,3.05531703e-02,-1.17829445e-02,-2.27198048e-02,4.78266714e-03
-1.45741039e-02,-7.11894099e-04,1.40061224e-02,-4.86707629e-02,-3.09263380e-02,4.52630266e-02,8.21667659e-04,-1.22075721e-02,-1.26571674e-02,1.49240523e-02,-2.66802246e-02,-3.35908663e-02,2.67117802e-02
-2.96572478e-02,1.39909773e-03,3.62530307e-02,-1.95773085e-02,-8.87320586e-03,4.80932163e-02,2.39162575e-02,5.73585403e-03,-2.27670380e-02,3.44953128e-02,-3.44273148e-02,-3.16418861e-02,2.90195919e-02
-4.91967204e-02,5.36620764e-03,1.30898025e-02,-3.24295806e-02,-3.28501006e-02,4.13029450e-02,2.63382774e-02,6.06756220e-02,3.19468752e-02,5.31861988e-02,-2.31648234e-02,-1.26063542e-02,4.07788981e-02
-6.03107293e-02,4.61482673e-04,-7.48339130e-03,-4.00953041e-02,-4.63817996e-02,1.41795736e-02,-3.59284159e-05,7.24592696e-02,6.90272003e-03,2.13517227e-02,-4.70846412e-02,1.28939664e-02,4.00022268e-02
-3.90804795e-02,8.68886717e-03,-1.16744229e-02,-1.46801858e-02,-2.26484190e-02,9.58004295e-03,-9.04335331e-03,7.80526570e-02,5.30407555e-02,1.92878507e-02,-4.41284648e-02,2.58529489e-02,2.08259549e-02
1.32620289e-03,3.62559222e-02,1.86598574e-02,1.61125275e-02,-9.96072249e-03,1.73953206e-02,-3.88840664e-03,9.42358469e-02,5.59733932e-02,2.33376033e-02,-2.56157971e-02,1.84677789e-02,1.95100606e-02
6.64470067e-03,3.64250190e-02,-2.96486529e-03,-6.23730151e-03,7.28819455e-06,1.10410888e-02,2.47312492e-02,7.98130425e-02,4.37015909e-02,3.09181483e-02,-3.19865941e-02,-1.67539932e-03,2.69606287e-03
-1.80202916e-02,9.14387725e-03,-1.16236833e-02,6.18159236e-03,1.91693626e-02,-1.60566267e-02,-1.25167152e-02,5.77542681e-03,2.48989411e-03,1.85461636e-02,-5.01564249e-02,1.21186823e-02,2.11129790e-02
-4.96675469e-03,1.92456080e-02,-1.06911685e-03,2.35341202e-02,1.12997597e-02,-4.44165434e-02,-1.04689258e-02,-4.91353620e-03,2.04731830e-03,3.33294377e-02,-4.30014923e-02,-1.52126856e-03,7.34374928e-03
3.34687088e-02,1.81005171e-02,7.58696720e-03,3.02169878e-02,1.98935120e-02,-3.31877611e-02,-6.85145122e-03,1.10569528e-03,-3.28114414e-03,-1.07933456e-02,-5.77784091e-02,-3.50209856e-02,3.17695082e-03
2.99441220e-02,1.48042137e-02,2.52882210e-02,3.90082664e-02,3.98067725e-02,-5.27037785e-02,9.93679064e-03,-2.06118799e-02,-3.48574823e-02,-1.35694508e-02,-3.92112091e-02,-3.21099192e-02,-1.81068477e-02
4.96033204e-03,-1.54026915e-02,6.22498569e-03,5.18454993e-02,3.29792045e-02,-6.01053768e-02,1.97827323e-02,3.06047779e-03,-2.11919006e-03,3.13678551e-02,-2.43447816e-03,-1.95584831e-02,-1.03337152e-02
5.82485480e-03,1.73621072e-02,-4.63637101e-03,2.00853373e-02,-1.30035955e-03,-5.66194774e-02,3.05578368e-02,4.26396737e-02,-1.31823099e-02,1.34000877e-02,-9.01290123e-03,-2.14634608e-02,1.06185984e-02
-1.44849682e-02,-7.55599599e-03,-5.02043422e-02,1.00465017e-02,1.13703397e-02,-3.95753480e-02,2.95461638e-02,7.83492633e-02,1.99518225e-02,1.28819275e-02,2.14206634e-02,8.28752306e-03,-1.05675601e-02
3.93454304e-03,2.83733082e-02,-1.65351639e-02,3.07209204e-02,3.35001513e-04,-2.47458115e-02,1.55177285e-02,8.53711580e-02,3.25496235e-02,2.75217095e-02,4.19460033e-02,6.23610780e-04,3.04206869e-03
-1.30226753e-02,2.13496833e-02,1.21313115e-03,3.55756158e-02,4.26307072e-03,1.64187741e-03,3.87105226e-02,7.73832640e-02,3.77952571e-02,1.91001558e-02,3.73422486e-02,9.70157300e-03,-1.27929026e-02
-1.07881547e-02,-6.63578519e-03,-1.01739754e-02,3.57318179e-03,-9.07977175e-03,1.89794507e-02,1.12999486e-02,2.48329406e-02,7.75073402e-03,1.09624079e-02,1.32775386e-02,4.03293023e-02,-6.50354727e-03
-1.36985454e-02,4.16533832e-03,2.29196265e-03,1.99944736e-02,-2.47135719e-02,2.47666389e-02,3.95834879e-02,1.40916731e-02,2.08243794e-02,2.26355709e-02,1.10461314e-02,3.88645162e-02,-1.99156585e-02
2.14677666e-02,3.11927811e-03,3.18553987e-02,1.62268908e-02,-3.18026352e-02,4.54454573e-02,2.44703098e-02,-1.34963709e-03,1.54573865e-02,-1.46685115e-02,-2.18714446e-02,2.52918574e-02,-2.14241898e-02
1.47963850e-02,-4.54780233e-03,4.82008188e-02,2.45109086e-02,-2.97936656e-02,4.86068249e-02,2.27567221e-02,-1.31527779e-02,4.52640084e-03,-2.57892124e-02,-3.24948939e-02,5.70400581e-02,-1.67476522e-02
1.92076205e-02,9.14959755e-03,6.39350225e-02,2.65572897e-02,-7.40321248e-03,4.19441521e-02,1.03186006e-02,-3.31578416e-02,8.31976227e-03,2.05579045e-03,-4.68927524e-02,2.50641044e-02,-2.27528604e-02
3.24191889e-02,3.94971968e-02,6.63704050e-02,2.26028671e-03,-1.89999358e-02,1.20137676e-02,1.78896646e-02,-2.33025632e-02,1.95557784e-02,1.24239589e-02,-4.46172758e-02,2.66719599e-02,5.44822859e-03
4.26525615e-02,4.87919599e-03,5.26362727e-02,-1.57887441e-02,6.70751473e-03,4.11221507e-04,1.25239486e-02,1.37555540e-02,6.75522424e-03,1.53702370e-02,-2.32261056e-02,3.96470226e-02,1.03975604e-02
3.58854224e-02,1.30811614e-02,3.38723876e-02,-2.15037815e-02,2.38009755e-02,-3.67685113e-02,-1.49566338e-02,2.03307992e-02,2.17094490e-02,4.57807679e-02,1.03338476e-02,1.44656275e-02,5.85754236e-03
1.69000662e-02,6.95531286e-03,2.60094020e-02,-2.18957509e-02,4.31554519e-02,-6.61981212e-02,-2.02700452e-02,1.94915945e-02,-1.26741394e-03,2.91147139e-02,1.42756214e-02,9.99335175e-03,-5.75330796e-03
1.79576733e-02,1.78135048e-03,-1.21908512e-03,-4.63762609e-02,3.29861657e-02,-7.58353367e-02,-2.50422348e-02,-1.01072879e-02,-3.44065184e-02,2.94234768e-02,3.70003534e-02,1.60129756e-02,-1.12361257e-02
-3.09553939e-02,1.34787736e-02,-1.72162341e-02,-2.71832616e-02,3.26361588e-02,-8.82023296e-02,-1.98531543e-02,8.72801759e-03,-6.95616246e-03,1.95058515e-02,4.68365759e-02,-1.25398799e-02,-3.20487024e-02
-1.31891011e-02,1.98898925e-02,-3.93147834e-02,-4.79236995e-02,1.70749450e-03,-1.05593586e-01,-2.29407456e-02,-2.64158284e-02,-2.44263303e-02,-1.43875414e-02,5.23531148e-02,-2.52270554e-02,-4.59609686e-02
-3.34445085e-02,-1.38404037e-02,-5.89901391e-02,-2.16577096e-02,2.46262318e-02,-5.50205404e-02,1.59970624e-03,1.15672046e-02,-4.12702235e-03,-4.49900579e-02,3.89575956e-02,-1.34327737e-02,-5.26536102e-02
-3.30150249e-02,9.92784063e-03,-3.12729877e-02,-1.89416262e-02,1.63095913e-02,-1.48192305e-02,5.57081261e-03,-2.83763120e-02,-1.45422700e-02,-3.38855281e-02,-1.33650635e-02,-5.11668729e-02,-5.49979752e-02
-6.15426368e-02,-4.77139757e-02,-2.64644787e-02,2.42170137e-02,3.76200803e-02,3.56337050e-02,3.63071651e-02,-4.25584002e-02,7.28779579e-04,-2.01185698e-02,6.59936335e-03,-2.63736469e-02,-5.16053116e-02
-5.53994082e-02,-7.22401233e-02,-2.48151963e-02,-1.20801072e-02,1.29353419e-02,9.10859690e-02,1.00242458e-01,2.37979169e-02,1.88298833e-02,1.15800249e-02,3.32189615e-02,2.79139663e-02,3.94612785e-04
-3.35856445e-02,-5.77070290e-02,1.85408265e-03,-1.45932224e-03,1.02095010e-02,7.63076152e-02,7.30680937e-02,5.71627598e-02,3.08371721e-02,3.04770164e-02,4.25202087e-02,2.60629790e-02,8.62792277e-03
1.33640893e-03,-3.78555062e-02,4.05600092e-02,-5.63578599e-03,-1.07430382e-02,6.18369625e-02,2.98414321e-02,7.28859241e-02,-2.90513092e-02,3.51147828e-02,3.89754888e-02,4.27233250e-02,-3.47506501e-03
2.74168489e-02,-1.59469163e-02,6.68873543e-02,1.96157889e-02,-1.40387434e-02,1.01604334e-02,2.42044062e-02,8.16762516e-02,-5.38506032e-02,2.56381731e-02,4.47065425e-02,4.71591282e-02,1.68476959e-02
7.78102231e-03,5.22414466e-03,8.66884481e-02,6.05613499e-02,1.32911525e-02,2.04009119e-02,1.40325308e-02,7.78508887e-02,-6.23733173e-02,-1.20179735e-03,3.82063831e-02,4.46206937e-02,3.82961372e-03
1.62459214e-03,6.38986314e-03,8.12003132e-02,6.44781369e-02,-5.71532209e-03,-2.17428571e-02,2.21877813e-02,6.83111040e-02,-1.78985380e-02,-1.16107547e-03,3.32271592e-02,1.40699704e-02,-8.67126261e-03
1.00517670e-02,-5.51897060e-03,3.89752556e-02,7.58205915e-02,3.36987176e-02,6.57957090e-03,2.69434192e-02,8.48207074e-02,-1.61088702e-02,-3.43613535e-02,-1.33253576e-03,-1.84804512e-02,-3.08653807e-02
4.68774282e-02,2.98251853e-02,7.09042806e-02,5.51176945e-02,1.85128031e-02,5.32951038e-04,7.22972515e-03,3.10739062e-02,-1.81763509e-02,-4.69661316e-02,-1.18666091e-02,-2.46142804e-02,-3.09458006e-02
3.95078478e-02,3.01552495e-03,5.19893586e-02,7.75268739e-02,5.79722217e-02,2.19556781e-02,1.33273304e-03,1.18503204e-02,1.35623519e-02,-3.01566340e-02,6.49986753e-03,-2.18907840e-02,-5.45497311e-02
2.62614747e-02,-7.36164842e-03,1.20510682e-02,2.41594302e-02,4.26774533e-02,5.51866969e-02,4.21458785e-02,1.62656351e-02,6.94678587e-02,1.19429370e-02,4.76075057e-02,-1.92402846e-03,-3.91355422e-02
2.71892196e-02,8.42250345e-03,-2.83314039e-02,2.97443690e-03,4.65822123e-02,4.83937975e-02,3.07011202e-02,3.48606768e-02,8.56145842e-02,4.89532215e-03,6.16529084e-02,2.30846372e-02,-1.60183455e-02
3.93951459e-02,1.92642985e-02,-8.41799162e-03,-9.30411276e-03,-4.83720701e-03,2.41885001e-02,8.12421482e-03,6.03494305e-04,7.22044186e-02,2.51923957e-02,4.88244595e-02,2.51528611e-02,-2.69564564e-02
7.83502931e-02,3.77218178e-02,1.52041651e-03,-8.43682718e-03,1.26953851e-02,-4.33777111e-02,-4.45352293e-02,1.15937109e-02,5.31557020e-02,1.24818592e-02,4.47355189e-02,1.49144342e-02,-1.56339401e-02
7.22095365e-02,3.73869716e-02,1.88154541e-02,-2.58476153e-04,4.48994368e-03,-3.67837514e-02,-4.11479232e-02,-2.58354740e-02,-1.41122807e-02,-3.03473537e-03,3.37582770e-02,2.82405125e-02,-3.21631210e-03
2.80290229e-02,2.64052135e-02,3.86426199e-02,-1.40052186e-02,-4.08146134e-02,-4.77256978e-02,2.43588543e-02,-6.91526136e-03,2.74610879e-03,1.12280723e-02,2.28728449e-02,9.92033340e-03,-2.41580029e-02
1.60897946e-02,-2.06052485e-02,-3.48968274e-03,-3.70878097e-03,-1.62996085e-02,-1.52366669e-02,2.83818879e-02,-3.00249085e-04,-3.35862836e-02,-1.44652863e-02,-2.26510400e-02,-2.54023790e-02,-1.79827729e-02
4.08028306e-03,-2.64346931e-02,8.28528501e-04,-9.15200884e-03,-1.35740073e-02,-1.21626667e-02,2.56570325e-02,-1.31045282e-02,-4.67758567e-02,-4.28923903e-02,-4.97761094e-02,-2.59940264e-02,1.19689237e-02
-2.76778265e-03,-2.97300923e-02,-1.13194307e-02,-1.15169977e-02,-1.27177960e-02,-6.39111508e-03,1.87101213e-02,-2.96356625e-03,-5.71889559e-02,-4.16348148e-02,-4.78049850e-02,-3.05194107e-02,1.54903070e-02
5.08191880e-03,-3.10153317e-02,3.55714138e-04,-1.38044479e-02,-2.28525801e-02,-7.77719721e-03,-2.44154254e-02,-1.78506689e-02,-2.43465923e-02,-2.68464111e-03,-3.61932466e-02,-6.16757695e-02,5.62642327e-03
-7.10996361e-04,-2.55198762e-02,-6.68748639e-02,-4.02330495e-02,1.49389415e-02,9.45344892e-03,-2.30254517e-02,2.01218241e-02,-8.25667048e-03,7.95363433e-03,-2.41930106e-02,-5.90067869e-03,2.40283286e-02
-3.92562073e-02,-3.77708802e-02,-6.38305254e-02,-5.32972553e-02,1.60683684e-02,3.92548574e-02,1.14331360e-02,1.68489157e-02,1.93844926e-02,2.21548960e-02,6.88249845e-04,1.68205482e-02,2.84828995e-02
5.47885053e-03,-8.95785166e-03,-7.83379539e-02,-3.85429479e-02,5.04185391e-02,4.39645397e-03,-2.49366161e-02,1.09790244e-02,2.37190882e-02,1.77301850e-02,-2.36453566e-03,-7.24157577e-03,1.56489570e-02
5.15313915e-03,5.41929723e-03,-7.22374834e-02,-5.15012619e-03,7.16546829e-02,-1.68669772e-02,-4.32144725e-02,-1.97795320e-02,1.78223184e-02,3.30779549e-02,1.27768178e-04,-4.90103662e-03,2.51063950e-02
-2.12030274e-02,1.00917889e-02,-3.81642627e-02,-9.58195858e-03,5.08303177e-02,3.00231101e-02,3.11303520e-02,-1.48201513e-02,-9.96499840e-03,1.70076496e-02,7.74068935e-03,1.09890566e-02,8.75277740e-03
6.13431552e-03,2.40323219e-02,-3.46168367e-02,-1.01619898e-02,1.68740793e-02,4.73849438e-03,2.91722494e-02,-1.92623038e-02,-1.86855022e-02,1.40830155e-02,5.54483704e-02,2.73896728e-02,9.75072287e-03
-1.22866263e-02,2.65447035e-02,-2.58280868e-02,8.61034961e-04,2.23670570e-02,1.89892591e-03,3.03335853e-02,-1.16558292e-04,-1.62393467e-02,-3.97094511e-03,3.66920032e-02,3.01658544e-02,7.08453018e-03
-2.92381725e-03,2.91174159e-02,6.03125428e-03,2.49742030e-02,1.78617170e-02,-1.35932635e-02,2.42764275e-02,-1.44651232e-02,-5.05187305e-02,-3.15891224e-02,3.49172032e-02,5.09913794e-03,3.41861456e-03
-6.60594783e-03,2.67794908e-02,3.36733180e-02,4.71829540e-02,-4.75637327e-03,-3.76595360e-02,-7.54215703e-03,-8.12329934e-03,-4.66377736e-02,-2.90155936e-02,-7.73220170e-05,-5.04168614e-02,-1.69390057e-02
-1.12311088e-02,3.81820285e-02,4.05104804e-02,6.84806181e-02,2.21328189e-04,-5.15087552e-02,-3.39480900e-02,-6.46505872e-03,-2.53642547e-02,-9.05584508e-03,-3.28307274e-02,-2.88070973e-02,-1.65919935e-02
-5.94412244e-02,-7.38111743e-03,2.04282984e-02,4.52816767e-02,4.78374044e-03,1.00481672e-02,-2.47592370e-02,-5.53129630e-03,-3.13036430e-02,-4.22324656e-03,-1.45311116e-02,1.18260930e-02,-2.95865945e-03
-8.75838469e-02,-5.19580439e-03,1.31541963e-02,4.54640696e-02,-1.63429488e-02,4.02623555e-03,-3.99795661e-02,-2.70567844e-02,-3.22980069e-02,-3.45749129e-03,-1.81342498e-02,2.33846418e-02,-3.52216858e-03
-9.60038794e-02,-8.09471769e-03,4.06025217e-03,5.42176481e-02,-3.72114409e-02,-3.20451382e-02,-4.85431717e-02,-3.66767504e-02,1.01238839e-02,1.10262749e-02,-1.94717939e-02,2.54520436e-02,1.90438572e-02
-1.09203849e-01,-4.55363388e-02,-7.07748289e-03,7.67217190e-02,1.27675408e-02,1.82746285e-02,-4.46142313e-02,-7.63773508e-02,-1.04767266e-02,-2.87262082e-02,-5.23007517e-02,4.05257983e-02,1.52242099e-02
-7.62237011e-02,-3.72154136e-02,-2.28266838e-02,5.38901253e-02,-8.36218237e-03,-5.14660105e-03,-5.82460412e-02,-7.32483312e-02,-3.37687007e-02,-2.35919082e-02,-2.30263949e-02,5.32236938e-02,2.82616608e-02
-7.14470212e-02,-2.90206360e-02,-5.73280215e-03,4.19779948e-02,1.23121516e-03,-1.26148237e-02,-3.39897679e-02,-3.36744929e-02,-5.69737731e-03,-2.00361297e-02,-3.35052071e-02,4.39003571e-02,1.63968059e-02
-1.41139173e-02,8.66329164e-03,1.85073638e-02,3.86578899e-02,1.54924306e-04,-2.87222693e-02,-2.26123502e-02,-4.91136371e-02,-2.78895800e-02,-2.98014708e-02,-1.29550367e-02,3.76695312e-02,2.47575034e-02
2.98915295e-02,4.45403209e-02,1.30191741e-02,-1.39062579e-02,-1.51548769e-02,-3.73853451e-02,1.06150524e-02,-6.83373923e-03,-1.22698461e-02,-3.61147799e-02,-1.61328072e-02,1.40298316e-02,-4.60739468e-03
4.25025642e-02,5.85063681e-02,3.33737238e-02,-1.49026729e-02,-1.46386884e-02,-5.07536525e-02,1.72878828e-02,-2.46918271e-04,2.80315594e-02,2.67044623e-02,-6.73158957e-03,-6.92750406e-03,-4.95533199e-03
7.44756245e-02,7.01030668e-02,3.77300643e-02,-4.53886630e-02,-6.08628313e-03,-9.64907584e-03,1.06390893e-02,2.56205176e-02,3.65760171e-02,2.39744453e-02,-3.83081419e-02,-3.85937482e-02,1.81687275e-02
4.52635175e-02,6.26995582e-02,3.89208728e-02,-5.39360702e-02,-1.59570743e-02,1.57621646e-02,-8.05768364e-03,4.39712795e-03,4.70626897e-02,5.49818866e-02,-2.56239279e-02,-1.86355558e-02,1.37571372e-02
1.32499750e-02,2.67185427e-02,1.08655815e-02,-6.45662627e-02,-6.14324771e-02,1.98686825e-02,3.09059760e-02,4.34618954e-02,9.58927824e-02,6.76384542e-02,-3.01609960e-03,-2.18790309e-02,2.31811602e-02
2.57062323e-02,2.15872636e-02,-4.35154866e-03,-4.73420808e-02,-4.06269796e-02,2.01840272e-02,1.16585407e-02,-5.09994847e-03,5.91985746e-02,1.54323988e-02,-2.82584150e-02,-1.99898011e-02,8.74793050e-03
6.75039876e-03,-1.88393782e-02,-5.10317156e-02,-3.50651523e-02,-3.68612389e-02,2.46420343e-02,-1.31575428e-02,-1.54735049e-02,1.47620778e-02,2.10962667e-02,-1.01055816e-02,-1.57653463e-03,2.60881951e-02
7.99531805e-05,-3.44556984e-02,-3.80996436e-02,1.19486883e-02,-2.82080934e-02,2.15503429e-02,2.82580318e-03,1.22353382e-02,8.00670726e-03,1.16947808e-02,-3.64083756e-02,-3.67826063e-02,-1.60350207e-03
4.17815436e-02,-1.31426313e-03,-3.44252970e-03,3.49827478e-02,-2.37923784e-02,-5.07147317e-05,-3.08144102e-02,-1.19515081e-02,-3.10352041e-02,-1.46153267e-02,-6.09796455e-02,-2.46441596e-02,1.17178952e-02
5.42735006e-02,2.05310089e-02,-1.83968828e-02,1.26735619e-02,-1.90197618e-02,-3.55384585e-03,6.53611300e-03,1.81678512e-02,-5.25671639e-02,-3.99371056e-02,-4.25125527e-02,-7.58674095e-03,-1.83311345e-02
3.95377573e-02,-1.15889613e-02,-2.56063062e-02,2.64376358e-02,-8.69025708e-03,3.28505887e-03,9.89326222e-04,-2.40607131e-02,-5.04086821e-02,-3.64443353e-03,-6.82877393e-03,-9.34219678e-05,-2.98131090e-03
4.82048688e-02,3.47135376e-02,-5.86695384e-04,3.52900922e-03,7.66702935e-03,3.95968851e-03,2.76733613e-02,2.21031119e-02,-3.76500189e-02,-3.08596921e-02,-2.17062821e-02,-2.61918226e-03,2.06195212e-02
6.16445084e-02,3.72039735e-02,4.99404713e-03,-1.90878718e-02,3.03452597e-02,-1.28685090e-03,-3.73343343e-03,-3.99098869e-03,-3.58876790e-02,-3.73828325e-03,-2.65218501e-02,1.09512697e-02,2.98949435e-02
-1.25074607e-03,-1.55685643e-02,-6.07661358e-03,-4.54507508e-02,1.80731240e-02,6.01425208e-03,1.56548596e-02,-1.47343967e-02,-2.85975008e-02,-3.25485045e-03,-8.57680410e-03,1.22285099e-02,2.30428101e-02
2.35204910e-02,2.18500111e-02,-2.06627633e-02,-7.88281477e-02,-3.95189422e-03,-2.69373124e-02,2.13402193e-02,-2.80371716e-02,-2.00939021e-02,-2.66355667e-02,-4.07197835e-02,2.23882569e-03,3.21290603e-02
-4.39651887e-02,6.86634348e-03,-6.32290813e-03,-4.32411533e-02,1.30090691e-02,8.20847499e-03,5.28137573e-02,-2.94769544e-02,-2.70577086e-02,-1.17316751e-02,-4.25051224e-02,9.26661581e-03,4.38706481e-02
-2.95200536e-02,9.58377455e-03,-6.52580981e-03,-1.49091429e-02,-1.03435270e-02,-2.04205759e-02,5.29696714e-02,-2.35547294e-02,-3.37285387e-02,-6.07509656e-03,-2.34222494e-02,-1.14093550e-02,2.70318909e-02
-4.24715295e-02,-1.82750625e-02,-1.08581359e-02,-3.97011914e-02,-5.19353566e-02,-2.75274206e-02,1.80084073e-02,-3.25622904e-02,-1.64734240e-02,-1.82284574e-02,-2.61571724e-02,-9.71275392e-03,2.09983360e-02
-3.54101677e-02,-2.34297529e-02,-2.33964452e-02,-3.13726343e-02,-4.37327832e-02,-2.39537271e-02,-3.19330616e-03,-3.45247618e-02,-4.22080620e-02,-1.55827739e-02,1.90712387e-02,6.12519187e-03,2.41963278e-03
-5.25783759e-02,-5.74493578e-02,-2.73179451e-03,-3.74575800e-03,-5.85004492e-02,-7.62728720e-03,-1.64200218e-02,-5.92112803e-02,-4.73526308e-02,1.33705634e-02,1.90039576e-02,1.24755363e-02,-4.70034111e-03
-8.33008717e-02,4.99985078e-04,2.11885761e-02,6.04071215e-02,-4.46358739e-02,-2.82496214e-02,7.58507951e-03,-1.40858016e-02,-3.77853284e-02,3.08956899e-02,6.20977686e-02,4.49226586e-03,-2.52943566e-02
-4.47872411e-02,3.01579680e-02,4.17809871e-02,5.09912934e-02,-1.28727695e-02,-1.07038511e-02,4.34963020e-03,1.24115921e-03,-1.64308897e-03,4.72202981e-02,6.39232185e-02,-3.82223917e-02,-5.91519414e-02
-1.06906865e-01,-2.48881993e-02,5.20013378e-02,6.05070842e-02,1.83715406e-02,7.07477996e-03,7.18222696e-03,5.26550241e-04,1.18142065e-02,5.55098321e-02,6.33237785e-02,-3.85578857e-02,-7.30533995e-02
-5.76292022e-02,1.16881741e-02,6.76613160e-02,4.63432276e-02,2.89999305e-02,-1.16081989e-02,-1.66131731e-02,1.68429362e-02,2.20342833e-02,3.95972222e-02,6.33976667e-02,-1.42606215e-02,-4.60933044e-02
-6.08930567e-02,-4.12159250e-03,6.59690264e-02,6.34786810e-02,7.41458972e-02,3.15917639e-02,1.71708540e-02,3.97816504e-02,3.56788674e-02,2.71260051e-02,1.06363365e-02,-5.34496857e-02,-7.74534646e-02
3.21864733e-02,4.19443842e-02,8.74975865e-02,6.79774787e-02,6.43656739e-02,-1.55979394e-03,1.35197346e-02,3.90354811e-02,4.58941136e-02,2.98067586e-02,-7.11084411e-03,-5.18164956e-02,-6.61524251e-02
6.56393622e-02,2.22482433e-02,6.32094917e-02,2.02370434e-02,3.16142388e-02,4.46421948e-03,1.56573047e-02,4.89469393e-02,6.52445138e-02,3.83384029e-03,-1.20636314e-03,-5.07548317e-02,-6.17948982e-02
1.39430080e-01,-1.93887951e-02,1.68511051e-02,-6.99117341e-03,3.43079085e-02,6.65763051e-03,4.37731561e-03,2.65515525e-02,4.10291849e-02,-1.36687640e-02,2.65044580e-02,-3.33174219e-02,-2.38984716e-02
1.24092414e-01,-5.48655908e-02,1.83094363e-02,-1.47262711e-02,2.96976774e-02,8.51638631e-04,-8.74247844e-03,1.86062097e-02,3.54651608e-02,2.06849787e-03,2.01167695e-02,1.30422860e-02,1.69804139e-03
1.13637496e-01,-3.66681983e-02,-9.51625786e-03,-1.10358167e-02,-1.18381140e-02,-4.02482576e-02,1.18022277e-03,1.86100338e-02,7.78185107e-03,1.36304486e-02,1.54758752e-02,1.76818258e-02,2.26995174e-02
1.09968348e-01,1.55805017e-02,7.02231071e-03,-8.66227261e-03,-8.42995743e-03,-2.82543003e-02,1.36698696e-02,9.31367169e-03,4.02519416e-03,1.60308782e-02,1.37694266e-02,9.59781123e-03,-9.18654120e-03
6.56775113e-02,-4.24950224e-04,-1.11277336e-02,-9.38340323e-03,-2.38308960e-03,1.47226030e-03,4.07988668e-02,6.00431635e-03,7.76417838e-03,4.35172195e-02,-6.79108978e-03,1.01100199e-02,-2.04491119e-02
2.49653743e-02,2.55153549e-02,1.53198675e-02,3.30467103e-03,1.02474575e-02,4.62385731e-03,1.81664252e-02,-1.80850668e-03,4.08284426e-03,3.69827078e-02,9.07532425e-03,6.39294330e-02,6.06246158e-03
-4.79067315e-02,-6.42565498e-03,4.15864305e-03,2.90392399e-02,3.12320593e-02,1.03369802e-02,2.92320866e-02,3.59164441e-02,4.56082170e-02,1.18607953e-02,-2.50839722e-02,3.74145894e-02,-4.30873323e-02
-4.22961066e-02,-2.21766695e-03,-2.20576589e-03,6.07989822e-02,2.91495054e-03,-9.27312102e-04,2.44051020e-02,2.40730733e-02,4.74221513e-02,-7.59946358e-03,-7.12322275e-02,4.47235698e-02,-3.06419185e-02
1.05609313e-02,2.43932905e-02,-2.17645288e-02,5.27279048e-02,-1.20321601e-03,2.31725145e-02,5.66544341e-03,3.89058679e-02,6.40403664e-02,-1.38956513e-04,-6.13462486e-02,4.24053774e-02,-4.73831474e-02
3.93230756e-02,1.85569988e-02,-2.89116949e-02,5.53212721e-02,-1.60908128e-03,4.31702814e-02,3.61292170e-02,2.28679574e-02,2.07269462e-02,-3.37952889e-02,-3.96063536e-02,2.35967856e-02,-3.57024221e-02
2.45690904e-02,3.22297227e-03,-3.55146063e-02,4.20495067e-02,1.36714948e-02,2.95682108e-02,7.60365027e-03,1.20361017e-02,1.06825562e-02,4.17189316e-03,7.89046832e-03,2.21231496e-02,-1.54980544e-02
-3.71919661e-03,-2.27453528e-02,-4.08523084e-02,2.00770685e-02,1.90080259e-02,5.28313267e-02,2.73903701e-02,2.10447241e-03,-1.97977014e-02,-9.42997112e-03,-2.10421670e-02,-5.11368053e-03,-3.39554270e-03
1.03441635e-02,1.57316438e-02,-3.56995941e-02,2.57015413e-03,1.79873113e-03,4.27759079e-02,2.12562372e-02,-2.92009101e-02,-4.84858805e-02,-4.65010727e-03,1.01760858e-02,-1.61499122e-02,-1.77675359e-02
4.16642281e-02,2.59472173e-02,-3.31694445e-02,-2.25633225e-02,6.73423246e-03,4.50062780e-02,2.48462084e-02,-4.45323877e-02,-6.33050540e-02,1.06940246e-02,2.08767004e-02,-4.33888768e-02,-2.76857726e-02
4.59551369e-02,3.80031167e-02,-9.33762550e-03,-1.79947814e-02,1.44058237e-02,2.05521149e-02,-1.25800995e-02,-6.07532441e-02,-5.68752749e-02,3.24128676e-02,3.72881617e-02,-3.32224175e-02,-1.05443692e-02
-5.56959186e-03,2.18156252e-02,2.74124090e-02,7.44053459e-03,3.50577431e-02,2.38837018e-02,-4.14923452e-03,-1.67912999e-02,-2.39808817e-03,1.24401318e-02,3.94872497e-02,-2.93952700e-02,-1.62497028e-02
-5.80988969e-03,1.40164007e-02,2.28624157e-02,8.35028467e-03,1.96357662e-02,-8.17896654e-03,-3.18744217e-02,-8.15092695e-03,1.01018235e-02,-6.46432594e-03,1.36916637e-02,-8.58619304e-03,3.45404742e-03
9.17006340e-03,-6.40830283e-03,-3.61687846e-03,1.19030717e-02,2.98845020e-02,4.53802199e-03,-4.17112172e-02,3.43526997e-02,6.06160098e-02,4.17620892e-03,-2.44477710e-02,-1.22242805e-02,-9.86781614e-03
1.16301860e-02,2.85045794e-03,1.70864859e-02,2.13133492e-02,1.10126904e-02,1.36145198e-02,-1.78136207e-02,2.41810588e-02,3.74941268e-02,-2.68766627e-02,-1.33489659e-02,6.28359738e-03,-6.85903567e-03
2.30838858e-02,2.78638486e-02,1.32070176e-02,-4.28577764e-02,-5.43272679e-03,5.99049224e-03,-1.81720562e-03,3.20586500e-02,3.02776329e-02,-1.13152469e-02,2.96817464e-02,1.31066790e-02,-4.65747546e-04
-6.44286106e-02,-2.57885158e-03,1.16142970e-02,-4.21110233e-02,2.98368312e-02,3.07911591e-02,-1.68147891e-03,1.95467193e-02,1.62081835e-02,6.08734299e-03,2.78549131e-02,1.77801374e-03,-4.54615431e-03
-4.93788820e-02,1.61908328e-03,-8.36534608e-03,-7.59198266e-02,-7.11636281e-03,2.49690724e-02,1.37059616e-03,-4.52483267e-05,-1.68169896e-03,2.07142716e-02,6.10665812e-02,-1.87268121e-03,-4.35089070e-03
-4.78263537e-02,1.30816908e-02,-5.73886401e-03,-7.24033339e-02,-1.45687345e-02,1.06507208e-02,-1.68023106e-03,5.98592302e-03,-1.21925394e-02,3.48862700e-02,6.56275300e-02,-1.08211001e-02,2.14248269e-03
-1.93873740e-02,1.16403060e-02,-8.91889730e-03,-3.93032860e-02,-2.33239373e-02,-1.47731772e-02,-3.02603463e-02,1.40231309e-02,-2.26142823e-02,4.99986386e-02,5.62042218e-02,-3.34541108e-02,2.29066457e-02
-2.27584903e-02,-7.32446880e-03,8.53082485e-03,7.03047242e-03,-1.58012833e-02,-1.92181205e-02,-4.13656926e-02,2.56093438e-02,-1.68399042e-02,1.97199751e-02,4.82929233e-02,-2.44878202e-02,5.34725122e-02
-9.83069306e-03,1.46007614e-02,-2.60010457e-02,6.38076226e-03,-4.70383062e-02,-8.43697304e-02,-6.45859850e-02,3.32510015e-02,-1.79678699e-02,1.48268382e-02,4.76847195e-02,-6.37667149e-03,5.06451503e-02
9.78067980e-03,-1.27932176e-02,-4.13039071e-02,3.32526717e-02,-2.15149631e-02,-5.90707755e-02,-3.53170207e-02,5.69400532e-02,2.64189645e-02,1.39061019e-02,6.74332409e-03,-1.25782417e-02,2.22385932e-02
3.64075047e-02,-3.95866571e-04,-1.69174954e-02,2.56826789e-02,-1.40832544e-02,-4.40065177e-02,-5.16098555e-02,4.36020688e-03,5.56889521e-03,2.60702819e-02,1.20325828e-02,5.26397730e-03,2.88272441e-02
4.71975326e-02,4.14508408e-02,1.23628433e-02,-2.37100216e-02,-4.35890050e-02,-7.82029565e-03,1.07996962e-02,-1.16464161e-02,-6.95622162e-04,6.35489806e-03,-1.11304073e-02,-2.92217121e-02,1.26939803e-02
2.77337294e-02,5.91711660e-02,1.79900909e-02,-5.10577714e-02,-7.09698499e-02,-1.10224541e-02,2.45026922e-02,-4.55321814e-02,3.80754325e-03,2.22999535e-02,-4.91839708e-03,-1.85828942e-02,8.09114579e-03
4.49836776e-02,3.73922853e-02,-2.07185637e-02,-1.01928914e-01,-6.37778881e-02,8.18616733e-03,2.49476101e-02,-4.63069594e-02,1.48737683e-03,8.05658850e-03,-9.55436672e-03,5.53812687e-03,-6.67818334e-03
8.64377890e-03,2.79783592e-02,-8.05370624e-03,-8.98793747e-02,-3.23399831e-02,4.75398608e-03,-4.51194563e-03,-3.98516890e-02,1.77270328e-03,1.03335881e-02,2.48001232e-02,6.73193502e-02,1.50884539e-02
-1.01509169e-02,-2.96496183e-03,-1.18481676e-02,-6.91026817e-02,-2.05152306e-02,1.77947109e-02,-2.65151406e-03,-2.50011647e-03,1.53453721e-02,-1.39669107e-02,1.49777648e-02,5.20276042e-02,3.83673364e-03
-1.63230019e-02,-4.09604774e-03,3.15884895e-02,-9.60976269e-03,9.59171869e-03,1.80197972e-02,-2.73464197e-02,1.22955737e-02,1.66957376e-02,-5.74065605e-02,-1.88089052e-04,6.53837351e-02,2.28377766e-02
-3.40054853e-02,7.97551251e-03,-4.85691206e-03,2.10693921e-02,8.85746218e-03,-3.10222829e-02,-2.21533597e-02,3.32597010e-02,2.12025652e-02,-7.85490145e-02,-1.70447875e-02,5.33288740e-02,2.84370880e-02
-5.46075440e-02,-4.13080417e-02,-4.05319826e-02,5.29384869e-02,2.32964966e-02,-6.69833464e-02,-8.61125153e-03,5.98103424e-02,5.17499197e-02,-5.41199743e-02,-3.24289505e-02,6.15043815e-02,-7.63492553e-03
-5.92257804e-02,-4.43902983e-02,-5.12887397e-02,5.13691380e-02,6.33829668e-02,-7.29103923e-02,-1.96800692e-02,7.87741656e-02,4.67397741e-02,-1.09876440e-02,-1.62804354e-02,6.15506876e-02,1.12953936e-02
-7.31755923e-02,-1.39719986e-02,-6.40761595e-03,7.05947468e-02,5.37584405e-02,-5.81174908e-02,-6.68696455e-03,5.90569565e-02,2.46651599e-02,-2.12748961e-04,-2.11463057e-02,1.94758158e-02,7.97502692e-03
-4.93553457e-02,5.97488316e-02,1.00066689e-02,4.11044452e-02,-1.00562801e-02,-6.61614117e-02,1.75432576e-02,2.02318050e-02,-2.91398959e-02,1.50053155e-02,-2.94449607e-02,-1.62511963e-02,1.17696161e-02
-1.09257650e-02,6.35022383e-02,-3.23643815e-02,1.37797479e-03,-1.92482320e-02,-3.04419866e-02,4.24829252e-02,-1.35665773e-02,-7.57967242e-02,3.51764071e-02,-3.60752810e-02,-4.78412990e-02,-9.08710786e-03
-6.80308255e-03,4.80752058e-02,-3.74125373e-02,-1.16385795e-02,-1.77803813e-02,-4.51069390e-02,1.56016987e-02,-1.79236041e-02,-7.21793563e-02,5.30673961e-02,-1.24629592e-02,-2.01927090e-02,2.42423190e-02
-8.79748788e-03,4.35329436e-03,-3.50163028e-03,-3.47378847e-02,-4.78103891e-02,-4.73817970e-02,1.18355971e-02,-2.25199944e-02,-6.07717069e-02,3.84224159e-02,-1.69277182e-03,-2.33063503e-02,1.70710975e-02
1.35596137e-02,-1.63636573e-02,1.77016768e-02,-5.32608180e-02,-4.07179607e-02,-1.04304060e-02,-1.24311011e-02,-4.69064116e-02,-6.35542394e-02,1.37468223e-02,1.00707529e-02,-2.28299873e-02,1.93511761e-02
2.58381352e-02,-2.00915203e-03,3.10564164e-02,-6.02820500e-02,-1.78234941e-02,1.57900151e-02,-1.54066917e-02,-5.51999464e-02,-5.47137760e-02,-1.05298406e-02,2.40013672e-02,-2.15772001e-02,2.91407870e-03
-8.24645813e-03,-4.16245936e-02,1.84521780e-02,-2.56011354e-02,1.67157195e-02,5.54287847e-03,-2.39040993e-02,-3.91762193e-02,-2.80573656e-03,-5.65950522e-03,1.17327437e-02,-4.43348602e-03,-5.58941151e-03
6.02028500e-03,-7.66328315e-02,-2.13372233e-02,-3.05120148e-02,1.08270242e-02,-1.93146081e-02,-6.19269618e-03,1.55183663e-02,3.03218196e-02,-1.24198350e-02,6.82966472e-03,1.78955559e-02,1.71042736e-03
-3.18802470e-03,-8.71010527e-02,1.62034844e-03,-1.57871698e-02,1.59880982e-02,-5.76629511e-03,-2.52218305e-02,-3.30449860e-03,5.12514256e-02,-2.35753562e-02,-4.83114547e-03,3.84746511e-02,3.78672929e-02
1.59998254e-03,-3.40877365e-02,-3.39765373e-03,-3.61358134e-03,-7.59775919e-03,-5.44936840e-03,-1.80059496e-02,1.23750597e-02,3.93679428e-02,-2.81906804e-02,5.19072414e-03,7.05928535e-03,2.34005403e-02
-1.09676031e-02,-6.82851968e-03,-1.48408870e-02,2.99136950e-02,-2.40527293e-02,2.48023116e-02,2.01100468e-03,-1.59784369e-02,-4.86685025e-03,-3.49271957e-02,1.93448509e-02,-1.64809430e-02,1.51516676e-02
-3.15802290e-02,-1.25445512e-02,-4.54691325e-02,-2.27861572e-03,-4.68092855e-02,5.67792882e-02,2.01598429e-02,1.09438595e-02,-3.25740152e-02,-3.03650034e-02,-3.13798782e-02,-3.38607437e-02,1.65563016e-02
-7.87679136e-03,3.05762637e-02,-2.91832547e-02,-5.39440740e-03,-5.88069585e-02,4.97389677e-02,2.63527451e-02,2.12800578e-02,-2.67040497e-02,-4.57457363e-02,-7.23855863e-02,-4.75595976e-02,4.79574894e-02
2.13580913e-02,2.28014672e-02,-3.71293643e-02,-3.22601941e-02,-5.63728159e-02,5.87233411e-02,3.90713459e-02,-2.22451143e-03,-2.81053907e-02,-2.65665853e-02,-8.08422213e-02,-4.31239612e-02,6.23875911e-02
9.51951533e-04,4.25574365e-02,-1.52216376e-02,-2.54859839e-02,-3.18379221e-02,7.96313799e-02,5.93232106e-02,-2.20184651e-03,-5.44659962e-02,-1.67814603e-02,-3.36444865e-02,-1.04788601e-02,2.37426348e-02
-3.03993087e-03,5.33548432e-02,1.57266778e-02,2.25787280e-03,-4.20836772e-03,5.62776668e-02,5.52256705e-02,1.71720819e-03,-3.82702144e-02,-2.01072001e-02,-4.06293204e-02,4.38819217e-03,1.03306007e-02
2.26409209e-02,5.56747456e-02,1.74841055e-02,2.26861234e-02,5.84469886e-03,3.74769450e-02,8.77283415e-02,2.90988257e-02,-3.75380992e-02,-4.25449859e-02,-8.58104992e-03,3.90094800e-02,-3.20508252e-02
2.92887366e-02,6.74645659e-03,-1.22063965e-02,1.28793831e-02,2.68681460e-02,3.77710976e-02,5.60937973e-02,-2.14939966e-03,2.89592300e-03,-5.85522418e-02,-2.84733591e-02,4.41062276e-02,-4.44603242e-02
5.81212465e-02,4.49590213e-03,-1.28380074e-02,4.70468714e-02,3.94762997e-02,1.14145864e-02,7.70548704e-02,1.61541913e-03,2.14273103e-02,-4.11467966e-02,-1.02650599e-02,4.31329090e-02,-6.73376482e-02
5.18516792e-02,-3.07784462e-03,-2.20414607e-02,6.81824004e-02,1.59605002e-02,-2.30655818e-02,4.35807205e-02,-2.20783117e-02,1.36772023e-02,-5.12895071e-02,4.33575416e-02,2.60560865e-02,-6.54207651e-02
8.74145796e-03,-6.15149764e-02,-4.04326886e-02,1.41268761e-02,-2.22905011e-02,-8.66660060e-04,9.12330869e-03,-8.23176445e-03,-2.13490726e-02,-4.75679220e-02,2.70607277e-02,1.47968997e-02,-7.13337817e-02
1.46484321e-02,-3.26381977e-02,-4.86202415e-02,1.28333875e-02,1.14882559e-03,-5.82061961e-03,-2.81014222e-02,7.07335441e-03,2.70206719e-03,-4.44430691e-02,-7.69109251e-03,-2.41118782e-02,-5.18314314e-02
1.99580144e-03,-2.97319838e-02,-5.15615114e-02,-3.40930566e-02,-4.64459734e-02,-2.28529388e-02,-2.91447650e-02,1.68974815e-02,2.00631552e-02,-2.79737249e-02,1.19651551e-02,-3.35400971e-02,-4.24609038e-02
-2.65191120e-02,-4.15744474e-02,-2.80415872e-02,-2.41212498e-02,-3.45022071e-04,2.97564422e-02,-3.18540995e-02,1.43919808e-02,7.16744194e-03,8.74001095e-04,3.37553151e-02,-2.48598569e-02,-2.05493173e-02
1.94488410e-02,4.47321869e-03,3.96137248e-03,-2.76570616e-02,-1.32187180e-02,9.63570364e-03,-4.75912461e-02,-2.95740856e-02,-6.28803798e-03,1.58947221e-02,3.78626851e-02,-2.94174982e-02,-1.74819626e-02
1.91231059e-02,-2.31907793e-04,4.25661550e-02,-2.23544230e-02,-6.34645190e-03,1.62312236e-03,-2.96107002e-02,-9.92597987e-03,-2.92667090e-02,1.65793456e-02,6.65980947e-02,-4.24646401e-03,-1.27075839e-02
2.78414380e-02,-2.23337264e-02,3.26640689e-02,-7.62587829e-03,2.37450589e-02,2.81747761e-02,-4.32169952e-02,-1.04059409e-03,-1.66971072e-02,-1.73482905e-02,4.83598893e-02,-1.01126779e-02,-3.82332901e-02
3.71264870e-02,4.79597968e-03,8.44689972e-02,1.78010962e-02,4.51593840e-02,2.21387246e-02,-2.57145324e-02,-1.34095778e-04,2.10908083e-02,6.82878118e-03,2.15876605e-02,1.91635541e-03,-3.45695869e-02
1.25184211e-02,-2.96615089e-02,2.34130753e-02,-3.61686082e-03,3.47107382e-02,1.08003533e-02,-1.07272990e-02,-5.68688283e-03,2.34276675e-02,-2.68129375e-03,3.15702435e-02,1.44134741e-02,-1.91695790e-02
-1.52464119e-02,-2.85097352e-02,5.52892158e-02,4.82849298e-03,3.45961272e-02,3.52340194e-02,-2.03341807e-02,1.86371374e-02,1.05961699e-02,-2.48521680e-02,1.02920624e-02,-1.98599963e-03,-1.37579464e-02
-1.05540510e-02,-2.32563314e-02,2.12919502e-02,-1.47624799e-02,2.89079859e-02,3.54894645e-02,-3.10609060e-02,-2.75151570e-03,3.89675986e-02,-1.02769928e-02,-1.61972967e-02,-1.03029169e-03,-1.21092051e-02
-3.43139900e-02,9.54270381e-03,-3.33622000e-03,-4.83048854e-02,-2.26927121e-02,2.13774997e-02,-1.88652434e-02,1.14898084e-02,5.75454285e-02,3.26752883e-04,1.54262931e-03,1.13183171e-02,-8.99498750e-03
-4.08802465e-02,-1.68107429e-02,3.50500299e-03,-4.18487489e-02,-1.84525555e-02,4.31329978e-02,-2.20989136e-02,1.75933148e-02,5.19188026e-02,-4.87583717e-03,-3.95469588e-02,-7.30531233e-03,7.30827139e-03
-2.95850445e-02,-3.64222257e-02,-3.18174088e-02,-5.20411254e-02,-4.27113218e-02,7.10119664e-02,9.49927616e-03,2.85403534e-03,3.33983749e-02,1.73961805e-02,2.16601487e-03,-2.58414590e-02,-1.20115470e-02
-4.12131642e-02,-6.58187418e-02,-7.28267802e-03,-2.42056118e-02,-2.38026556e-02,3.11613125e-02,2.00293717e-02,-2.38587433e-03,7.17815884e-03,3.47528110e-02,1.26531798e-02,-2.03012260e-02,-3.36843467e-03
-2.28869195e-03,-4.83942974e-02,2.18214700e-03,1.94244518e-02,-4.23667340e-03,3.10236190e-02,2.12071767e-02,-2.33124624e-02,-5.31323930e-02,-5.63982840e-03,1.14907555e-02,-2.05597158e-02,-8.89787629e-03
-1.55021329e-02,-3.77166470e-02,3.98887390e-02,4.59968538e-02,1.95237780e-02,1.04681068e-03,9.92819650e-03,1.37323732e-02,-1.75469419e-03,3.13498515e-02,4.14554882e-03,-1.66656905e-02,-1.99655351e-03
-1.48950395e-02,-6.22045033e-02,-2.25226992e-02,3.49093491e-02,1.88833737e-02,-1.13931203e-02,2.03864369e-02,1.27058283e-02,-1.10084416e-03,-6.62450292e-03,2.18435979e-02,1.48672351e-02,-7.41809819e-03
-2.32347378e-02,8.24136982e-04,3.12937008e-02,5.42977983e-02,2.63872736e-02,-1.47855054e-02,1.20970500e-02,3.06733815e-02,-2.66930263e-02,-2.30288228e-02,7.91188596e-03,-4.48519498e-04,-9.32199931e-03
-3.30977972e-02,8.82092343e-03,-7.13947300e-03,1.84373127e-02,6.72897222e-04,-1.58496748e-02,6.93132133e-03,-3.33484560e-02,-3.61398332e-02,-9.50416523e-03,-1.04137065e-02,2.58295931e-02,-2.61925023e-02
-4.10803784e-02,4.94507785e-02,-1.39323925e-03,3.67670440e-02,3.38836648e-02,-1.94142118e-02,5.42828115e-03,-1.70070617e-02,2.08132281e-02,1.26046173e-02,-8.80075195e-03,4.17367467e-02,-1.32759646e-04
-2.11196831e-02,6.81001482e-02,8.95642161e-03,2.71385909e-02,8.35521346e-03,-4.02683912e-02,-1.25589717e-02,-8.76956059e-03,-2.62916562e-03,5.25212891e-04,-3.51365837e-02,3.85763522e-02,1.94437080e-02
-3.92207395e-02,1.62313892e-02,-3.53328791e-02,-2.31323153e-02,-2.99161579e-02,-2.05329641e-02,-6.21071313e-03,-1.64964409e-02,-9.08474823e-03,1.14333446e-02,-1.37178656e-02,2.76681081e-02,2.32419438e-02
-8.30306768e-02,-4.46701715e-02,-6.16370064e-02,-3.99564426e-02,-3.83480167e-02,-3.53682434e-02,-2.67790256e-03,-3.78447435e-02,-3.99674074e-02,-8.76004761e-03,-1.96356432e-02,1.47215172e-02,3.29645347e-02
-4.09291833e-02,-1.71841938e-02,-3.32862376e-02,-4.03488010e-02,-2.03538290e-02,-4.78808770e-02,-4.23235406e-02,-7.85464926e-02,-7.20277301e-02,-3.30586223e-02,-5.65377806e-04,2.52631507e-02,6.05957586e-02
-2.78599176e-02,-2.08292915e-02,9.19058424e-03,-3.95225085e-02,-2.43030036e-02,-7.36987648e-02,-3.10966159e-02,-4.05698120e-02,-2.93686815e-02,-2.60303512e-02,-2.24895370e-02,3.41155851e-02,6.62433944e-02
2.49790928e-03,-2.71357942e-02,5.05179543e-04,-3.16045070e-02,-5.93118918e-04,2.62535266e-03,-1.45954576e-04,-1.73447518e-02,1.04992689e-02,-3.85702868e-02,-8.55283298e-03,-9.87181167e-03,3.29340793e-02
6.51601310e-02,4.12110651e-02,2.20987000e-02,-4.09140406e-02,-1.52298599e-02,-2.59432027e-02,-6.80670966e-04,1.63862562e-02,1.31717287e-02,-4.61705752e-02,-2.02697667e-02,-2.79521951e-02,3.96607224e-02
4.99440759e-02,2.18986901e-02,9.25671143e-03,-4.91495521e-02,-2.97511903e-02,-2.48905907e-02,-2.76070961e-02,-2.52368463e-02,-1.38194577e-02,-3.19214324e-02,-2.10127700e-02,-3.62441979e-03,2.59964425e-02
1.49756930e-02,-1.06238718e-02,7.33435729e-03,1.60898896e-02,1.16461483e-02,-1.68326697e-02,-8.71043304e-03,8.14819353e-03,2.60503936e-02,-6.32813251e-03,-1.34505536e-02,-8.12470097e-03,2.18058351e-02
4.61742862e-02,2.18262256e-02,1.04759324e-02,2.10065783e-02,7.63828025e-03,-4.33302702e-02,9.60889493e-03,3.42416869e-02,-1.40958221e-02,8.47929432e-03,2.19551031e-03,-9.80219300e-03,1.97698411e-02
7.16244452e-02,3.73764182e-02,7.04630055e-03,2.95182487e-02,1.64688788e-02,-9.57677374e-03,2.31635191e-02,4.92169094e-02,-5.21422073e-03,3.42924139e-02,-6.22362650e-04,-2.28035925e-02,1.24191444e-02
-1.60459882e-02,-2.26017925e-02,-2.60109443e-02,1.60023333e-02,1.25036466e-02,-3.24825523e-03,3.61733608e-02,5.38766727e-02,-1.62670726e-02,2.82265221e-02,-6.18695856e-03,-1.38411431e-02,9.01886451e-03
-1.49883359e-02,-2.38699464e-02,-3.24809289e-02,-7.17091133e-03,1.90169989e-02,-2.41977702e-02,-2.07954627e-04,3.80953915e-02,-3.35184202e-02,3.19313469e-02,1.84587938e-02,9.41743710e-03,2.89380021e-02
-3.03988494e-02,-3.96324867e-02,8.80112703e-04,-4.85606513e-03,-1.47678212e-02,-7.43309808e-02,-1.36700382e-02,4.40017853e-03,-3.29298946e-02,2.35809101e-02,1.05100834e-02,4.59996895e-02,1.72775762e-02
-2.41945880e-02,-6.71219293e-02,-7.07468592e-03,-2.01323305e-02,3.97596986e-03,6.52141210e-04,1.87534955e-02,2.11104711e-02,1.09474619e-02,1.73673428e-02,-6.02739012e-04,3.05037479e-02,-1.73000747e-02
3.49507206e-02,-2.82338527e-02,-6.72712510e-03,-3.04965533e-02,1.57271295e-03,-1.25857789e-02,1.21216141e-02,2.12359786e-02,2.86842723e-02,1.89744178e-02,-1.14076681e-02,7.22568034e-03,-2.13318881e-02
-1.39528995e-03,-6.78362924e-02,-2.85928300e-02,-6.27746927e-02,-2.61064054e-02,2.97871614e-02,3.07292084e-02,3.59930750e-02,3.77540064e-02,2.71419118e-02,1.23959271e-02,1.81950718e-02,-2.03033395e-02
-2.86813611e-02,-7.10111806e-02,-2.37124300e-02,-1.89377486e-02,-1.41692408e-02,6.15664524e-02,3.39588118e-02,1.60730334e-02,1.15480172e-02,1.27953849e-02,2.95718447e-02,4.11373332e-02,-1.51611400e-02
-2.82736941e-02,-1.77418973e-02,-2.44356642e-02,-1.44546140e-02,-2.79850323e-02,-1.73166544e-02,4.52166392e-02,-4.89595067e-03,-2.60973066e-02,1.53735878e-02,3.83818262e-02,2.33449889e-02,-2.91654506e-03
-1.00102391e-02,-2.07117570e-03,-5.29001130e-02,-3.18897113e-02,-3.60171215e-02,-7.48695373e-03,4.50549393e-02,3.75733071e-02,-2.04668608e-02,2.06760247e-02,4.22916111e-02,-1.21000036e-02,8.19074675e-03
-1.04228198e-02,3.44581351e-02,-2.81652625e-02,-1.11212431e-02,-1.54848203e-02,-1.20096268e-02,7.70925966e-02,7.40037395e-02,-4.16917881e-03,1.26508296e-02,-1.17895697e-02,-3.44891275e-02,1.89511116e-02
3.08063523e-02,9.64634464e-02,2.54480215e-02,-2.68175332e-02,-2.54162823e-02,-8.78138526e-03,7.52936521e-02,6.35939565e-02,-2.95519496e-02,5.00138733e-03,-1.90455017e-02,-3.56729461e-02,2.31547471e-02
-3.62258107e-02,7.87146547e-02,4.75697213e-02,-1.09263077e-03,-1.11487050e-02,-1.84494275e-02,4.36801566e-02,3.88601918e-02,-5.06026875e-02,6.93737917e-04,-1.84021862e-02,-2.37151109e-02,2.52161318e-03
-4.20935081e-02,5.16909904e-02,5.47618333e-02,3.00959014e-02,1.65037343e-02,7.04024952e-03,1.32060158e-02,-4.41322186e-03,-3.63838009e-02,-3.85788386e-02,-4.98473666e-02,7.83726262e-03,6.83691606e-04
1.56834934e-03,5.28040719e-02,5.01890743e-02,3.97672659e-02,3.79700925e-02,-4.85851498e-03,-4.40710733e-02,-4.15852582e-02,-5.20357262e-03,-6.08515274e-02,-8.37181278e-02,-1.47819043e-03,-2.82356124e-02
-2.20455596e-02,-1.06246175e-02,3.84001172e-03,-9.91019043e-03,3.92043546e-02,5.35459588e-02,-2.07427229e-02,-1.39277314e-02,3.38428456e-02,-4.82378182e-02,-8.69449117e-02,-1.70578198e-02,-3.66325637e-02
2.33662816e-03,5.95214233e-03,4.02233734e-02,1.15564270e-02,2.53879027e-02,8.92311775e-02,-3.00132611e-02,-2.05981654e-02,2.81508960e-02,-7.79673350e-02,-9.29259148e-02,5.47764048e-03,-8.69979077e-03
-6.55315085e-02,-3.93136237e-02,-1.18997845e-02,-2.93789524e-02,-1.09779717e-02,3.56413842e-03,-5.32670384e-02,-4.60971314e-02,3.07430168e-02,-4.93602291e-02,-5.47176413e-02,4.31084412e-02,3.28385790e-02
-6.21478319e-02,-9.01091820e-02,-5.02510020e-02,-3.57500000e-02,3.80082164e-02,3.13147844e-02,-5.54372539e-02,-1.05893452e-02,6.95929387e-02,-4.52776338e-03,-1.26427218e-02,2.72583145e-02,4.33413469e-02
-2.61160099e-02,-7.96621339e-02,-5.95579564e-02,-8.62248658e-03,5.42256889e-02,3.27220031e-02,-3.56613319e-03,1.96088335e-02,7.29521946e-02,6.91420203e-03,-4.27727061e-02,-2.29221858e-02,3.23434897e-02
4.24812853e-02,-2.28692782e-02,-2.76507328e-02,-4.35205446e-02,4.80692872e-02,4.71464117e-02,-4.03573381e-03,-1.51672980e-02,7.22314243e-02,3.61708727e-02,-4.61123972e-02,-5.28508095e-02,1.26894956e-02
2.51881623e-02,1.19623359e-02,1.57348307e-02,-5.98462887e-03,7.15236616e-02,7.45212982e-02,2.82411338e-02,7.74727620e-03,3.13272441e-02,2.43775628e-02,-1.93441328e-02,-6.66745304e-02,-3.23371361e-02
5.24204732e-03,6.77628621e-03,3.51415123e-02,5.73627575e-02,9.15290555e-02,9.46695711e-02,1.86690037e-02,-4.63343114e-02,-5.45512481e-03,3.88672251e-02,2.49462855e-02,-2.61205559e-02,-4.22939320e-02
3.27526757e-02,4.26503170e-02,6.36715174e-02,1.00786063e-01,1.11297515e-01,8.62149965e-02,1.30616581e-03,-7.75345563e-02,-3.11584850e-02,1.04540809e-02,5.23219374e-02,7.47036197e-04,-6.75769981e-02
4.89437797e-02,3.88858803e-02,4.91802417e-02,8.07375136e-02,9.63554313e-02,8.28300900e-02,2.11542405e-02,-5.11495027e-02,-4.21725985e-02,-1.31410125e-02,1.47823484e-02,-3.06922585e-02,-1.00997631e-01
7.89520582e-02,8.48132735e-02,8.22386532e-02,8.73089828e-02,3.85081005e-02,4.97620423e-02,4.50173372e-02,-1.99071251e-02,-4.04779767e-02,-4.62888623e-02,-2.19435046e-02,-4.57401564e-02,-7.96397608e-02
-2.31845495e-03,3.46355645e-02,2.24658434e-02,4.37047115e-02,-3.80760744e-02,-3.48588988e-03,3.18948841e-02,-6.79245317e-04,-4.04430310e-02,-6.51102267e-02,-2.60978433e-02,-2.64866866e-02,-5.10498730e-02
1.09509970e-02,2.50492065e-02,4.44119933e-02,5.66621517e-02,-3.55284988e-02,1.44226287e-02,3.77913810e-02,1.87140615e-02,-1.99489602e-02,-5.62924325e-02,-5.33539789e-03,9.76466188e-03,-1.31018574e-02
-9.12954045e-04,-9.78592260e-04,2.17855784e-02,7.96168703e-02,-1.65232128e-02,1.42841681e-03,5.38564714e-02,6.31139417e-02,-6.85511327e-03,-6.36536412e-02,-1.63278845e-02,-4.91806748e-03,-2.33771161e-02
1.50466856e-02,1.20575669e-02,1.68135939e-02,3.55002218e-02,-3.60049939e-02,-1.21308167e-02,3.45796521e-02,4.61195105e-02,9.18306640e-03,-4.67639451e-02,-1.76925690e-02,-1.24491454e-02,-1.80734342e-03
1.80162034e-02,2.51902718e-02,7.18562001e-04,3.30486719e-03,-4.44137857e-02,-1.18731000e-02,2.90289167e-02,5.81269588e-02,2.41133656e-02,-6.62156870e-02,-5.01079038e-02,-4.14002297e-02,-9.57791820e-03
-1.15933589e-02,1.53436655e-02,1.18978399e-02,2.93326720e-02,-2.13854505e-02,1.17280185e-02,2.10112193e-02,1.48654912e-02,4.03055596e-03,-4.29049161e-02,-3.92411495e-02,-3.83947013e-02,1.18080723e-03
-1.92618724e-04,2.27201862e-02,2.12875188e-02,3.31646758e-02,5.73415330e-03,6.30234301e-03,-2.22571217e-02,-2.34020835e-02,-2.43845315e-02,-1.53653581e-02,2.89679345e-02,8.85168372e-03,2.93366722e-02
1.42116540e-02,1.75612822e-02,1.82963247e-02,1.34956857e-03,-1.07634857e-02,-4.91088538e-02,-3.50018596e-02,-1.47955454e-02,-3.74733803e-02,-1.42538412e-02,2.47634305e-02,2.30559479e-02,2.92259464e-02
4.29853090e-02,2.73181917e-02,-8.21685363e-03,-2.69596748e-02,-1.67138272e-02,-5.08193826e-02,-2.28188670e-02,-1.99808770e-02,-1.12476795e-02,7.97062616e-03,2.93960677e-02,1.13736517e-02,3.78330978e-02
-8.60332852e-05,1.01376766e-02,-2.00799009e-02,-2.71109226e-02,-1.58513081e-02,-3.88577020e-02,-3.98587691e-02,-1.46909829e-02,2.37733990e-02,5.02893877e-03,1.38648599e-02,-1.20806259e-02,5.84462080e-03
2.93196286e-04,1.44941941e-02,-1.03432741e-02,-2.00575780e-02,-6.08503381e-02,-5.17634726e-02,-1.32022507e-02,-3.35357593e-02,2.58744167e-02,2.00022960e-02,9.03177814e-03,-2.75219832e-03,9.63344984e-03
-2.16797229e-02,-2.93409469e-03,-1.65849301e-02,2.24239265e-02,-2.40406744e-02,-3.45011333e-02,-5.54211015e-03,-1.11118082e-02,3.16284061e-02,2.70242379e-02,1.68587396e-02,-1.78415985e-02,-1.56268405e-02
-1.74045899e-02,2.94343452e-02,1.94336386e-02,3.57688771e-02,-4.11544686e-02,-4.93645719e-02,-1.38466356e-02,4.54673500e-03,3.25495408e-02,2.84436636e-02,7.22346217e-02,-3.37922604e-04,-6.43770939e-03
1.40319433e-02,9.73319317e-03,-4.13667567e-02,-8.77787908e-03,-7.28223642e-02,-5.09289700e-02,-4.33418656e-02,6.80946184e-03,5.19804153e-02,4.04448021e-02,5.81523025e-02,-2.67425525e-03,-1.42270297e-02
-1.11297298e-02,-1.26716917e-02,-5.38900481e-02,1.74594942e-02,-5.36241373e-02,-1.30022127e-02,-3.35075360e-02,-1.27548165e-02,2.19636701e-02,1.72092395e-02,2.48269697e-02,-8.99411459e-03,-1.81198001e-02
-1.40270705e-02,-2.26074638e-02,-4.98017462e-02,1.14714795e-02,-1.67506408e-02,5.74045649e-03,-3.55422451e-02,-3.22002469e-02,5.25865955e-03,3.05272405e-02,4.89073592e-02,8.07906709e-03,5.58995273e-03
-3.36349625e-02,-3.32858869e-02,-4.36185195e-02,-1.13849444e-02,-1.61182709e-02,-3.17955962e-02,-3.27268872e-02,-2.83266495e-02,-1.08774622e-02,2.40545382e-02,5.56782319e-02,3.49700085e-02,1.98548295e-02
-5.55400011e-03,-2.25650836e-02,-6.67656982e-02,-3.72068453e-02,1.32993792e-02,-1.17329340e-02,-1.40861353e-02,-1.01165721e-02,1.06857108e-02,4.90176664e-02,4.57607402e-02,3.26264865e-02,4.10179671e-02
-2.52246093e-02,-2.32905460e-02,-2.56445839e-02,-2.41666937e-02,2.14720064e-02,-8.40624738e-03,-2.14474913e-02,-5.97736307e-04,4.40345287e-02,3.44212059e-02,2.89869305e-02,5.32868213e-02,2.95042041e-02
2.56934454e-03,-3.68260048e-02,-5.14392097e-02,-7.02572593e-02,-6.10975895e-03,-5.74572225e-02,-9.81059124e-03,2.02537785e-03,2.60000012e-02,5.37402512e-03,5.00658515e-04,4.26299214e-02,2.78394852e-02
-3.26914361e-02,-3.57707624e-02,-9.87809740e-03,-5.33770416e-02,-3.49437561e-03,-4.79719944e-02,-7.68017954e-03,1.50824405e-03,-1.15384200e-02,7.58818609e-03,1.97639011e-03,4.58615554e-02,2.67078796e-02
-4.05270686e-02,-3.13336194e-02,1.48956755e-02,-6.35142957e-02,-3.23731809e-02,-7.25597100e-02,-9.60774461e-03,1.98518294e-02,-1.43045079e-03,3.20611512e-02,4.87805151e-03,4.84868636e-02,4.46865273e-02
-3.74255873e-02,-5.76860813e-02,-6.51679630e-03,-8.05872408e-02,-9.36657180e-02,-9.24268565e-02,-1.04383354e-02,2.71927635e-02,3.17345318e-03,4.60660640e-02,-1.62444145e-03,4.21550428e-02,3.59933727e-02
1.76538670e-03,-4.51970138e-02,-3.47140408e-02,-7.33400732e-02,-8.15103748e-02,-6.23941819e-02,-7.31955884e-03,3.59220924e-02,-2.01412901e-03,2.81811528e-02,-3.75646870e-02,2.81034667e-02,1.68478944e-02
-1.12293465e-03,-1.67917969e-02,-1.05177781e-03,-5.04297640e-02,-3.78379622e-02,-2.82773146e-02,-1.66385196e-02,3.66474213e-02,-7.48290711e-03,3.55744612e-03,-2.42953224e-02,2.52883898e-02,1.22630771e-02
-1.85989265e-02,1.22686470e-02,-1.24165399e-02,-5.51955237e-02,-2.79400482e-02,-2.43665426e-02,-2.55091142e-02,3.56786977e-03,-1.08488995e-02,1.21891930e-02,-1.07407318e-02,1.37590070e-02,2.20283040e-02
-2.57935459e-03,1.34678199e-02,-2.70441365e-02,-5.45462315e-02,2.67797307e-02,1.54087555e-02,-1.14484629e-02,-2.72364120e-03,3.13244016e-03,3.48293097e-02,-4.46342321e-03,-1.13543638e-02,3.59873350e-02
2.15815420e-02,5.02474028e-02,-3.69490314e-03,6.62692933e-04,5.70264120e-02,4.92873866e-02,-2.01336425e-02,-3.18248891e-02,7.18331060e-03,2.30331695e-02,-1.69303312e-02,-2.07798912e-02,7.29732230e-03
6.52052102e-02,4.86688665e-02,-1.69957699e-02,-5.99502947e-03,4.60796229e-02,5.74872510e-02,-1.99314897e-02,-1.24522197e-02,1.53495393e-03,-1.71870264e-02,-7.65891227e-03,-3.07594336e-02,2.78675601e-05
6.40143979e-02,6.28912416e-02,2.31184939e-02,2.17660575e-02,6.49707431e-02,6.25358192e-02,-4.63643886e-02,-2.86664875e-02,-3.90981510e-02,-1.09143467e-02,2.64679084e-02,-2.63984071e-02,-1.23594086e-02
4.30272740e-02,2.82886056e-02,3.36623580e-03,-1.73531193e-03,4.90511930e-02,6.12298886e-02,-2.68324002e-02,-1.20909354e-02,-4.07436714e-02,3.55504811e-02,5.51822438e-02,6.05258412e-03,9.75203557e-03
7.26048206e-03,-1.44613627e-02,-2.02607635e-02,-3.70582091e-03,9.57872702e-03,1.92462756e-02,-3.89281873e-02,-3.27603921e-02,-4.12255138e-02,5.05953048e-02,7.92208334e-02,1.85872677e-03,-1.59103832e-02
5.61860985e-02,2.13450291e-02,-6.28675296e-03,2.02491101e-03,9.77852455e-03,2.09992184e-02,9.15965223e-03,-9.47469825e-03,-4.08375957e-02,2.53478355e-02,4.98740915e-02,-1.02822989e-02,-2.27042468e-02
4.45952965e-02,1.17159264e-02,3.30792163e-02,2.68306545e-02,2.34164417e-02,5.15123077e-03,-1.30910209e-02,-9.24974191e-03,-3.16848445e-02,1.60329361e-02,3.70077228e-02,-7.92424155e-03,-5.92405257e-02
1.65358326e-02,4.76200131e-02,4.24109307e-02,1.06321091e-02,1.66710129e-02,-9.14175469e-03,1.82098391e-02,-2.48215836e-03,-2.19923757e-02,9.67431582e-03,1.87991446e-02,-8.99084622e-03,-5.24302249e-02
-2.74385161e-02,4.23562425e-02,3.43134794e-02,-1.67413108e-02,2.20450787e-02,4.34025896e-03,3.23814605e-02,-3.24262183e-02,-9.02801440e-03,1.04690188e-02,1.56338076e-02,-2.89217779e-03,-1.93530732e-02
-9.57825286e-03,9.75000888e-02,5.00110613e-02,-1.21859117e-03,3.06561760e-02,1.22661475e-02,5.96985889e-02,-4.76253188e-02,-1.96579971e-02,-1.19081757e-02,-8.48953422e-03,-2.56262713e-02,-4.09586560e-02
-3.85986656e-02,8.45236698e-02,4.73518135e-02,1.31203826e-02,-3.63328794e-03,-5.50213161e-03,8.47266690e-02,-7.75301459e-03,-7.85005199e-04,-2.08995133e-02,-1.53197350e-02,-1.55214300e-02,-2.66552342e-02
-8.33031114e-03,9.42478316e-02,7.44343758e-02,2.57206732e-02,-1.78493731e-02,-3.48450029e-02,6.42041493e-02,1.01908690e-02,-1.89541233e-02,-2.43315747e-02,-3.80414406e-02,-3.81569240e-02,-2.70710320e-02
-6.85981262e-02,1.67779125e-02,2.85902820e-02,-1.51205053e-02,-2.83619944e-02,-2.45233748e-02,7.80495093e-02,3.88034438e-02,-1.15762571e-02,6.02338750e-03,-6.08940634e-03,2.96592583e-03,3.29733870e-02
-3.76949438e-02,-8.56697928e-03,6.21283393e-03,1.28888020e-02,-3.03776894e-02,-5.24123405e-02,6.67842024e-03,1.64991687e-02,-6.02425851e-03,3.22924114e-02,7.42602160e-03,-1.05511698e-03,2.34734481e-02
-4.34623929e-02,-3.78971992e-02,-1.44205979e-02,1.98490315e-02,-3.29592783e-02,-5.59302355e-02,6.37051074e-03,3.04079782e-02,-3.59459019e-02,-6.17184658e-03,2.06125130e-02,8.82754462e-03,3.59528658e-02
-2.62761541e-02,-8.80421381e-02,-2.05481988e-02,4.53939908e-02,-3.85649251e-02,-3.59678329e-02,-3.83429732e-02,1.14160161e-03,-4.20678911e-02,-3.15705347e-02,1.13411543e-02,3.12235412e-02,3.84570554e-02
-2.69769099e-02,-1.15788494e-01,-1.18066914e-03,7.02049757e-02,-7.58425523e-04,-2.44245392e-02,-5.30666775e-02,-1.38253490e-02,-7.58974896e-02,-5.08850664e-02,-1.45925076e-02,2.52292455e-02,2.78202120e-02
-3.44481820e-02,-1.13626768e-01,-1.69606198e-02,6.47155558e-02,3.24637256e-02,1.79294079e-03,-5.46343042e-02,-4.35120003e-02,-7.36908494e-02,-5.13632844e-02,7.65543961e-03,3.32327509e-02,4.36274970e-02
-1.66146661e-02,-5.58921291e-02,1.51434316e-02,7.58702364e-02,5.21253741e-02,3.83013010e-02,-6.92942969e-03,-4.67961689e-02,-7.20320965e-02,-8.77148348e-02,-1.81806394e-02,2.41759236e-02,2.65835775e-02
-4.18566353e-02,-4.56845855e-02,-3.25006149e-03,8.71470849e-02,6.01708959e-02,2.40842249e-02,2.78923199e-02,-1.54760565e-02,-5.65595765e-02,-7.97620882e-02,-2.40734769e-02,1.76568801e-02,6.48276095e-03
-6.57287231e-03,4.22237708e-04,-6.46568395e-03,6.81603254e-02,4.69638002e-02,2.97351304e-02,7.11224920e-02,2.39195672e-02,-4.25000432e-02,-6.45974950e-02,-4.34835579e-02,1.39285730e-02,-1.38295613e-02
-4.95029278e-02,-1.49385726e-02,-3.54019918e-02,3.29654700e-02,3.92795842e-02,2.15175295e-02,7.30149679e-02,2.08506843e-02,-3.80254869e-02,-3.63717390e-02,-3.06104472e-02,2.31371803e-02,1.17916947e-02
2.20975191e-02,2.49498001e-02,-2.07290764e-02,6.17454363e-02,4.67337814e-02,-1.90188320e-02,5.20466675e-02,1.56391869e-02,-1.17056124e-02,5.11624602e-03,-5.30695373e-02,-1.37326351e-02,6.06367313e-04
-2.19791200e-02,-2.34999948e-02,-5.97452471e-02,6.49043314e-03,2.67638523e-02,-4.28464039e-02,5.83529107e-02,7.03774748e-02,5.63626625e-03,1.10318020e-02,-4.83850341e-02,-4.86427871e-02,-2.07274655e-02
-1.67687242e-02,-5.57353640e-02,-8.01671577e-02,-1.30149099e-02,8.93160977e-03,-9.20531982e-03,4.39698498e-02,6.50025150e-02,4.12852785e-03,7.34602794e-04,-6.28170352e-02,-3.26517751e-02,-1.47094422e-02
1.59454996e-02,-4.41396734e-02,-5.52196088e-02,3.74847218e-03,2.42868218e-02,-2.00427871e-03,-8.15742577e-04,3.98323842e-02,-4.89436719e-03,9.98514419e-04,-7.34796595e-02,-3.68458426e-02,-2.35064693e-03
2.31301947e-02,-4.75987525e-02,-2.74825421e-02,6.19058077e-03,2.10220789e-02,-8.42486203e-03,3.49097583e-03,3.62483396e-02,9.92719892e-03,2.28498796e-02,-1.20425218e-02,-2.96183132e-02,-3.85326322e-03
4.67333144e-02,-1.79732764e-02,1.95956184e-02,-1.89750376e-02,-1.88074145e-02,-2.81837979e-03,3.43463722e-03,3.10073198e-02,2.91079308e-02,8.85599969e-03,-8.45997994e-03,-2.17495443e-02,-4.56899138e-03
5.63583397e-02,5.75646764e-03,5.26142162e-02,-6.49553018e-03,-3.20713354e-02,-1.66369397e-02,-4.47614758e-03,4.42571482e-02,3.92571220e-02,-3.05307372e-02,-2.34218199e-02,-2.33826385e-02,-2.48050495e-03
1.31539528e-02,-6.65072500e-03,3.49266136e-02,-2.55130385e-02,-1.29667681e-02,3.05877775e-02,4.36833477e-02,5.17542607e-02,7.16815582e-02,-2.06008465e-02,-1.89389351e-03,1.42315826e-02,-1.51798290e-02
4.58689816e-02,1.37007120e-02,3.15096307e-02,-3.41715078e-02,-3.77675073e-02,3.34648830e-02,1.49480463e-02,2.33918420e-02,4.25614454e-02,-3.51091492e-02,3.42554526e-02,2.72170239e-02,-1.96646231e-02
8.55620014e-02,6.30842237e-02,5.79999286e-02,-3.32607123e-03,-9.16032274e-03,2.92523780e-02,1.55379980e-02,-4.04639742e-03,2.28548263e-02,-4.47900597e-02,1.04763797e-02,3.21107188e-03,-1.52675761e-02
4.72539012e-02,9.40333414e-03,4.90552467e-02,-1.67905425e-02,-4.93419916e-03,1.07352950e-02,1.30596064e-02,1.07508510e-02,3.51978558e-02,-5.34727342e-02,1.75146740e-02,-2.07434465e-02,-2.78850620e-02
3.75999996e-02,-1.77389186e-02,4.21318133e-02,-4.48735254e-02,-2.09971136e-02,1.70730107e-03,-6.83376077e-03,-2.42604030e-02,-1.43674452e-02,-4.33020543e-02,-1.92092040e-02,-2.79964177e-02,-3.77220952e-02
5.33869453e-02,-2.31665776e-02,1.06920945e-02,-4.57575985e-02,-6.43206630e-03,5.77404768e-03,-2.87101888e-02,-5.47490009e-02,-4.03239274e-02,-6.38883384e-02,-3.40649353e-02,-2.53162417e-02,-5.07832494e-02
2.49179129e-02,-2.99818570e-02,1.46758852e-02,-2.99262245e-02,1.40531676e-02,8.80675113e-03,-2.02083151e-02,-3.41439312e-02,-1.09995206e-02,-3.65919034e-02,-5.54955006e-03,5.80754820e-03,-4.12788180e-02
5.30097688e-02,-1.93991635e-02,3.06738825e-02,-2.08750516e-02,2.09127021e-03,-8.74107616e-04,-9.70892008e-03,-5.47950230e-02,-1.99022973e-02,-1.36058825e-02,-3.63443281e-03,6.33923642e-03,-3.21944848e-02
5.64674717e-02,-1.20449793e-02,3.00885503e-02,-2.41549100e-02,-2.43373022e-02,-3.29568879e-02,-1.39277898e-02,-4.65721824e-02,-2.48243673e-03,-8.10923662e-03,-1.17144124e-02,9.62425615e-03,-7.46739894e-03
-3.20200729e-02,-2.63226140e-02,5.14250078e-03,-1.75921753e-02,-2.69818387e-03,-1.94472403e-02,1.96047310e-02,-1.80268208e-02,1.80211967e-02,2.08775683e-02,2.13901941e-02,3.82036656e-02,1.51428817e-02
1.28414755e-02,-8.83402663e-03,-1.70222561e-02,-5.51822238e-03,4.55857003e-05,-5.97806068e-03,1.37679254e-02,3.76653479e-03,1.11368844e-02,2.69188619e-03,1.54494031e-02,2.36351972e-02,5.98170705e-03
6.16109599e-03,6.00570571e-02,-1.18922525e-02,3.02583313e-03,5.48565704e-04,-1.95080233e-03,1.65867673e-02,2.48836440e-02,-4.14909735e-03,9.05815769e-03,9.25511440e-03,3.59776844e-03,1.32112135e-02
-1.85540869e-02,4.96238263e-02,-1.50416609e-02,3.80885985e-02,9.95969275e-03,2.04582938e-02,3.34455322e-02,4.35975581e-02,2.11187525e-02,2.94214615e-02,1.58128838e-02,-6.59417040e-03,2.71395814e-02
4.67749714e-03,6.43708048e-02,-7.20445621e-04,2.58443818e-02,-2.64593619e-02,5.69311713e-03,3.11632134e-02,1.38617110e-02,-1.47627936e-02,3.36022124e-02,1.38279274e-02,-6.06568628e-03,3.00535041e-02
-2.98422717e-02,1.99035671e-02,-3.77169633e-02,-4.14157494e-03,-5.20205072e-02,-9.72132335e-03,1.11249995e-02,-2.94454549e-02,-5.53838527e-02,1.95776262e-02,5.48459539e-03,-1.34623757e-02,-8.37833127e-03
-5.65327812e-02,5.06295206e-02,-1.29587774e-02,3.56399990e-03,-5.13776233e-02,5.87483462e-03,8.89205635e-03,-1.00274865e-02,-3.43294841e-02,1.72710495e-02,2.56868868e-02,1.75922422e-02,-9.95961054e-03
-3.83357056e-02,2.17438327e-02,9.08441999e-04,1.54581543e-02,-5.68812242e-02,9.86628271e-03,-4.84173028e-03,-4.94671760e-02,-5.61607418e-02,1.03861944e-02,2.62712686e-02,8.92100135e-03,-1.24838512e-02
6.64565729e-03,-2.36871930e-03,-2.33025103e-03,2.03288471e-02,-3.59770955e-02,8.65445907e-04,1.50157297e-02,-7.17638409e-02,-3.94223766e-02,3.02015229e-02,3.65601887e-02,-3.53095293e-03,-1.69305213e-02
-3.14706370e-02,-9.69637152e-03,1.34187538e-02,3.39517304e-02,-1.76798500e-03,1.59746656e-02,2.19772731e-02,-7.07885941e-02,-3.44909159e-02,3.10539401e-02,5.70397282e-02,1.87017800e-02,1.22272402e-02
-1.88475567e-02,-5.06918190e-02,-2.34952716e-02,2.71448830e-02,2.03630292e-02,1.46073290e-02,2.32513354e-02,-5.92662096e-02,-3.19938736e-02,9.56222783e-03,3.65484847e-02,1.62501686e-02,6.07915298e-03
-8.85063010e-03,-3.61662174e-02,-1.33299976e-02,2.80665558e-02,8.64638073e-03,8.05528299e-03,1.00081698e-02,-3.16004526e-02,-2.55686956e-02,3.12841885e-02,3.81421164e-02,1.08049522e-02,-2.80565979e-03
1.12611705e-02,-1.81776507e-02,-1.22263051e-02,4.12005951e-02,4.07105159e-02,2.62477353e-02,1.11148444e-02,1.82113052e-02,8.06944541e-03,2.01657770e-02,-7.70591584e-03,1.51904541e-03,1.39863793e-02
2.78866331e-02,-4.85631949e-04,-6.38133404e-03,3.79557765e-02,5.42151929e-02,3.93827162e-02,1.96903180e-02,4.29608125e-03,-3.96274632e-03,-4.21505070e-03,-9.16333147e-03,4.52360803e-03,1.70400764e-02
2.24634260e-02,-8.81265531e-03,-5.53815076e-03,1.20582366e-02,4.23085687e-02,2.70586909e-02,-1.21859388e-02,1.41855960e-02,2.32412616e-03,2.14890693e-02,-4.71627431e-05,6.71974793e-03,-4.72226500e-03
-2.56100910e-02,-1.17110723e-02,-3.23391036e-02,-1.11142995e-02,1.04091580e-02,-1.24935368e-02,-5.50008961e-02,1.30739579e-02,2.61601691e-02,1.38654423e-02,-1.52376162e-02,2.44625317e-02,7.74408755e-03
-8.81682813e-03,-5.76414838e-03,-3.91912935e-02,-2.67664038e-02,-9.27261370e-03,-5.24601670e-03,-5.62046640e-02,1.98486699e-02,-1.70242559e-04,-9.94027865e-03,-2.10525169e-02,1.33893362e-02,-4.00162039e-03
5.61637612e-02,1.72847058e-02,-1.43278541e-02,-8.47997610e-03,-7.45174074e-03,7.56360237e-04,-4.49806645e-02,4.09429397e-03,1.84235646e-02,2.27308684e-02,-5.41454285e-03,7.09577009e-03,-6.31419274e-03
2.65477632e-02,2.97811352e-02,-3.76678800e-03,-1.18518104e-02,-2.15954506e-02,2.04367976e-03,-4.37916655e-02,-1.60968109e-02,1.58650608e-02,-6.22036678e-03,-1.15083792e-02,2.94581548e-02,1.15570638e-02
2.26430412e-02,8.47562519e-03,-3.34659227e-02,-3.95035887e-02,-3.19050969e-02,1.37112525e-04,-1.30461559e-02,-2.72413457e-02,3.52910845e-02,-1.18864616e-02,-1.97593979e-02,2.65254210e-02,1.24022254e-02
5.78941352e-03,-2.38232083e-02,2.12006127e-03,-1.50854419e-02,-6.08979225e-02,1.24381288e-02,2.79939573e-02,-2.32066102e-03,6.56701748e-02,1.84550251e-02,2.47393220e-03,2.03925329e-02,-1.54455631e-02
2.66739804e-02,-7.67085312e-03,-1.25435153e-02,-8.91964184e-03,-4.60464945e-02,6.07693351e-03,3.38819024e-02,5.80585839e-03,6.93999039e-02,1.36198967e-02,-1.01797703e-02,2.18990210e-02,-2.22612427e-02
3.64095315e-02,-8.46130255e-03,-1.94776222e-02,-3.77042690e-03,-2.25845195e-02,4.28055038e-02,4.68021165e-02,1.81594577e-03,6.62819528e-02,-5.80037198e-03,-2.20064005e-02,-1.10429538e-02,-1.69118800e-02
4.98661884e-02,1.60594321e-02,2.31861397e-02,7.54249521e-05,-4.20576890e-02,2.84370632e-02,3.75529524e-02,2.39042700e-02,4.34109775e-02,9.23691191e-03,2.33110088e-02,-1.36191136e-02,-3.18288438e-02
5.14356207e-03,-2.40924516e-02,-2.02033623e-02,-1.92099651e-02,-3.17889276e-02,-2.45609198e-02,-8.29573668e-03,9.38682146e-03,5.80221783e-02,1.25540882e-02,1.20893402e-02,-5.08688811e-03,-2.09091834e-02
2.22940168e-02,-3.75313421e-03,-4.40770148e-02,-3.37968998e-02,8.87649025e-03,-1.56493061e-02,-5.59671948e-03,2.68346971e-02,1.00541427e-02,-3.47725274e-03,1.06329079e-02,-2.60820649e-02,-1.88168249e-02
5.03504796e-03,-1.34523543e-02,-2.82735391e-02,-4.17244755e-02,2.45110864e-03,-2.76904395e-02,-3.14372349e-02,-7.73813883e-03,-2.14932406e-02,9.84982519e-03,3.89200604e-02,-2.86551671e-02,3.59189699e-04
-5.56326354e-03,-1.44124290e-02,-3.13377990e-02,-4.27022803e-02,5.57060430e-03,-4.16885860e-02,-4.50119082e-02,-2.26787194e-02,-5.62452063e-02,-6.44919037e-03,1.76729231e-02,-1.19356280e-02,3.09793498e-02
1.17790883e-02,-1.14845692e-02,1.03901242e-02,-5.23516943e-02,1.72991884e-02,-1.88943548e-02,-2.74875501e-02,-4.25491490e-02,-7.17101224e-02,-1.71534860e-02,2.27757339e-03,-2.50512482e-02,5.40867985e-02
-1.87722598e-02,-2.89511699e-02,5.51143093e-02,-1.27996484e-02,8.50195036e-03,-1.33010275e-02,-6.51397242e-03,-3.50915528e-02,-5.99351456e-02,-1.38031080e-02,7.76916424e-03,-2.06493201e-02,4.54932703e-02
-6.79991753e-02,-4.98063679e-02,6.13592187e-02,1.68716987e-02,7.34570504e-03,-2.98698123e-02,-3.72521678e-02,-4.01772894e-02,-4.81103354e-02,4.28020404e-02,3.62041759e-02,-1.61252883e-03,3.61365015e-02
-7.90872034e-02,-4.59110956e-02,3.96260272e-02,2.10683685e-02,3.67765653e-02,3.25307356e-02,-3.68396699e-02,-8.13655490e-03,-3.43434347e-02,5.84451970e-02,2.27356359e-02,-9.61036841e-03,4.57267713e-02
-6.74032384e-02,-2.55532829e-02,4.73730102e-02,5.96068652e-02,1.49194886e-02,2.57237929e-03,-5.70292388e-02,3.05145270e-02,-2.85629514e-02,6.58956860e-02,5.05609310e-02,-2.15432195e-02,4.82293437e-02
-7.08723157e-02,-1.43391085e-03,1.86125711e-02,7.64807897e-02,5.79585427e-02,-2.82590079e-02,-8.26823105e-02,3.34732835e-02,-1.16495055e-03,8.42478885e-02,4.74143995e-02,-1.64469971e-02,2.86301575e-02
-5.44330863e-02,1.72507068e-02,-3.38404463e-03,5.70922959e-02,7.00848145e-02,-7.50375778e-03,-8.64913142e-02,3.70783574e-02,7.62698889e-04,7.54173102e-02,5.09790383e-02,-2.92704341e-02,2.57009926e-02
-7.47118469e-02,-9.21118463e-03,-4.18417733e-02,6.78708580e-03,3.48835009e-02,-3.22775736e-02,-5.57423185e-02,5.49583025e-02,1.44786674e-02,6.37053495e-02,5.21759663e-02,-2.40271116e-02,3.85261512e-02
-4.80642236e-02,-1.18798508e-03,-3.71130541e-02,1.43438873e-02,5.36637981e-02,-9.38940881e-03,-3.46128171e-02,2.21651084e-02,1.09650461e-02,3.89243567e-02,3.00846522e-02,-1.99254524e-02,4.59769605e-02
-1.38982849e-02,-3.54104815e-03,4.91285622e-03,-1.10237418e-02,3.88134714e-02,1.84557050e-02,1.21601307e-02,-6.04304956e-03,-8.48227109e-03,-4.05588473e-03,-1.17214971e-02,-7.45180569e-03,4.64403590e-02
3.06300441e-02,-4.03117340e-03,2.17161278e-02,-4.07073827e-02,1.55714127e-03,-1.06620508e-03,1.52505138e-02,-3.35862021e-02,-1.37891916e-03,-3.87840919e-02,-3.29246097e-02,5.17277601e-03,2.47068280e-02
2.80797773e-02,-9.32352169e-03,7.46074170e-02,-1.20025090e-02,-8.58291160e-03,-1.09985339e-02,1.33634667e-02,-4.41679566e-02,-1.33441930e-03,-2.80261665e-02,-2.76534983e-02,2.02023516e-03,-3.11472357e-03
3.45206365e-03,-1.71183482e-02,5.31845453e-02,-4.59594047e-02,-1.43868950e-02,3.15403145e-02,4.33848068e-02,-1.90363261e-02,1.12881168e-02,-1.70405703e-02,-3.08408283e-02,3.18566458e-02,7.31390799e-04
-8.60217915e-03,-6.22016163e-03,5.18026641e-02,-3.85121241e-02,-3.99631643e-02,2.23051910e-02,3.81105643e-02,1.00884008e-02,4.22330119e-02,-1.04912692e-02,-1.39509592e-02,3.69459197e-02,2.26500260e-02
-3.98755282e-02,-1.74457329e-02,3.13948890e-03,-3.33026141e-02,-2.30464904e-02,1.49818312e-02,1.63052930e-02,7.62181730e-04,6.40534941e-02,2.74136098e-02,-1.04446507e-02,2.85373444e-02,8.35408004e-04
-1.59146437e-02,2.49208983e-02,2.06845677e-02,-1.01808772e-02,4.58214380e-03,5.87563820e-02,-3.79361891e-03,3.47830087e-03,5.59232055e-02,8.89295120e-03,-5.86457793e-03,-2.35828596e-03,3.62187889e-03
-7.68748614e-03,4.86199580e-02,2.21497230e-03,8.11299474e-04,-1.44792440e-03,3.60146590e-02,-2.08568957e-03,5.26891746e-02,7.66478052e-02,2.77885104e-02,-1.62563179e-02,-3.31364907e-02,1.09184251e-02
1.79657670e-04,2.42866037e-02,-2.06320294e-02,1.78537431e-03,1.21198787e-02,7.13933022e-02,-1.09332567e-02,3.02773617e-02,4.57775231e-02,2.37972236e-02,8.35092999e-03,-4.06223049e-02,1.16814454e-02
1.91501674e-02,2.41600266e-02,-3.88370121e-02,1.64837773e-02,-8.73292966e-03,8.49270198e-02,1.66208312e-02,8.02967309e-03,2.93662974e-02,1.44377595e-02,-8.92528005e-03,-2.79901725e-02,3.03628498e-02
4.48470897e-02,1.62988451e-02,-1.88716661e-03,2.66340001e-02,-2.47646926e-02,4.58258113e-02,-5.87390558e-03,-9.65870703e-03,1.22025381e-02,1.27290915e-02,-1.66742109e-02,-1.68794246e-02,2.56419385e-02
1.18721208e-01,5.03844928e-02,1.41859203e-02,1.78098840e-02,-1.75333905e-02,1.97757136e-02,-2.46825841e-03,-4.40773484e-02,-3.20241237e-02,-1.46534357e-02,-2.99562572e-02,-3.73908019e-02,-7.31869734e-03
1.20744044e-01,3.49672523e-02,-5.40739670e-04,-5.24696115e-03,-1.30249198e-02,-7.01080142e-03,1.18102703e-02,-3.66297377e-02,-4.17763243e-02,2.31209352e-02,1.27184406e-02,-3.46072273e-02,-1.98974959e-02
8.74176783e-02,5.13723251e-02,2.01084454e-02,-7.52998026e-03,-3.13047700e-04,-3.50039698e-02,2.54427324e-02,-2.97724840e-02,-4.33984027e-02,1.78843156e-02,2.00621755e-03,-2.84830293e-02,1.87357840e-02
3.59528775e-02,1.16290606e-02,3.63790309e-05,-2.16390703e-02,-2.76511493e-03,-2.43991379e-02,4.11282365e-02,-4.51152939e-02,-2.08681914e-02,4.12700909e-02,2.23085186e-02,-2.18122292e-02,7.32726072e-03
2.86357954e-02,2.05609530e-02,2.52130355e-02,-1.32573544e-02,1.57526086e-02,5.10341792e-03,4.96164061e-02,-3.28227854e-02,-1.61533214e-02,3.06907832e-02,5.06780741e-03,-2.71791085e-02,-9.14077177e-03
-1.58414726e-02,3.79491582e-02,5.00322737e-02,1.40901677e-02,8.06594706e-03,-5.17801768e-03,4.14531538e-02,-1.24830668e-02,1.54163931e-02,3.04907129e-02,-2.91303186e-03,-3.70026591e-02,-1.55940588e-02
-2.06413994e-02,9.99327171e-03,3.37596738e-02,1.81554355e-02,2.36580389e-02,1.83118720e-02,9.97830903e-03,-6.48407360e-03,1.36758182e-03,1.03297876e-02,5.91399070e-03,-7.12780188e-03,-4.19266561e-02
-4.35841327e-02,-6.48890670e-03,2.22780244e-02,3.90951666e-02,2.27053541e-02,7.44575019e-03,1.22741426e-02,2.07304448e-02,-6.78384345e-03,7.13739530e-03,2.40536621e-02,5.75923807e-03,-3.23381370e-02
-3.89873334e-02,-1.18907649e-02,4.04072294e-02,7.18497305e-02,1.05434558e-02,-4.56781144e-03,7.10494259e-03,4.55745352e-02,-2.25991656e-02,-1.49062063e-02,1.73518027e-02,1.39438115e-02,-3.32530435e-02
-1.17271409e-02,-2.69761236e-02,3.99501792e-02,5.24160439e-02,-1.60431462e-02,-2.46335427e-02,7.28513705e-03,4.90132705e-02,-1.33806820e-02,-7.85329763e-03,-1.43849637e-02,3.75483070e-02,-7.34288092e-03
-3.25464765e-02,-3.26051522e-02,1.68734411e-02,3.29333009e-02,-1.08871444e-02,-2.69600816e-03,1.98247097e-02,4.45084191e-02,-2.13708203e-02,-4.25978400e-03,1.33223838e-02,4.21762308e-02,-1.87506651e-02
2.73796857e-03,-1.69058999e-02,6.09734041e-03,3.34661603e-02,1.77447756e-03,-3.43117771e-02,1.31110605e-02,2.78514107e-02,-2.93262225e-02,-1.27285278e-02,-1.07572391e-02,3.09566312e-02,8.77448409e-03
1.68876769e-02,-1.89715241e-03,-5.39671547e-03,4.20842925e-02,2.88694170e-03,-1.67921849e-03,5.18939374e-03,1.00372916e-02,-9.63078143e-03,2.75272039e-03,3.01221517e-03,1.94510614e-02,3.71030125e-03
2.27694381e-02,3.60017808e-02,-1.13885704e-02,-6.95205892e-03,-2.18946782e-02,-4.98716525e-04,2.88429512e-03,-3.23408383e-03,7.77788343e-03,1.41803285e-02,-1.80117725e-02,3.57493379e-03,1.76351907e-02
-4.43179723e-02,6.19532826e-03,-2.04913315e-02,-2.44446137e-02,-4.06798356e-02,2.12615273e-02,4.47416951e-02,1.58589046e-02,7.84026117e-02,3.51940353e-02,7.94821092e-04,-1.84596477e-02,-8.92534586e-03
-7.47143631e-05,8.66812913e-03,-4.92791069e-02,-3.37429577e-02,-4.91743359e-02,2.23549368e-02,2.63080094e-02,-2.41418955e-02,8.20953643e-02,3.76024499e-02,1.21941551e-02,-1.00463330e-02,-2.34014397e-02
3.09548727e-02,2.46504683e-02,-2.69997300e-02,-4.44704064e-02,-3.07652934e-02,-1.05579137e-02,3.32686171e-02,-2.80153209e-02,5.69383603e-02,2.89885668e-02,1.28202766e-02,-1.13341711e-02,-2.01655326e-02
5.48466226e-02,1.63172729e-02,-5.02713357e-02,-6.13923887e-02,-7.69172407e-03,-1.63277548e-03,2.52320680e-02,-2.04459318e-02,3.74119957e-02,-1.18473381e-02,4.66689801e-03,-4.77704788e-02,-6.02354267e-02
-1.75698356e-02,-7.01032440e-02,-7.78629133e-02,-9.36358813e-02,-8.07590838e-02,-5.26385288e-02,1.40913053e-02,-1.75598879e-03,2.15925654e-02,1.01828752e-02,1.38632428e-02,-3.72696731e-02,-2.64641159e-02
-4.76934744e-02,-5.33945682e-02,-6.68446437e-02,-1.09958934e-01,-9.25202189e-02,-5.23588343e-02,1.24588288e-02,-5.80022380e-03,-3.94265694e-03,-4.57059719e-02,-9.33645749e-03,-2.37819777e-02,-9.90629671e-03
-3.58275308e-02,-7.49953259e-02,-4.74030967e-02,-7.59522028e-02,-7.20828941e-02,-3.33812702e-02,8.18227651e-03,-1.60803747e-02,-2.27425973e-02,-4.49210528e-02,-9.37388846e-03,-2.62641364e-02,-2.75634657e-03
-1.32154510e-02,-6.91332731e-02,-4.88921530e-02,-1.80398761e-02,-3.25339181e-02,-8.46381724e-03,-8.86831288e-04,1.97930308e-02,-6.22222870e-03,-3.16326932e-02,6.02863519e-03,-2.93207948e-03,5.12735750e-03
2.93486004e-02,-1.76502032e-03,-2.96335201e-02,3.74280815e-03,-1.97156069e-02,-4.67733347e-03,-1.74399201e-02,1.95292511e-02,-1.28233046e-02,-5.90843630e-02,-9.26486550e-03,-4.56254003e-03,2.35593605e-02
2.15663660e-02,7.41558947e-03,-1.16065011e-03,2.29843865e-02,1.32228818e-02,4.36142752e-02,-1.64276989e-02,5.66373332e-02,1.93727898e-02,-3.75462285e-02,-1.27643150e-02,-1.20708385e-02,1.36443394e-02
6.88728141e-02,3.76810833e-02,6.34660223e-03,3.30034896e-02,4.12273909e-02,3.89896654e-02,-2.77020860e-02,4.64471814e-02,2.08381385e-02,-9.62820880e-03,1.50527578e-02,-3.88824646e-03,2.31642306e-02
1.07727095e-01,9.80667123e-02,1.23942106e-02,2.14140885e-02,6.72502450e-02,2.09306259e-02,-2.06396283e-02,5.59086732e-02,4.03099234e-02,2.30420472e-03,1.08188411e-02,1.87542717e-02,2.46919115e-02
1.43318307e-01,8.86124749e-02,1.83878567e-02,4.29280074e-02,1.02913692e-01,5.74505613e-02,7.39657893e-03,6.04694588e-02,3.50411223e-02,7.32321472e-03,-2.26160679e-02,-2.02124947e-02,9.72332999e-04
1.00438735e-01,6.16910705e-02,-3.49234415e-03,1.19944325e-02,5.29569737e-02,2.15056604e-02,-2.89887036e-02,1.73631854e-02,2.25646252e-02,1.90994120e-02,-4.98371227e-03,-1.22604280e-03,-1.53929053e-02
8.95256385e-02,6.80577754e-02,-3.03718986e-03,-3.03711474e-02,-3.45939204e-03,-1.59146234e-02,-3.31061298e-02,-3.38380803e-02,-8.73349078e-03,-5.84059832e-03,4.02285579e-03,1.41887989e-02,-1.68583267e-02
3.39444775e-02,3.73680121e-02,-1.11356946e-03,-4.51488064e-02,-2.79000751e-02,8.98256066e-03,-2.09785268e-02,-3.16136392e-02,-2.45587702e-02,3.02121558e-03,1.45283256e-02,-9.46590497e-03,-2.70137740e-02
-1.22425135e-02,2.05328238e-02,-5.58766157e-04,-7.79897776e-02,-6.93464751e-02,-2.93346591e-02,1.20754232e-03,-2.28116782e-02,-4.16575409e-03,1.06678898e-02,2.70550688e-02,1.07849047e-02,-9.83422074e-03
-1.72807463e-02,-1.05330599e-02,-2.43766847e-02,-4.75225757e-02,-9.36029194e-02,-4.28481677e-02,3.41080316e-02,-3.56780762e-02,-4.22122247e-03,-2.76689628e-02,3.26301453e-02,2.77661817e-02,-3.50440753e-02
-4.40296270e-02,-1.56095198e-02,-4.49375910e-03,-4.58552351e-02,-8.59622993e-02,-2.05609679e-03,4.36160674e-02,-1.63378669e-02,-2.43602516e-02,-5.16518040e-02,-1.50639241e-02,1.59381840e-02,-1.89117552e-02
-2.74597625e-02,-2.16103251e-02,-1.25797617e-02,-4.21883134e-02,-8.19047668e-02,-8.44636225e-03,2.82766299e-02,-3.28709491e-02,-6.25392571e-03,-5.07750867e-02,-1.86048114e-03,1.24734491e-02,-1.43426447e-02
-2.96243380e-02,-1.22904892e-02,-3.16375888e-02,-3.63516986e-02,-5.10796854e-02,-2.26234843e-02,2.01146182e-02,2.41712044e-02,6.17176125e-03,-5.91162035e-02,1.83503628e-02,3.00352741e-02,1.74536439e-03
-2.98525963e-03,-3.12190199e-02,-3.77862055e-02,9.36092561e-03,9.06367932e-03,7.81228209e-03,3.79727564e-02,3.42742754e-02,-4.56355523e-03,-4.35778562e-02,5.63215471e-03,-2.40387618e-02,5.07649770e-03
2.47590509e-02,3.48837429e-03,-1.60329581e-02,9.84364453e-03,2.44844748e-02,1.88453478e-02,-6.64456800e-03,7.77440742e-03,2.18726930e-02,-3.98006795e-02,-1.55537882e-02,-5.36358021e-03,1.51169004e-02
6.00814618e-02,-4.34890594e-03,-1.10404224e-02,2.31743160e-02,5.25539954e-02,2.93697256e-02,1.13612267e-02,-1.00600916e-03,4.26894813e-03,6.55691738e-04,1.31603442e-02,-9.76199712e-03,1.85700936e-02
5.07830901e-02,5.32688971e-03,-8.07100574e-03,1.59355396e-02,9.47105412e-02,3.85504718e-02,-1.46109258e-02,1.49021977e-02,2.43299624e-03,1.38999767e-02,2.22344451e-02,-1.49519100e-02,1.69013798e-02
-3.84129154e-02,1.91306091e-02,-1.19312698e-02,-3.73607933e-02,1.07243022e-02,2.61403404e-03,-2.62166760e-02,-3.96916812e-03,-1.55731197e-02,3.20420918e-02,1.47802569e-02,2.07922533e-02,2.44957273e-02
-5.81599299e-02,-2.26463100e-02,-5.43847275e-02,-1.67502575e-02,8.83980878e-03,1.63052416e-02,6.27288248e-04,-3.44413629e-02,-1.34675558e-02,5.82962648e-02,2.75240196e-02,4.01904224e-02,-8.20560360e-03
-1.25803380e-01,-4.51536209e-02,-4.20013950e-02,-1.54565021e-02,-1.08292770e-02,-1.35433940e-02,-1.50632856e-02,-1.06628160e-02,-1.69186460e-02,5.93058357e-02,4.22212694e-02,9.58970771e-03,-3.23691129e-03
-1.08216437e-01,-4.34690218e-02,-6.31222416e-02,-1.96855082e-02,-2.89036219e-02,-3.10235221e-02,-2.48746058e-02,-3.45407724e-02,-2.88313600e-02,4.89504294e-02,5.02932306e-02,-3.44023349e-03,-2.23940148e-02
-6.69546195e-02,-6.46404038e-02,-4.52626119e-02,5.81447770e-05,-8.17266394e-03,1.73897048e-03,-2.62776110e-02,7.04295909e-03,-5.05563787e-02,2.53199772e-02,3.25596264e-02,-2.19407325e-02,-1.83785746e-02
-4.98024029e-02,-4.36984058e-02,-1.28589367e-02,5.49770825e-02,3.05644815e-02,3.16840787e-02,-3.56917005e-02,-1.31313309e-02,-5.30009988e-02,1.59071425e-02,3.50776836e-02,-4.39200142e-02,-2.64679150e-02
3.50269584e-03,-3.28605285e-02,-1.95979859e-02,3.95569332e-02,3.69938174e-02,5.76537012e-02,-4.45640382e-02,-1.54702045e-02,-3.57386920e-02,-2.04976388e-02,2.54210211e-02,-3.63728131e-02,-9.82247915e-03
2.88856894e-02,-3.54966647e-02,-5.23384641e-03,7.99276862e-02,9.29369147e-02,7.13227634e-02,-1.63471485e-02,-5.20361752e-03,-5.80991200e-02,-4.31773026e-02,1.82854133e-02,-4.03388435e-02,-1.58082164e-02
2.89679756e-02,-3.91567659e-02,2.74406001e-02,7.66913978e-02,1.38359859e-01,9.78762271e-02,-8.17676089e-03,-1.61335557e-02,-4.69667636e-02,-4.30529607e-02,-5.49193549e-03,-5.58677891e-02,-2.16046670e-02
-1.94087886e-03,8.86845716e-03,3.95107257e-02,6.12315052e-02,7.14597646e-02,7.31404710e-02,-1.20785640e-02,-5.21962215e-02,-5.23935813e-02,-4.10905306e-02,-3.58575113e-02,1.08738203e-02,-1.60947050e-02
-1.82791416e-03,2.34889425e-03,2.88680190e-02,6.78367080e-02,7.81293465e-02,9.51853698e-02,2.27976127e-02,-7.24499634e-02,-3.64918958e-02,-2.02840832e-02,-5.32236761e-02,3.84269054e-02,-2.85663724e-02
-8.25300808e-03,-1.33082998e-02,5.08712648e-02,5.50530564e-02,3.05752446e-02,4.94924637e-02,1.03481582e-02,-7.96853103e-02,-5.25728784e-03,1.26178841e-04,-3.34318232e-02,3.88475988e-02,-2.71753266e-02
2.10641743e-02,1.67627210e-02,3.40449129e-02,4.53787009e-02,-1.80725568e-02,-1.41866607e-03,1.68284982e-02,-7.96319547e-02,-7.19024864e-03,-1.04597037e-02,-1.19828126e-02,5.26686357e-02,-3.38544593e-02
6.32503272e-02,1.14998825e-02,3.64716616e-02,2.69547759e-02,-1.92654872e-02,1.92923733e-02,2.42053328e-02,-4.83423522e-02,-1.13413771e-02,-2.04119445e-02,-2.68904750e-02,4.26590755e-02,-3.85130414e-02
6.77927432e-02,2.36210054e-02,6.03593257e-02,3.98646490e-02,-5.24959467e-02,2.61957955e-02,3.13208703e-03,-6.76035371e-02,1.39376087e-02,-5.50246430e-03,-9.10733016e-03,3.49073675e-02,-1.87029170e-02
1.08139099e-01,3.22923176e-02,4.64220210e-02,1.88944993e-02,-8.65938427e-02,-1.98430701e-04,2.49013466e-03,-1.72730312e-02,3.98707170e-02,-1.54280360e-03,-2.80777223e-03,2.97820851e-02,4.01710421e-03
8.23798794e-02,-2.70636325e-03,3.02034991e-02,3.88215364e-02,-4.12061846e-02,1.98334133e-02,2.41052147e-02,1.42497155e-02,2.59851354e-02,-1.17418981e-02,3.98287790e-03,1.26552827e-02,-1.76854413e-02
3.17813874e-02,-4.85060301e-02,6.45458416e-03,4.67731225e-03,-2.45968128e-02,5.80469707e-02,5.06515646e-02,2.82644741e-02,2.28153544e-02,2.08176522e-02,-2.34993787e-02,-4.83448626e-02,-1.41033533e-02
1.41435608e-02,-1.80566113e-02,3.03421188e-02,-1.05891780e-02,-1.70758519e-02,1.60727824e-02,2.45870275e-02,-8.34295117e-04,4.11236534e-02,3.72611855e-02,-3.34912977e-02,-3.83870550e-02,-2.35416097e-03
1.74091620e-02,-1.81708390e-02,2.82341027e-02,-2.30669552e-02,-3.24609651e-03,8.71926148e-03,1.70703535e-02,1.65530593e-02,3.75681414e-02,4.13142705e-02,-3.95186282e-02,-5.63283195e-02,1.14666012e-02
1.21629228e-02,-7.93279141e-03,5.12686851e-02,-1.75932558e-02,-5.49139348e-03,-1.06096313e-02,1.77195851e-02,8.10853884e-03,1.56469096e-02,4.75052940e-02,-4.29075204e-02,-4.68183625e-02,2.32013989e-02
6.20231960e-03,-6.45992014e-03,3.92196795e-02,-3.27389089e-02,-3.38824921e-02,-5.40120111e-02,-1.50575631e-02,1.45513441e-02,4.07068602e-02,3.41840019e-02,-3.65219281e-02,-3.54760183e-02,1.85323077e-02
-2.11900902e-02,-1.30527014e-02,1.51678221e-02,-3.73241844e-02,-1.08675804e-02,-5.14532990e-02,-3.01160972e-02,-7.98456565e-04,2.69012281e-02,2.70996738e-02,-2.72697117e-02,-2.72116514e-02,2.37006872e-02
-1.91784059e-02,-1.03622250e-02,-1.32563386e-02,-3.07281864e-02,-1.28378961e-02,-4.07376593e-02,-4.63614974e-02,-1.31134412e-02,2.34183891e-02,9.75602568e-03,1.08229479e-02,-3.23425938e-02,2.99018873e-02
-2.24834814e-02,-2.66669984e-05,-4.17447633e-03,-1.12688868e-02,-5.46796886e-02,-7.33963325e-02,-7.21759040e-02,1.05320745e-02,2.45930979e-02,3.12088141e-02,1.00109246e-02,-1.62236641e-02,3.43996615e-02
-4.29301692e-02,-3.16253238e-02,-2.45975750e-02,-1.44136341e-02,-4.03468187e-02,-3.66911893e-02,-1.69906529e-02,-2.39795419e-03,-2.45829455e-02,1.97525187e-02,1.28376400e-02,-4.06739338e-02,-1.03060843e-02
-3.31495692e-02,-3.19997038e-02,-6.18771313e-02,-1.00727543e-03,-4.75557523e-02,-8.47506615e-03,-7.90240977e-03,2.78989925e-03,-5.48706883e-02,1.97109720e-02,-7.49181260e-03,-1.87377121e-02,-1.88654043e-02
-1.08770033e-01,-1.70926766e-02,-4.74866662e-02,-3.94137096e-02,-3.35689122e-02,-3.80454885e-02,-2.34122196e-02,-9.50727042e-03,-5.25396607e-02,3.35758771e-02,5.86021725e-03,2.49674113e-02,2.22545668e-02
-9.60625924e-02,-9.92717583e-03,-6.69876363e-02,-6.06949063e-02,-1.91337919e-04,-3.05422616e-02,4.09366532e-03,1.63583482e-02,-5.54811005e-02,1.31527658e-02,2.03827002e-02,3.03978755e-02,1.73504863e-02
-9.92109707e-02,4.04663905e-02,-4.65337544e-02,-5.26727131e-02,2.22933132e-02,-3.73139110e-02,2.28204010e-02,1.93932805e-02,-7.37885320e-02,7.65665376e-03,2.30195628e-02,4.25406040e-02,1.96262223e-02
-5.12625085e-02,8.99080384e-02,1.23279493e-03,-6.70478337e-02,1.25297547e-02,-5.98517254e-02,-6.34509897e-03,1.81926154e-02,-2.75882943e-02,7.90542542e-04,2.25728944e-02,6.05101912e-02,3.00540577e-02
-4.22045341e-02,1.08537021e-01,3.37312626e-02,-3.86974981e-02,5.12324590e-02,-2.47154989e-02,1.25417124e-02,-6.34415733e-03,-7.87634390e-03,-1.57745108e-02,1.99573997e-02,5.93458334e-02,3.25911267e-02
-9.16694689e-03,9.86650861e-02,8.42962117e-03,-3.41776139e-02,4.60779938e-02,-2.98555954e-02,3.15279921e-02,1.25641322e-02,3.77395670e-02,-2.74495095e-02,5.36105278e-02,6.85029565e-02,3.49994757e-02
2.86760181e-02,9.92959790e-02,5.12277942e-02,7.84337896e-03,2.51728435e-02,-5.39721683e-02,-1.45906988e-03,1.19456486e-02,7.97215789e-02,1.26923594e-02,5.20028193e-02,4.37926327e-02,5.94790087e-03
4.90093493e-02,5.07593607e-02,3.17010106e-02,-1.39301379e-02,2.90364427e-02,-1.43925881e-02,4.12566704e-02,-2.14331934e-02,6.66358905e-02,-1.21342633e-02,1.60900610e-02,-1.05196394e-02,-3.45294929e-02
7.70503239e-02,-7.21082163e-03,-3.27221665e-02,3.38871844e-03,-1.86831593e-02,5.22058083e-03,1.35292904e-02,-1.49701757e-02,6.16626076e-02,-2.80372301e-02,9.77164180e-03,7.57674012e-03,-5.24748305e-02
3.04464394e-02,-4.66288032e-02,-4.86809932e-02,-8.41716291e-03,-5.81013842e-02,-2.68530076e-02,-1.21141961e-02,-5.72340605e-03,5.99186766e-02,-4.40553867e-03,1.21082555e-02,-3.53356799e-03,-1.25581392e-02
5.24517777e-04,-9.63470580e-02,-6.43142797e-02,-3.85083246e-03,-2.76491008e-02,2.17868707e-02,1.61289380e-02,1.29129683e-02,3.71200066e-02,-2.99398214e-02,-1.17734672e-02,-3.71935676e-02,-3.28255948e-02
4.16193129e-03,-8.44841855e-02,-7.28923867e-02,-7.79336273e-03,-3.03632250e-02,4.50175619e-02,3.61339544e-02,4.03191317e-02,2.49066884e-02,-2.61752331e-02,-2.18372218e-02,-4.57122473e-02,-3.17241298e-03
3.58838229e-02,-3.04253460e-02,-1.15623448e-02,1.76305789e-02,-5.37501294e-02,2.76701719e-02,-5.53512464e-03,4.12983501e-02,4.47433666e-02,-1.87602511e-02,-3.13709165e-02,-5.67198909e-02,1.99069232e-02
5.77301067e-02,2.78456969e-02,2.46071915e-02,3.69702136e-02,-1.29404435e-02,6.70908437e-02,3.11440657e-02,3.17476809e-02,-2.23181391e-04,-4.79199868e-02,-7.69685577e-02,-4.55942151e-02,2.81979985e-02
6.76324792e-02,4.55487687e-02,4.25454402e-02,4.17622522e-02,-1.07021043e-02,4.11131042e-02,1.67263596e-02,2.65069859e-02,3.11247961e-04,-3.68039681e-02,-6.02540856e-02,1.51713282e-02,4.69906273e-02
3.95173526e-02,5.94912576e-02,6.19610408e-02,4.64775590e-02,-4.67847428e-02,-2.90862601e-02,-3.32812350e-02,2.61856310e-02,2.44646303e-02,-1.04193269e-02,-2.49706165e-02,3.69901553e-02,4.34708625e-02
2.26422183e-02,6.25185412e-02,6.95868928e-02,4.20102002e-02,-6.82322228e-03,-6.98565255e-03,5.78225562e-03,3.60960567e-02,1.55333310e-02,-3.47227662e-02,-4.89376608e-02,4.18942050e-02,1.65910364e-04
1.33768576e-02,2.31915274e-02,1.57529790e-02,5.88615314e-03,-7.87087596e-03,-1.75949946e-02,-1.21906845e-02,2.78338959e-02,2.29507016e-02,-2.43426161e-02,-2.58757107e-02,7.75832041e-02,-1.70734815e-03
1.16491949e-02,1.98522238e-02,4.27209883e-03,-4.85186334e-03,-4.01302217e-02,-6.64780248e-02,-3.04160277e-02,3.47719390e-02,3.16112709e-02,4.07990788e-03,1.05793563e-02,6.19589004e-02,-1.14820177e-02
-1.10717507e-02,-1.88951793e-02,-2.02177621e-02,-6.25323945e-03,-9.10522011e-04,-2.23558187e-02,-1.03182156e-02,5.67818752e-03,2.41693922e-03,8.39597183e-03,-1.55116636e-02,1.80124180e-02,-2.86183326e-02
-3.81435677e-02,-4.32284069e-02,-6.43748098e-02,-5.02205729e-02,-2.64714345e-02,-2.44462486e-02,4.55079954e-03,-8.28438877e-04,-5.08592142e-03,2.54420277e-02,8.01243787e-03,2.26744493e-02,6.60201550e-03
-5.54735423e-02,-4.13673441e-02,-4.91244994e-02,-2.84028562e-02,-5.44486214e-02,-5.26057523e-02,-5.71095689e-02,-1.54708512e-02,3.04473356e-02,2.07502052e-02,3.33291579e-02,-4.86351730e-03,8.36686662e-03
-5.05768001e-02,-3.73265773e-02,-3.51962852e-02,-6.32466194e-03,1.84154683e-03,-4.02214699e-02,-3.34758646e-02,-2.31969832e-02,-1.80341975e-02,5.05461543e-03,2.39320713e-03,-1.16673192e-02,3.26884947e-03
-4.11011541e-02,-2.33695999e-02,6.61291401e-03,5.39975333e-03,4.16928843e-02,-2.86872491e-02,-6.43229857e-02,-7.90439040e-02,-3.98344726e-02,4.38969549e-03,-7.58596065e-03,2.72954486e-02,3.33222805e-02
-6.39568617e-02,-3.64451494e-02,-2.98575968e-02,5.01313804e-03,3.02760997e-02,-6.13005479e-02,-1.00874519e-01,-9.86175316e-02,-3.88664219e-02,2.96523576e-04,2.92641286e-02,3.17198133e-02,5.49701861e-02
-7.36017546e-02,-1.22710449e-02,1.72781022e-02,3.42349523e-02,7.07952174e-02,-7.00280713e-03,-5.39127773e-02,-1.15477230e-01,-7.03147743e-02,-1.77093219e-02,3.01757388e-02,3.97200232e-02,1.64687107e-02
-6.00097527e-02,-1.37096309e-02,-1.09481793e-02,3.75246379e-02,1.01714971e-01,1.38489078e-02,-1.75463316e-02,-9.21947016e-02,-8.94326601e-02,-2.30727866e-02,1.30228430e-02,6.05342428e-02,9.30847720e-03
-5.59690718e-02,-1.52399480e-02,-8.28633602e-03,2.02716157e-02,9.53766624e-02,4.31933575e-02,2.02205839e-02,-5.87758618e-02,-8.25413790e-02,1.53489737e-03,1.77238899e-02,5.62992745e-02,-3.04540322e-02
-3.72614185e-02,-3.26976098e-02,-4.25607034e-02,2.35023261e-02,1.04917409e-01,5.85847910e-02,6.82116119e-02,-5.16749665e-02,-6.99987558e-02,4.20774592e-02,1.35105541e-02,2.75587125e-02,-3.93077024e-02
-6.57339446e-02,-3.13984087e-02,-4.00796702e-02,9.37126638e-03,7.03002582e-02,3.98479703e-02,7.67740998e-02,-4.19911122e-02,-6.59206694e-02,6.39908396e-02,4.72430906e-03,8.01324731e-03,-5.66856555e-02
-5.97658382e-02,-1.57683320e-02,-1.13862877e-02,2.66760277e-02,6.01425318e-02,4.40354085e-02,4.43037884e-02,-2.30640710e-02,-3.92019079e-02,6.04786916e-02,1.64061881e-03,-1.59895888e-02,-6.38295198e-02
-5.32743974e-02,-3.59714838e-02,2.11635949e-02,3.01923167e-02,6.39860344e-02,1.86135815e-02,1.51634239e-02,3.62717890e-02,-1.14479922e-02,4.61815608e-02,-9.65141484e-03,-3.25385957e-02,-6.77522755e-02
-3.34122192e-02,-5.00990259e-02,3.81988404e-02,2.67965937e-02,4.44875934e-02,1.30787022e-02,-1.93119435e-02,4.32335704e-02,3.54681624e-03,4.44339032e-02,-3.80903416e-02,-3.16881767e-02,-3.24523145e-02
-1.94418197e-02,-6.21956877e-02,2.05134703e-02,2.05635378e-02,6.29501313e-02,1.68885699e-02,-3.30341111e-02,9.25893178e-02,3.18637409e-02,1.53580293e-02,-4.30959378e-02,-4.36123215e-02,1.72748028e-03
-3.48000845e-02,-4.87175895e-02,7.85037638e-02,7.80680276e-02,8.12295366e-02,3.87467739e-02,-4.70288999e-02,4.74240453e-02,3.58329038e-02,1.57412931e-02,-2.20164197e-02,-1.83783601e-02,2.20720321e-02
-1.51774325e-02,-3.41807229e-02,4.97797639e-02,8.33136652e-02,9.12781497e-02,4.38890446e-02,-1.01739094e-03,9.20609644e-02,3.63636079e-02,-1.12074594e-03,-2.24405617e-02,-1.81052731e-02,7.65148773e-03
-1.82544198e-02,-6.40791138e-02,-2.60695523e-03,4.46371115e-02,9.86803527e-02,7.42692418e-02,3.90670499e-02,9.67569824e-02,5.24069395e-02,1.04132971e-02,-2.05298793e-02,4.01410380e-03,2.01446893e-02
-3.42241002e-02,-6.66641970e-02,-3.67487778e-02,4.35456358e-02,1.10210702e-01,6.05363375e-02,6.24468092e-02,6.45176488e-02,5.03614940e-02,2.28498689e-02,8.46306551e-03,4.26016283e-03,1.22022336e-02
-1.78954419e-02,-4.06047036e-02,-4.62015806e-02,2.50302903e-02,8.05038088e-02,1.07001990e-02,4.11478484e-02,3.28283043e-02,5.41850401e-02,3.86501250e-02,-3.84057649e-04,1.26967523e-02,1.20595966e-02
1.88288935e-02,5.32403852e-03,-3.51982368e-03,4.62143081e-02,9.41343315e-02,1.66985381e-02,4.36131141e-02,-9.68851430e-03,2.04299082e-02,1.31017022e-02,1.21850918e-03,1.26903633e-02,-1.00391699e-02
8.38958151e-03,2.21574582e-02,3.61198119e-02,2.56148519e-02,7.73261174e-02,-1.31571787e-02,-1.08504127e-02,-3.12673263e-02,2.18791160e-02,1.37523874e-02,2.20144758e-02,3.22163106e-02,3.30457421e-03
7.99679876e-02,4.81016754e-02,3.97117581e-02,1.29326342e-02,1.26556628e-02,-4.21282206e-02,-3.45633295e-02,-5.44729009e-02,-7.11752113e-03,6.87519745e-03,-4.10252413e-03,1.50181368e-02,-8.68637434e-03
1.06327012e-01,4.98126811e-02,2.51914942e-02,-3.67988366e-02,-3.82162843e-03,-2.36824196e-02,-2.94786782e-02,-1.54783995e-02,-5.21206780e-03,-1.68268677e-02,-1.37301725e-02,1.51723076e-02,2.55209601e-03
8.32384979e-02,4.74037810e-02,4.45271697e-02,2.52043539e-02,-1.55477380e-02,-5.83972674e-03,-3.68838188e-02,-3.77682826e-02,-2.70380334e-02,-1.54312779e-02,-3.25057410e-02,2.36143561e-02,1.07792123e-02
9.37227187e-02,4.48002446e-02,6.02352324e-02,2.97329212e-02,-4.10974149e-02,2.03882654e-03,-1.57910297e-02,-8.80538248e-03,-3.24147001e-02,-5.92746700e-03,-3.22430625e-02,3.62597752e-03,-1.78089118e-02
7.55843998e-02,2.87144213e-02,1.88112545e-02,2.12868897e-02,-5.00801003e-02,2.85848321e-02,9.35788026e-03,1.32873865e-02,-4.64942841e-03,1.16811317e-02,-4.54898528e-02,-8.17276836e-03,-6.08135228e-03
4.78555897e-02,4.07363083e-02,3.80767153e-02,5.99488003e-02,-2.63906248e-02,2.43430536e-02,4.32234989e-03,-6.11376884e-03,-1.62627920e-02,1.89989180e-02,-3.70819268e-02,-3.15755152e-02,-1.94036902e-02
1.65568043e-02,1.52371981e-02,1.06864014e-02,4.73264775e-02,-5.32057571e-02,-2.19750644e-03,-3.59664029e-03,5.75104825e-04,1.49263047e-02,7.43219889e-02,-2.26358985e-02,-4.29276374e-02,-1.07500228e-03
3.67765707e-02,-1.78792180e-03,1.17148196e-02,3.45835572e-02,-3.77325605e-02,3.91879218e-02,2.10998518e-02,-4.93229884e-03,1.28195415e-02,2.87308754e-02,-2.61069771e-02,-6.23511258e-02,-1.89685590e-02
2.01298393e-03,-2.68681874e-02,-4.33181012e-03,1.18428372e-02,-1.58949828e-02,3.22637068e-02,1.22862225e-02,-5.34505336e-04,1.13042106e-02,3.47850590e-02,-1.85939531e-02,-3.15709397e-02,2.93389507e-02
2.86603960e-02,-1.89195351e-02,9.00318022e-03,4.28901739e-03,-5.69695477e-04,2.84109108e-02,2.37573731e-02,2.20254742e-02,4.57509926e-03,-8.96720555e-03,-2.71041515e-02,-4.13767126e-02,6.89139870e-03
2.54263676e-02,-2.31972563e-03,6.57498610e-03,-2.10317907e-02,-2.17212009e-02,6.87506937e-03,2.19116552e-02,5.64986918e-02,2.10067335e-02,-1.69553654e-02,-1.88682811e-02,-1.97614093e-02,2.46700040e-02
1.26413246e-02,2.72429096e-02,3.02820612e-02,2.05799346e-03,-2.80960470e-02,5.13930438e-03,1.67723173e-02,5.89578913e-02,3.13255531e-03,-2.46767576e-02,-1.19011837e-02,-3.33209695e-02,3.37938232e-02
2.31007600e-03,2.98014366e-02,4.44205985e-02,-1.93281838e-02,-3.92135817e-02,-8.83353114e-03,2.33073336e-02,6.15435109e-02,1.49437798e-04,-4.40142883e-02,1.39623247e-02,-2.94347954e-02,2.09318495e-02
3.23117481e-02,5.52244093e-02,5.34898084e-03,-4.31406839e-02,-5.65274709e-02,-3.08318123e-02,1.28363070e-02,7.87820416e-02,1.34465014e-02,-6.06358873e-02,1.28148242e-02,-2.70437947e-02,1.95274969e-02
4.44726572e-02,7.06901323e-02,2.29872236e-02,-4.94019532e-02,-6.81447577e-02,-7.42331591e-02,-2.22947370e-02,4.94000170e-02,1.56498921e-02,-2.97161315e-02,2.88455228e-02,-2.46811917e-02,1.04702079e-02
-1.08459571e-02,4.16048327e-02,-7.65124570e-03,-5.10969635e-02,-7.70354587e-02,-8.96976356e-02,-2.66698293e-02,1.38395368e-02,3.53395315e-02,2.10062780e-03,7.11461036e-02,-1.72228809e-02,7.65804840e-04
-2.38677355e-02,1.19232268e-03,-2.12460624e-02,-5.26667467e-02,-4.06235254e-02,-2.20991216e-02,-2.12064912e-03,-4.95395777e-04,2.95740372e-02,-2.81060100e-02,6.26957128e-02,-4.29701035e-02,-2.78406931e-02
-7.64582442e-03,-2.40855515e-02,-5.08708548e-02,-6.19664437e-02,-3.85167801e-02,-1.40177803e-02,4.16139925e-03,-4.24233712e-03,3.16988520e-02,-8.48197623e-03,4.97053387e-02,-3.83790402e-02,-2.16691895e-02
1.18152385e-02,-4.62169571e-02,-7.33149254e-02,-5.14103661e-02,7.81515612e-03,1.88006475e-02,2.97873012e-02,2.04752106e-03,2.96231327e-02,-2.98793076e-02,4.79023356e-02,-3.29458698e-02,-4.21945840e-02
1.62486544e-02,-3.20219638e-02,-3.92053532e-02,-2.60070875e-02,1.51282234e-02,2.09189754e-02,2.55143705e-02,6.18017817e-04,1.55796395e-02,-2.38829765e-02,2.55223969e-02,-7.66386064e-03,-2.86541990e-02
1.79331600e-02,7.03951906e-03,2.26569648e-02,1.99392460e-02,3.08602907e-02,4.32055098e-02,4.45011430e-03,-7.95189713e-03,-1.07774905e-02,-4.07650228e-02,2.11996665e-02,-6.71410228e-03,-1.08383447e-02
8.72551197e-03,3.30418192e-02,6.02992144e-02,1.55197668e-02,2.45600657e-02,5.15891459e-02,2.52565054e-02,5.72086835e-03,-2.17624622e-02,-4.37292092e-02,2.51727083e-02,-1.04788859e-02,5.20158178e-03
5.00834632e-02,7.81135665e-02,5.92196167e-02,5.76024713e-03,1.29921751e-02,3.85304078e-02,1.28524282e-02,3.75955682e-02,-2.90777381e-03,-4.85751597e-02,3.00128324e-03,-7.47701414e-03,1.37009629e-02
6.14576091e-02,7.53927890e-02,7.44974161e-02,1.00952149e-02,5.45026949e-05,8.90282719e-03,-1.01280840e-02,2.33612124e-02,-1.63526225e-02,-1.57485835e-02,2.60259618e-03,1.21471730e-02,2.89137280e-02
6.05794966e-02,6.80417431e-02,6.23383547e-02,-2.41989803e-02,-1.41472861e-03,1.29343243e-02,-4.76148859e-03,-3.45054855e-02,-9.86459031e-03,-1.90992259e-02,1.04778570e-02,3.67566259e-02,4.72795750e-02
2.90503976e-02,4.09880780e-02,5.29397864e-02,-8.43494016e-03,-2.15251443e-03,-3.86515948e-03,-1.55061122e-02,-2.71656340e-02,-3.56597696e-04,-4.69525885e-03,-8.33028455e-03,1.27674392e-02,3.88696593e-02
3.12971855e-02,1.69905893e-02,3.33434360e-02,-2.42825362e-02,-3.76154267e-02,-3.74698500e-02,-8.56073583e-03,-3.58421230e-02,6.64231049e-03,2.21521054e-02,-2.45875848e-02,9.41626689e-03,3.12327815e-02
-2.43976345e-03,-6.54658056e-03,-2.96308409e-02,-2.58235502e-02,-3.72952984e-02,-3.63349784e-02,-4.64135339e-03,-3.49311675e-02,3.22150832e-02,3.27948471e-02,-1.07742293e-02,3.76511334e-02,1.12188610e-02
-3.78753042e-02,-1.02233487e-02,-1.71587827e-02,-1.48469272e-02,-2.55453187e-02,-4.88777804e-02,1.19391565e-02,-2.30158812e-02,4.60016247e-02,4.63887099e-02,-2.62528673e-02,1.42738877e-02,4.28534403e-03
-2.04152572e-02,-2.34519593e-02,-1.53332140e-02,7.27805566e-03,-2.03950655e-02,-4.02339582e-02,1.79845701e-02,-2.64632174e-02,3.15094182e-02,1.51568588e-02,-7.94632666e-03,2.49668839e-02,-2.72129564e-02
-1.54136247e-02,-4.07106077e-03,-3.31206588e-03,-1.21108002e-02,-3.20419741e-02,-2.94539177e-02,2.81238676e-02,-2.72107041e-02,-5.52988137e-03,2.38481000e-02,1.39482771e-02,2.58375207e-02,-2.71263337e-03
-3.01003626e-02,5.10894360e-02,1.10855170e-02,1.49139755e-02,-1.18637364e-02,-4.55349262e-02,7.82557212e-03,2.73774952e-03,-3.12735746e-03,1.06961149e-02,2.08311775e-02,1.83098260e-02,1.76951292e-03
-4.88687894e-02,5.05099183e-02,2.20429473e-02,6.51189086e-02,2.82794307e-02,-1.51500160e-02,8.78803208e-03,3.78910036e-03,-6.04275936e-02,-3.33001718e-04,4.44183151e-02,1.20114162e-02,-1.50675914e-03
-4.23548885e-02,3.25458085e-02,3.28881806e-02,5.28313880e-02,4.59852221e-02,2.14482047e-02,1.12644850e-02,1.12251357e-02,-6.01865610e-02,8.77918540e-04,5.28905448e-02,1.84516765e-02,-9.25291892e-03
-2.92198792e-04,3.08290602e-02,4.90581913e-02,6.41102542e-02,3.76453565e-02,-3.01867564e-03,-2.76689996e-02,2.09822926e-02,-5.16021702e-02,1.22146149e-02,3.65159647e-02,-7.76493620e-03,2.90664317e-04
2.74985987e-02,-4.67695961e-03,3.41504230e-02,3.49216531e-02,1.45525110e-04,6.31484765e-03,-3.99027856e-03,2.33288968e-02,-6.55690021e-02,3.11142805e-02,1.86772768e-02,-1.15591676e-02,1.33177984e-02
2.14148823e-02,-2.59983821e-02,2.11299263e-02,3.41897667e-02,6.86895257e-05,7.98433486e-03,-2.66649681e-02,-1.09075101e-02,-5.09032290e-02,2.76205077e-02,2.69252056e-02,1.59520719e-02,1.32113856e-02
-3.85454159e-02,-2.43653837e-02,-1.43046240e-02,2.66106286e-02,3.95096277e-02,2.58837964e-02,-4.36421346e-02,-3.25526361e-02,-3.05210214e-02,-6.54243000e-03,1.54695368e-02,2.40885748e-02,1.29336092e-02
-4.84608540e-02,-5.88012776e-02,-3.28229904e-02,1.51068914e-02,3.21322851e-02,5.72846137e-02,-2.90805883e-02,-3.63453021e-02,-2.55255927e-03,-3.63791231e-02,-1.52212865e-02,2.59103891e-02,-3.44000582e-02
-6.41111733e-02,-4.57221807e-02,-2.96680412e-02,-1.86552952e-02,2.08119346e-02,4.36470739e-02,-4.12806258e-02,-4.51098735e-02,1.77529025e-02,-2.69618123e-02,-2.39782952e-02,3.82204678e-02,-5.15691195e-02
-1.14262689e-01,-2.75616434e-02,-4.58242209e-02,-1.83824531e-02,3.84570977e-02,3.58721581e-02,-3.04356771e-02,-1.28476272e-02,4.41304735e-02,-3.72397571e-02,-8.41682167e-03,5.03054196e-02,-6.30164972e-02
-1.40149876e-01,-2.79496056e-02,-2.38046888e-02,2.70246486e-02,5.50578631e-02,4.96493015e-02,-2.94812515e-02,-3.57496855e-02,2.91292110e-02,-6.71035743e-02,-1.65212743e-02,3.41640081e-02,-4.40170218e-02
-1.50515855e-01,-3.83353773e-02,-2.39529709e-02,4.01230644e-02,3.41195660e-02,-4.38482162e-03,-2.39456768e-02,8.25948531e-03,3.24290503e-02,-4.71474361e-02,-1.56457779e-02,1.11571674e-02,-6.47752917e-02
-1.02069928e-01,-5.26762130e-02,-2.16262221e-02,1.01695767e-02,2.54933960e-02,-8.60270344e-03,-4.36105824e-02,1.38061825e-02,1.55528939e-02,-5.51334474e-02,-3.04126637e-02,2.39819201e-02,-3.20213443e-02
-4.31216883e-02,-6.76475411e-02,-2.94774557e-02,-2.67871625e-02,-1.54138695e-03,-1.00639867e-02,-2.36822407e-02,7.08413510e-02,1.91049681e-02,-2.89631182e-02,-3.79373115e-02,-1.73871153e-02,-2.77709201e-02
3.04654192e-02,-4.28180105e-02,3.83480723e-03,-3.26298139e-03,-2.87163821e-02,-5.12721292e-02,-2.24391546e-02,4.23054507e-02,2.49139524e-03,2.70787809e-03,-1.61755456e-02,-3.37559773e-02,7.08300294e-03
3.66603613e-02,-1.91198200e-02,3.11805975e-03,-2.22981819e-02,-1.51215211e-02,-4.60350430e-02,-7.87225945e-03,-8.36328988e-03,-4.42495998e-02,-4.05991876e-03,1.75256498e-02,2.83902898e-02,4.29293483e-02
6.08494026e-02,3.57873901e-02,3.75348786e-03,-2.57178748e-02,-2.46053243e-02,-3.43763908e-02,1.54413869e-02,-6.13598888e-03,-4.69394075e-02,-1.14315428e-02,-1.22408232e-02,2.34358251e-02,3.65240884e-02
6.25526690e-02,8.12238511e-02,4.15607547e-02,-1.83382950e-02,-1.16750391e-02,-4.97628980e-02,-2.39816173e-02,-1.45882458e-02,-4.01063953e-02,-1.65985083e-02,-3.70030808e-02,2.76668540e-02,1.28253439e-02
4.57611906e-02,6.52065650e-02,-1.68878671e-02,-3.87667279e-02,-2.30136157e-02,-2.69120261e-02,-1.24556742e-02,1.43279896e-02,-2.80697125e-02,9.33802984e-03,-4.58981448e-03,3.04509033e-02,-2.55151407e-02
3.27288908e-02,4.07550825e-02,-1.78429918e-02,-2.06516731e-02,-2.89220857e-02,-1.01767846e-02,-3.17562851e-02,-6.37309390e-03,-2.52957261e-02,-1.65947871e-02,-1.71967060e-02,2.03196604e-02,-1.94248346e-02
2.10668576e-02,2.03556086e-02,-3.84356325e-02,-2.39099378e-03,-5.01007881e-02,-5.17178772e-02,-4.27101313e-02,1.21201796e-03,-3.42271542e-03,-9.33637230e-04,-1.41709143e-02,-3.21012312e-03,-1.94351110e-02
1.91363725e-02,-2.24727259e-02,-7.58723904e-02,-5.97920507e-03,-3.43703693e-02,-2.55309182e-03,-3.58871830e-02,1.59786215e-04,-3.28223295e-03,9.62472512e-04,1.11401621e-02,1.78254907e-02,1.48344076e-02
3.55235849e-02,-4.79988308e-02,-8.11598611e-02,-2.78910000e-02,-1.42672093e-02,7.49156779e-03,-3.69395463e-02,3.67255107e-02,3.02383009e-02,2.71659085e-02,2.13006493e-02,-2.31271396e-02,8.55881355e-04
3.27924097e-02,-2.24654991e-02,-5.60924086e-02,5.76732692e-03,2.26424102e-02,1.11041561e-02,-4.81441730e-02,4.21773472e-04,2.31282592e-02,2.45239392e-02,3.05599292e-02,-5.69431086e-02,7.57331136e-03
-6.09916555e-03,-3.17130600e-02,-2.84528230e-02,-9.73860211e-03,4.39947599e-02,2.04307738e-02,6.40321361e-04,-1.76301663e-02,2.77184359e-03,4.27030492e-02,5.49811153e-02,-1.28364707e-02,1.23385025e-02
-5.21798886e-03,1.20557352e-02,-2.88437221e-02,-1.58235795e-02,3.74331966e-02,-8.91371047e-03,2.71725610e-02,-9.66044744e-03,7.66227836e-03,3.95477905e-02,4.84693991e-02,8.65002123e-03,2.87733592e-03
-6.60055938e-02,1.02971246e-03,-2.75992153e-02,-2.33446765e-02,6.51552607e-02,-1.46051900e-02,1.82433075e-02,-1.88578366e-02,-2.42338100e-04,2.01729773e-02,-1.11068813e-02,1.39909944e-02,-1.15949474e-02
-6.31304683e-02,-8.41976290e-03,-5.84545135e-02,-5.14412608e-02,3.95873978e-02,4.02940736e-03,2.67407459e-02,-2.25529163e-02,-8.84518589e-04,2.38247553e-02,-3.21090759e-02,1.33522256e-02,-1.63638287e-02
-8.48277083e-02,-8.80366269e-03,-1.54169357e-02,-4.00889035e-02,4.01347726e-02,1.21145323e-02,1.61202033e-02,-5.07965773e-02,-3.71655626e-02,7.18946019e-03,-3.12680630e-02,2.39023353e-02,-1.84666480e-02
-5.72252763e-02,-4.73251839e-03,-2.62092269e-02,-4.35744458e-02,2.88048418e-02,-1.81669317e-03,1.01426378e-02,-8.58103264e-03,-1.28541885e-02,1.91296715e-02,-1.40621275e-02,1.66261004e-03,-3.67067704e-02
3.68939733e-03,-4.58097354e-03,-4.96258883e-02,-1.25409849e-02,3.01528451e-02,1.38361666e-02,2.87864463e-02,1.82871341e-02,-2.21164763e-02,5.13095974e-04,-7.93777124e-03,6.48804693e-03,-9.77212621e-03
3.42284996e-02,-1.40394981e-02,-2.33286571e-02,-2.67693277e-02,-5.95149024e-03,1.42758536e-02,4.42169035e-02,3.38190401e-02,-7.30917737e-03,1.34283198e-02,1.61408912e-03,6.33944586e-03,-2.44109740e-04
-1.96383444e-03,-2.22430890e-02,-5.41960863e-05,-1.33886139e-02,-7.36954837e-03,4.74652278e-03,1.54502660e-02,2.60621316e-03,4.77553020e-04,-2.89035058e-03,-1.12350847e-02,-3.32263236e-02,1.88513545e-02
-8.84853735e-03,-2.16473353e-02,1.90924411e-02,-2.66916809e-02,-2.98878172e-02,-9.17130076e-03,2.91227744e-02,-2.51262286e-02,1.46495582e-02,5.43174354e-03,7.18550854e-04,-3.84967249e-02,2.88514229e-02
4.29404608e-03,-1.22664546e-03,-8.26252782e-03,-2.69335228e-02,-4.31497968e-02,-3.09001523e-02,5.22113744e-02,-1.02479150e-03,3.52168296e-02,1.07327077e-02,4.04869710e-02,-3.72873018e-02,1.04015822e-02
-3.30533657e-02,-2.61025278e-02,-2.54792559e-02,-3.58670599e-02,-5.27394229e-02,-6.46138369e-02,2.39256138e-02,-2.42996344e-03,5.68328716e-02,2.23654927e-02,2.32301006e-02,-5.04085229e-02,2.06537868e-03
-7.73816621e-03,-2.74852821e-02,-2.16820625e-02,-6.18853681e-02,-8.32161441e-02,-6.40042070e-02,2.50744379e-03,-2.55638359e-02,5.46651128e-02,1.29330689e-02,1.63155303e-02,-5.00683547e-02,1.41176675e-02
-6.48920727e-03,-2.55313982e-02,2.72374080e-02,-3.51627837e-02,-7.44729587e-02,-7.69380756e-03,-4.21067931e-03,-4.64059670e-02,3.74998077e-02,-5.96420114e-04,1.67597799e-02,-4.19583846e-02,3.93036736e-02
1.57985212e-02,1.17719616e-03,2.82710735e-02,-2.77108362e-02,-4.27854075e-02,-2.78137973e-03,5.16682562e-03,-1.87500823e-02,6.72441936e-02,1.81478778e-02,3.55573094e-02,-6.78392430e-02,9.87591086e-03
4.57893896e-02,-4.97592459e-03,1.37000091e-02,-1.00673003e-02,-4.59356756e-02,-2.55509698e-02,-8.08720244e-03,8.62309773e-04,3.75318011e-02,-1.04195813e-02,2.11529972e-02,-5.06388589e-02,9.10134885e-03
5.92829335e-02,-3.27802192e-03,6.17693130e-02,-6.53058860e-03,-5.56363991e-02,5.60552581e-03,-3.30578270e-04,-4.92952058e-03,5.79143216e-03,-3.20534815e-02,2.88006201e-02,-1.05645542e-02,-4.69588850e-03
1.73402527e-02,-2.91513344e-04,4.55557086e-02,1.86570330e-02,-2.30801612e-02,1.12034242e-02,-1.87110090e-02,1.73233038e-03,1.05705038e-02,-2.27719369e-02,7.48272201e-03,-2.86711073e-02,-2.24724435e-02
2.34388979e-02,8.13659460e-03,5.57525367e-02,2.68034222e-02,-3.29554081e-02,2.67428819e-03,-4.51537633e-02,-2.24028403e-02,3.28902053e-02,-2.49998247e-02,-2.64305045e-03,-1.32063224e-02,-3.94187185e-02
7.49137948e-03,1.75589859e-02,2.41083257e-02,2.92948724e-02,-1.31495507e-02,3.39222973e-02,9.56834405e-03,-1.83330816e-02,6.17228937e-03,-3.14488438e-02,1.36544434e-02,1.21672583e-02,-3.96698955e-02
-2.70149994e-02,-3.15381516e-03,-1.98772686e-03,3.41412191e-02,4.20158532e-03,1.34821077e-02,-2.01641772e-03,-3.75742767e-02,1.87610462e-02,-2.05700964e-02,-9.60264306e-03,2.49744660e-02,-4.00619423e-03
-1.62247626e-02,9.32553709e-03,9.51852790e-03,3.97830789e-02,2.53597167e-02,2.73472289e-03,-2.44291092e-02,-2.73676715e-02,2.28593136e-02,-2.43850129e-02,-3.02844127e-02,1.86890003e-02,-8.32198215e-03
2.69884164e-02,3.62955280e-02,3.82272039e-03,1.08966321e-02,2.57935769e-02,4.56491168e-02,-1.80017727e-02,1.46769103e-02,1.94783412e-02,-2.12640793e-02,-3.01965314e-02,3.01121299e-02,1.26921633e-02
1.27732671e-02,2.75886666e-02,9.18973623e-03,3.04114202e-03,3.27353163e-02,4.81008312e-02,-6.71437566e-03,1.93850471e-02,1.35166307e-02,1.04094581e-02,-2.56610272e-02,1.65290397e-02,3.42329512e-02
-3.20910358e-02,-1.29919438e-02,-7.04782041e-03,-1.92221871e-03,1.89321277e-03,-2.32365462e-02,-5.25426213e-02,-9.37376785e-03,-7.89962017e-03,1.05957765e-02,-3.04931808e-02,2.40051093e-02,6.50981666e-02
-4.31891772e-02,-5.36672796e-02,-1.13804707e-02,-2.30540965e-02,-5.41798447e-03,7.22337551e-03,-1.41712742e-02,9.07532266e-03,1.45771426e-02,1.71642345e-02,-2.68142501e-02,4.42091826e-02,6.90661647e-02
-1.89022468e-02,-6.38856581e-03,-1.19639210e-02,-1.08889090e-03,7.45630132e-03,5.14830299e-03,1.42749945e-02,4.85214081e-03,5.15603503e-03,4.59123436e-02,-2.53686079e-02,1.52348237e-02,5.98096866e-02
-4.25936984e-03,-3.24398801e-02,-1.42274070e-02,1.98404016e-02,2.32414384e-02,7.48619081e-03,-1.19898842e-02,4.23300940e-02,4.81717217e-02,4.28463634e-02,8.04785503e-03,1.02777645e-02,1.24951237e-02
1.09972285e-02,-3.70517931e-02,-2.99333278e-02,-6.44411506e-03,6.20187142e-03,2.71626820e-02,1.51594397e-03,1.31831503e-02,3.75320003e-04,1.84212380e-02,3.80385107e-02,2.76285081e-02,2.46099369e-03
2.24254920e-02,-2.70508964e-02,-3.66736293e-02,-1.13687888e-02,-3.19997419e-02,2.19716669e-02,7.26777877e-03,-2.98645807e-02,-8.08203707e-03,-9.80985417e-03,2.54465811e-02,3.10889320e-02,1.65379908e-02
5.32615696e-02,6.23887167e-03,-3.16805036e-02,2.37950776e-02,-6.89191547e-03,1.16467166e-02,-1.04451745e-02,-1.57807035e-02,1.80516316e-03,-4.59265618e-02,1.70004819e-02,1.73506601e-02,-1.76372562e-02
6.61158849e-02,2.53547184e-02,-5.11099342e-02,8.51652222e-03,2.58712238e-02,2.80847135e-02,2.53477040e-02,2.22977644e-02,2.24212469e-02,-4.80480503e-02,1.03359983e-02,3.14052325e-02,-1.85327796e-02
-7.73548833e-03,-2.37272267e-02,-3.12790424e-02,-3.48645558e-02,-8.62546626e-03,5.26832612e-03,1.77869283e-02,1.21240261e-02,-2.23351325e-02,-4.13492758e-02,1.08700767e-02,2.78470961e-02,3.33774570e-02
-2.79405628e-02,-3.41046643e-02,3.25024061e-02,-1.17407251e-02,-3.03761494e-02,-3.51812895e-02,-1.32959631e-02,-2.15213825e-03,-4.99851468e-02,-2.06525584e-02,3.05214759e-02,1.94367417e-02,5.39866454e-02
-2.17927345e-02,-3.01938694e-02,1.06869026e-02,-1.38175477e-02,-4.57006353e-02,-2.78207805e-02,-7.76354096e-03,-2.40654452e-03,-1.40405302e-02,2.33215460e-02,1.21479948e-02,1.95659740e-02,5.42795767e-02
-1.34360258e-02,6.81818962e-02,3.88394695e-02,2.01258855e-02,-3.47621177e-02,-4.83770078e-02,1.37921690e-02,-5.57152004e-02,-3.61484700e-02,9.20301102e-03,-4.66782249e-02,-6.32929815e-03,4.01014586e-02
-3.56944441e-02,4.67897876e-02,3.50849267e-02,2.65901698e-02,-3.04684932e-02,-5.74231123e-02,1.37726749e-02,-3.99848838e-02,-2.76212295e-02,1.26017987e-02,-4.65405340e-02,5.79862741e-04,1.27878881e-02
-6.48067393e-02,4.25828180e-02,-1.59535441e-02,5.92863219e-04,1.08406233e-02,-1.01536677e-02,2.75332000e-02,-2.06899859e-02,-4.80854337e-02,2.21918208e-03,-4.86437982e-02,-1.80047078e-02,-5.15931614e-02
-4.19487858e-02,1.11272397e-01,-1.17410709e-02,-3.46982052e-02,-1.90866613e-02,2.25317311e-02,2.10546764e-02,-2.13143136e-02,-3.13161777e-02,1.18862341e-02,-4.92660687e-02,-2.23748662e-02,-7.85618939e-02
-1.71191252e-02,1.52882292e-01,-3.30673935e-02,-6.65923034e-02,-3.43586678e-02,1.45200397e-02,-6.94461902e-03,-1.91173871e-03,-1.66477291e-02,-1.35668367e-02,-2.96671065e-02,-6.87691096e-03,-7.97601201e-02
-2.39063763e-02,1.15696020e-01,-5.69675709e-02,-3.01791306e-02,3.66020623e-02,3.95041050e-02,1.59066435e-02,4.12096800e-02,3.14323699e-02,1.58006111e-02,-1.99520848e-02,7.06220691e-03,-6.75818978e-02
-5.11466274e-02,5.74762807e-02,-8.25985204e-02,-7.16550010e-02,3.94937342e-02,1.69618936e-02,-2.07822626e-02,2.37829989e-02,1.22310845e-02,7.72007013e-03,-3.30029915e-02,1.44467220e-02,-1.58676061e-03
-5.12758506e-02,-7.17608977e-03,-5.79415802e-02,-6.59929126e-02,3.00222094e-02,3.71285382e-03,-3.91310385e-02,4.98199858e-02,-1.02002087e-02,-8.55817550e-03,-6.78462171e-03,4.33958888e-02,3.27237214e-02
-3.31199340e-02,-5.42204211e-02,-6.46320946e-02,-2.11015273e-02,1.44287788e-02,-7.78968627e-03,-5.66180300e-02,4.39546821e-02,5.75003178e-03,2.57743526e-02,8.31749595e-03,4.33941947e-02,4.85419012e-02
-5.15908601e-02,-8.17962205e-02,-8.20192399e-02,1.36339522e-02,2.01363175e-02,-4.35699665e-02,-4.36027642e-02,3.05205902e-02,2.95777196e-02,2.11994352e-02,-1.82237327e-02,1.58864959e-02,5.01038480e-02
-1.93143210e-02,-8.89072013e-02,-5.92751016e-02,3.17064047e-02,-1.62493977e-02,-9.90559329e-02,-3.83018501e-02,3.78639335e-03,5.12424159e-03,-2.07384485e-03,-2.04555471e-02,3.63195190e-02,6.69572301e-02
9.82420098e-03,-5.02438210e-02,-3.09770519e-02,5.68230979e-02,2.78724344e-02,-7.65067254e-02,2.95416459e-03,4.68762804e-03,2.19834485e-03,-2.33490766e-02,-2.80241704e-02,1.17490620e-03,1.75120937e-02
4.14240080e-02,4.66713356e-03,1.02627847e-02,4.22596375e-02,9.97648690e-03,-5.13193506e-02,2.32735279e-02,-3.09164716e-02,-6.19844581e-03,9.24502883e-03,-1.21933024e-02,-1.30374225e-02,2.53340960e-03
3.71278086e-02,1.99217256e-02,2.06376452e-02,1.88805285e-02,1.47806136e-04,-3.13275109e-02,1.22486501e-02,-5.12404289e-02,-2.97302453e-02,-3.34311616e-03,-1.65383008e-03,-5.99528053e-03,2.45245446e-02
4.58801527e-02,9.37828403e-03,5.46803720e-02,3.08171324e-02,7.18166908e-03,-1.50056284e-02,-3.41801385e-03,-2.62179780e-02,1.45361203e-02,4.16961106e-02,2.04907864e-02,-3.19640758e-03,2.72141975e-02
8.63168748e-02,3.58762715e-02,5.64326970e-02,3.40337920e-02,3.07091635e-02,7.44513513e-03,-1.95300516e-02,-1.96680900e-02,5.26984133e-03,5.22274480e-02,4.18247065e-03,-3.71021283e-02,2.85081526e-02
8.55281632e-02,2.14484200e-02,4.52691113e-02,-8.10518718e-03,1.86765157e-02,2.45306448e-02,-4.20223548e-02,-2.79067231e-02,-3.66285227e-02,1.59879024e-02,3.28751991e-03,-1.21276828e-02,3.03479731e-02
4.30155924e-02,-1.36689341e-02,2.13008856e-02,-1.89560785e-02,-7.91350288e-03,2.10975232e-02,-4.35998690e-02,-4.26277505e-02,-4.87473814e-02,-2.32486883e-03,6.55934976e-03,-8.73197743e-03,9.80019087e-03
-1.38953408e-02,-6.10171796e-02,-6.17681666e-03,-3.91753069e-02,-2.31502686e-02,1.79340152e-02,-1.82273849e-02,-1.81563227e-02,-2.66973525e-02,-5.86204042e-04,-1.13504538e-02,-3.03176296e-02,-1.37825633e-02
8.87072690e-04,-6.21245067e-02,-1.66426809e-02,-5.61910436e-02,-1.77239699e-02,1.89048121e-02,-1.88440190e-03,-6.70560926e-03,-2.45691761e-02,-2.76031903e-02,-1.44009634e-02,-3.99194152e-03,-1.24947556e-02
1.12431271e-02,-2.20963805e-02,-2.41103421e-02,-5.77690487e-02,-8.93697318e-03,-1.05761566e-02,-1.02971252e-02,5.76267210e-03,-3.26558229e-03,-5.74841099e-02,-3.68527591e-02,-1.37126036e-02,-4.05004069e-02
2.28741034e-02,1.95043938e-02,-7.79338062e-03,-5.38135117e-02,-8.46299367e-03,-3.22583278e-03,1.59360561e-02,1.38051948e-02,2.48043692e-05,-3.13911727e-02,-4.34696987e-02,-2.09633565e-02,-5.55519144e-02
3.74237119e-02,4.45430530e-02,-7.12454395e-03,-4.52859408e-02,6.51491332e-03,1.89858187e-02,1.13431388e-02,1.03522255e-02,-2.84736423e-02,-1.89680546e-02,-2.35058200e-02,1.75078340e-02,-1.62308656e-02
4.38562042e-02,6.80888574e-02,3.10203539e-02,-7.49290480e-03,-3.91449345e-03,-1.70061727e-02,-4.32503143e-03,3.86765691e-02,2.41910181e-03,2.66581351e-02,-3.48085671e-03,4.37054922e-03,-2.32115069e-02
3.61986656e-02,6.83379428e-02,2.16282420e-02,1.47587842e-02,1.19516747e-04,-2.72777862e-02,-2.37424630e-02,6.11517599e-02,1.53067739e-02,4.89322145e-02,1.79244942e-03,-2.42369417e-02,-1.87905841e-02
3.80561333e-02,5.51564566e-02,-8.27609218e-03,-9.73770976e-04,6.45155442e-03,-1.35984116e-02,-2.82210499e-02,6.38950454e-02,1.39029965e-02,4.67968547e-02,1.11505900e-02,-1.10034611e-03,1.00140896e-02
-3.05691884e-02,4.87259364e-02,1.45083027e-03,6.15963950e-03,-3.67029395e-02,-2.56293222e-02,-6.21935771e-02,1.76235639e-02,1.53534349e-02,5.77899806e-02,1.19770693e-02,-1.13242988e-02,3.16488343e-02
-3.82004830e-02,1.82171571e-02,2.26509511e-02,1.47393289e-02,-6.01666195e-02,-3.06156635e-02,-3.58842652e-02,3.72745675e-04,6.35417372e-03,3.88513308e-02,-6.64306426e-03,-2.25689000e-02,4.86034808e-02
-4.41858554e-02,-1.67979998e-02,2.62802615e-02,-9.78983914e-04,-4.16349451e-02,-2.68384152e-02,-1.53156339e-02,-3.96114973e-02,-1.82641123e-02,1.68480309e-02,7.02164075e-03,-5.68698048e-03,7.88656171e-02
-4.78386578e-02,-3.20455751e-02,1.17818151e-02,-1.79411794e-02,-4.80527687e-02,-2.57981111e-02,1.07713263e-02,-1.04309901e-02,1.35734631e-02,-9.08964926e-03,1.39415158e-02,4.89731567e-03,8.51123331e-02
-3.65423186e-02,-4.45874790e-02,2.39018238e-02,1.53235962e-02,4.43261982e-03,4.12443702e-02,6.95905109e-02,3.22749821e-02,1.21809941e-02,-1.91247508e-02,1.53825866e-02,-8.69413943e-03,3.30737927e-02
6.04636307e-03,-1.77380299e-02,2.22245279e-02,1.21057077e-02,1.34358238e-02,4.26214806e-02,9.77604694e-02,3.85341796e-02,-6.20656996e-03,-3.28067555e-02,2.59945715e-02,2.14651119e-02,5.25650727e-02
2.90006176e-02,-1.26450525e-02,3.99225163e-02,5.90051151e-02,1.85396829e-02,3.44164259e-02,1.10922449e-01,5.30081683e-02,1.88354156e-02,-2.08333900e-02,2.09112546e-02,-6.83395227e-03,1.39653802e-02
3.11319058e-02,-2.92367853e-02,3.57938940e-02,6.01929677e-02,1.81226427e-02,3.60782725e-02,1.12266970e-01,6.52561650e-02,1.69705061e-02,-3.30373450e-02,1.37652692e-02,-6.85115897e-03,-9.14370843e-03
4.02320509e-02,-3.99623508e-02,-2.82307763e-02,1.47351294e-02,-5.76638063e-03,4.00987255e-04,6.68670075e-02,3.08856033e-02,-1.84478047e-03,-5.55906730e-02,1.56924918e-02,2.30688079e-02,-3.20529672e-02
2.57236857e-02,5.19326720e-03,6.49772008e-03,3.72991525e-02,-1.67352796e-02,1.15790079e-02,7.20389574e-03,-3.90184129e-02,9.11049244e-03,-4.16985016e-02,-1.25850139e-02,2.75562519e-03,-4.58786862e-02
4.13953133e-02,1.99400554e-02,2.64540247e-02,5.27572257e-02,-3.09656681e-03,1.60927358e-02,-2.77475873e-02,-6.64531818e-02,-9.13648755e-04,-5.01457809e-02,-5.10217259e-02,1.37130734e-02,-3.79386020e-02
3.36680425e-02,1.71917408e-02,1.33398194e-03,2.94838535e-02,-1.55474806e-02,-4.64892555e-02,-9.33863978e-02,-1.20481760e-01,-3.00501820e-02,-6.49419584e-02,-4.54677116e-02,2.39420168e-02,-2.29872577e-02
4.53199292e-02,2.95559511e-02,7.23336083e-03,-2.75720582e-03,-1.62607993e-02,-2.34730121e-02,-9.68278770e-02,-1.04569453e-01,-2.20963662e-03,-4.17437078e-02,-2.09163360e-02,3.88800734e-02,2.65966674e-03
1.62779116e-02,5.50762501e-03,2.03415134e-02,-1.53869234e-02,1.11066329e-02,3.13996747e-02,-3.36963516e-02,-2.54097495e-02,3.46720832e-02,-2.41680045e-02,-2.75465245e-03,3.14094114e-02,-1.64176927e-02
2.58827737e-02,2.53550574e-02,2.39117803e-02,-4.17210022e-02,-3.42319176e-03,-2.66460138e-03,-1.20448433e-02,-1.04792258e-02,2.73371468e-02,6.21309236e-03,3.36358133e-02,2.42502067e-02,4.70261609e-03
4.28287134e-02,1.15454736e-02,6.15008522e-03,-4.66610758e-02,-2.09430112e-02,4.62681721e-02,7.94525464e-03,1.25096745e-02,5.87851802e-02,4.91089368e-02,4.23978668e-02,-1.30836867e-02,9.52544231e-03
1.49521256e-02,-1.13447721e-02,-5.56259733e-03,-4.73942489e-02,3.83585090e-03,5.17645321e-02,2.99932919e-02,6.92682918e-02,5.95926653e-02,4.42832690e-02,2.87839164e-02,-3.17219987e-02,-2.38338618e-03
1.33086177e-02,-2.67073082e-02,-3.71731584e-02,-6.31589159e-02,-3.96598082e-02,1.59573897e-02,3.83143271e-02,7.06592068e-02,3.57068750e-02,4.68517069e-02,3.34107852e-02,-2.33233133e-02,7.01926319e-03
1.51504073e-02,-2.48667491e-02,-2.07646796e-02,-4.58307128e-02,-2.97856550e-02,7.92942872e-03,3.04775501e-02,3.38849112e-02,1.15445023e-02,4.71477306e-02,1.94383001e-02,-3.33402873e-02,2.05739244e-03
3.51944700e-04,-3.46413248e-02,2.09157959e-02,-2.31354438e-02,3.91452768e-03,-1.41818241e-02,6.69819709e-03,1.02481683e-02,-8.77378013e-03,1.86387323e-02,-3.59405591e-02,-3.18150237e-02,1.27066905e-02
1.04494630e-02,-1.81246320e-02,1.96435503e-02,-5.62043230e-03,-1.74946045e-02,-7.04740792e-02,-2.33811780e-02,-1.42376929e-02,-2.07159427e-02,-1.98865433e-02,-4.64630007e-02,-1.31249796e-02,2.22748677e-02
-2.63411819e-03,-3.96646587e-02,4.36046793e-02,2.58449841e-02,3.94637655e-02,-5.48215713e-02,-5.00747042e-02,-3.89187623e-02,-3.38381663e-02,-2.85583406e-02,-4.79371264e-02,-9.19005525e-04,6.02931771e-03
-6.05844373e-02,-5.67405405e-02,5.44272771e-02,3.61402113e-02,3.41166017e-02,-8.31128520e-02,-4.86343524e-02,-2.68953824e-02,-1.07319221e-02,-4.17567774e-02,-3.92352520e-02,1.70623032e-02,1.58139535e-03
-3.68175252e-02,-2.64353205e-02,6.45616934e-02,1.61425315e-02,-6.59168452e-03,-9.11669049e-02,-3.22433847e-02,-2.79117235e-02,-2.62647891e-02,-2.30127143e-02,4.90792333e-03,3.76721132e-02,9.12505195e-03
-5.30080689e-02,-3.59292067e-02,3.84287773e-02,1.28712492e-02,-2.08279666e-02,-2.39442494e-02,-6.38381006e-04,8.38800481e-04,-7.85724270e-03,-8.67336743e-03,3.34625384e-02,1.70939650e-02,1.35960622e-02
-6.41468303e-02,-2.51538112e-02,-1.56682894e-02,-6.57205123e-03,-6.63270841e-03,-2.30704508e-02,-1.05996028e-02,1.19747502e-02,1.29735043e-03,1.01762576e-02,5.33065214e-02,-8.04811148e-03,2.92585061e-03
1.27522618e-02,-2.38983058e-03,-3.81164741e-02,8.61777743e-03,-3.53624120e-02,1.89164585e-02,2.42248975e-02,3.26389817e-02,-7.44330144e-03,2.57418999e-02,7.67933867e-02,-1.50831575e-02,2.20900400e-02
-9.28298818e-03,-7.94370935e-03,-5.64033915e-02,4.84738044e-03,-4.14972401e-02,3.29717395e-02,1.81105098e-02,3.54326885e-02,-3.38474719e-02,3.95188576e-02,8.81042889e-02,-1.51723069e-02,8.18168832e-03
-3.73999699e-03,1.12976543e-02,-6.74905790e-02,2.01623502e-02,-1.88268008e-02,2.85296927e-02,-1.16010035e-02,1.09202500e-02,-2.83770178e-02,3.56716762e-02,8.00457889e-02,-2.65479212e-02,-3.24183161e-02
-3.79309808e-03,7.26655951e-02,-5.93887966e-02,1.26460998e-02,-3.32884784e-02,2.80972975e-02,-3.19081580e-02,-2.29537508e-02,-1.47359525e-02,7.73558512e-03,4.64450453e-02,-1.77910791e-02,-5.66841738e-02
-2.27047083e-02,1.11304019e-01,1.09662561e-02,2.81078985e-02,4.98639678e-03,5.54111689e-02,-7.80373024e-02,-6.96360145e-02,1.20150169e-02,-1.11769636e-02,3.23967592e-03,-1.84212071e-02,-5.79591397e-02
-1.10987659e-01,6.09462345e-02,4.31577726e-02,2.98651514e-02,-1.63569966e-02,1.56040874e-02,-1.13056312e-01,-9.98639844e-02,4.95235670e-02,-1.35595990e-03,-3.18331982e-02,-1.91414683e-02,-4.64423477e-02
-8.46825786e-02,5.14889604e-02,6.11454476e-02,6.22619660e-04,-5.92302947e-02,3.86851831e-02,-7.11150536e-02,-1.16222422e-01,2.07550574e-02,-9.17472246e-03,-4.71814202e-02,2.13165945e-02,-2.58726596e-02
-1.02584830e-01,4.31061822e-02,7.06693523e-02,-1.27971149e-02,-5.73027824e-02,5.36389780e-02,-3.90042713e-02,-1.04115198e-01,1.84820568e-02,-4.27203945e-02,-7.04287935e-02,2.34646215e-02,-4.65134646e-02
-9.52903522e-02,5.20348731e-02,4.88812617e-02,-3.08394644e-02,-4.73858905e-02,4.59590629e-02,-1.39839289e-02,-1.00485517e-01,2.62627467e-02,-4.28445822e-02,-5.63189778e-02,1.80590796e-02,-3.27514720e-02
-2.06312755e-02,9.91700053e-03,1.62515568e-02,-7.51864158e-03,-2.98394356e-02,7.03717370e-02,2.99581390e-02,-7.51985958e-02,1.58252189e-02,-3.64925462e-02,-1.29166076e-02,3.70640641e-02,-5.06504366e-03
-2.02757305e-02,-4.88842665e-02,-3.93955753e-03,-4.93917910e-03,-3.06701469e-02,5.31443092e-02,5.71474890e-02,-6.19235039e-02,-3.49644350e-02,-2.04622309e-02,-4.47720519e-03,2.64130540e-02,-2.27823640e-06
1.44264700e-02,-5.93543670e-02,-3.62232508e-02,3.43561911e-02,2.17337167e-02,4.99142351e-02,8.91424665e-02,-2.89453864e-02,-5.15244751e-02,-4.77779639e-03,2.84763178e-02,2.59352099e-02,-1.64397110e-02
6.47996688e-02,-2.28204204e-02,-6.94486542e-02,9.08167224e-03,4.01106744e-02,3.43972882e-02,7.86241832e-02,5.29948003e-03,-3.90313611e-02,-1.96421460e-02,3.51438479e-02,2.88236523e-02,-4.49905685e-02
6.10149842e-02,1.77342252e-02,-3.04415207e-02,-1.41775851e-03,3.37080629e-02,1.00492309e-02,4.78813070e-02,-1.36765642e-02,-1.36332400e-02,-3.25602827e-02,1.86584925e-02,1.90780550e-03,-4.00341138e-02
-3.30840218e-02,-2.44898197e-02,-1.20335306e-02,-2.69530728e-02,4.37128173e-02,1.61131270e-02,4.32343169e-02,-9.30545958e-03,3.46638395e-02,1.78602183e-02,5.08523966e-02,-6.48451421e-03,-1.53387925e-02
-3.10080695e-02,-7.15314122e-02,-3.23351512e-02,-5.73812315e-02,2.26242236e-02,7.35365210e-03,1.63513174e-02,-1.89870636e-02,-5.25363651e-03,-5.73232390e-04,5.09501376e-02,1.54808677e-02,1.66000548e-02
-4.65196419e-03,-3.33846867e-02,-2.09841470e-02,-6.71976692e-02,4.55423103e-02,2.54234636e-02,-2.76592739e-02,-2.02659970e-02,2.64768930e-03,-2.83566997e-02,1.09812004e-02,-8.86942132e-03,-6.45073196e-03
-1.21978871e-02,-1.58946056e-02,6.45697702e-03,-4.26002467e-02,6.92606230e-02,5.51443872e-02,-4.09661761e-02,-1.05955266e-02,2.03301824e-02,-3.69388679e-02,2.28647425e-02,-2.34606374e-02,-1.02195641e-02
-2.64623165e-03,-5.35338673e-02,-1.30232242e-02,-3.02106245e-02,8.74961487e-02,5.56803090e-02,-7.47268048e-02,-3.44551181e-02,5.73240064e-03,-4.62471408e-02,2.92786297e-02,-2.80856072e-04,-2.24479183e-03
-1.35323937e-03,-5.38039237e-02,-1.38209700e-02,-1.07904948e-02,7.12702141e-02,4.71392026e-02,-7.80279523e-02,-5.01673818e-02,1.03607631e-03,-4.21991770e-02,2.45270286e-02,2.13917082e-03,-2.46866087e-02
1.09779033e-02,-4.07128747e-02,-1.86159848e-02,1.61879053e-02,7.44658757e-02,5.10444139e-02,-4.27767939e-02,-1.81825819e-02,-6.09845724e-03,-1.60210969e-02,4.43648047e-02,3.14209167e-03,-3.77604641e-02
6.86863347e-02,8.74337361e-03,-3.04648477e-02,2.78304797e-02,5.62899019e-02,3.82353139e-02,-3.90324249e-02,1.92624115e-02,-1.12001426e-02,-2.71907114e-02,3.98367155e-02,2.10043779e-02,-4.30403294e-02
-3.46302877e-02,-3.60613146e-02,-1.75422242e-02,5.13276542e-02,5.10510520e-02,8.04326462e-03,-1.18379422e-02,4.14531930e-02,5.55824354e-03,-1.78151219e-02,-2.71540729e-03,-3.89320909e-02,-6.57810605e-02
-4.94579344e-02,-2.30223186e-02,1.77250217e-03,4.72462969e-02,8.01581923e-03,3.07588306e-02,2.70282020e-02,2.79147864e-02,1.10581950e-02,1.23813197e-02,1.14191163e-02,-4.08662905e-02,-4.05610181e-02
-2.91877971e-02,-1.98140644e-02,-2.70449839e-02,-6.21719582e-03,-4.24612132e-02,-4.32575966e-03,3.01351735e-02,2.35664643e-03,-3.21507106e-02,2.50811205e-02,1.95751293e-02,-2.82272984e-02,-1.92147558e-02
-2.86971276e-02,7.53251512e-03,-5.07216228e-02,-2.82783470e-02,-4.89845217e-02,6.83920057e-04,3.99915181e-02,2.41298155e-02,-1.14470430e-02,3.37500753e-02,2.36067537e-02,-3.47281318e-02,-1.59769329e-02
-1.06745447e-02,1.45185880e-02,-1.28262600e-02,1.11399609e-02,-2.65876248e-02,2.14967095e-02,3.83139635e-02,9.11002417e-03,-2.29562192e-02,3.98771688e-02,8.78659405e-03,-2.68488125e-02,-1.64795667e-02
4.22007427e-02,1.02983452e-02,-2.58233110e-03,3.96013930e-03,-1.46515273e-02,3.02921589e-03,2.03034282e-02,-3.91726266e-02,-6.91396029e-02,2.43550150e-02,-3.33413038e-02,-7.33235665e-03,1.73869169e-02
-7.45287981e-03,-1.08958512e-02,-1.64098176e-02,-1.42983599e-02,-2.58908440e-02,-1.94260879e-03,1.61734155e-02,-1.68021323e-02,-6.20610588e-02,4.92835240e-02,-5.50244875e-02,1.75057434e-02,3.34958858e-02
-2.05036054e-02,-3.27856832e-03,3.14531153e-03,-7.02295778e-03,-7.43660180e-03,-4.62216417e-02,1.81009974e-02,4.34652021e-02,-5.09861987e-02,7.36615463e-02,-4.92768847e-02,1.05101355e-02,1.75476059e-02
1.36272225e-02,1.45259891e-02,-5.00178106e-03,-2.59425241e-02,-1.11855307e-02,-6.91183529e-02,2.86142033e-02,9.11454297e-02,-6.49358085e-02,2.48884725e-02,-4.52752885e-02,2.07252788e-02,2.68863695e-02
-6.12404044e-02,-3.77933980e-02,1.28289188e-02,-1.93199735e-02,1.84583334e-02,-9.55082065e-02,3.53682513e-02,1.55842793e-01,-4.91639542e-02,1.74096029e-02,-5.91933491e-02,-1.10218668e-02,2.21633240e-02
6.30668656e-03,-8.22359872e-03,6.93935666e-02,2.70913956e-02,4.84355646e-03,-9.97766161e-02,2.51429418e-02,1.53869813e-01,-3.71241007e-02,-5.47944252e-03,-3.12281215e-02,3.55726684e-03,3.57801128e-02
7.91703752e-02,3.92446938e-02,9.01780400e-02,-1.18384245e-02,-3.25082902e-03,-8.08536892e-02,5.13638613e-02,1.42268825e-01,-1.71988400e-02,7.57299825e-04,-2.44070680e-02,-2.32482979e-02,3.95109366e-02
5.55273894e-02,5.06400845e-02,7.26364385e-02,-1.45065389e-02,-2.56254880e-03,-3.60118204e-02,7.45887696e-02,1.39689271e-01,3.31241595e-02,1.75657375e-02,2.51424632e-03,-1.22164785e-02,2.79853546e-02
8.72864043e-02,8.79289440e-02,7.15710452e-02,8.74638269e-03,1.01446208e-02,-3.80204304e-02,6.13517857e-02,9.77640890e-02,4.02762912e-02,1.57339078e-02,-8.51688007e-03,-1.71782401e-02,1.34737949e-02
1.34077815e-01,1.16118831e-01,8.98402301e-02,1.39616719e-02,1.75248290e-02,2.74310401e-02,9.27121738e-02,3.57532007e-02,1.22838315e-02,-2.41592193e-02,-1.59385864e-02,9.24344852e-03,-8.35826264e-04
1.03271943e-01,8.06642542e-02,5.12778989e-02,4.21364143e-03,2.03505012e-03,7.21207632e-02,7.71396343e-02,1.70423193e-02,1.59385509e-02,1.02218287e-02,-6.04312239e-03,2.97262929e-02,9.71543147e-03
6.85211068e-02,8.45935371e-02,5.79772328e-02,3.62987355e-02,3.16942809e-03,1.20230080e-02,2.36359363e-02,-6.07061836e-03,-1.34566178e-03,1.16580265e-03,3.65013052e-03,1.41849617e-02,-6.98898074e-03
4.96990962e-02,6.22885735e-02,1.92466693e-02,2.89078624e-02,2.61376237e-02,3.95074801e-02,1.80963082e-02,-8.66248780e-03,-2.41754280e-03,-1.58579097e-02,1.91279266e-03,-2.03660591e-02,-1.23713164e-02
2.44832888e-02,2.61620979e-02,1.15469537e-02,1.68387949e-02,-4.15660024e-03,3.44999858e-02,-6.16161945e-03,3.98224234e-03,-9.07895288e-03,-1.73268127e-02,-1.70279715e-02,-5.19134298e-02,3.89410251e-03
2.83167480e-02,-1.48928036e-02,3.28468837e-02,4.43943965e-02,-5.60091742e-03,3.50288700e-02,-9.61792723e-03,5.82865046e-03,6.00260274e-03,-9.23483895e-03,2.59027535e-02,-4.00149674e-02,4.46005228e-03
3.66762483e-02,-2.94845345e-02,2.14580221e-02,3.67511003e-02,8.42063099e-03,2.69575512e-02,2.20978478e-03,-8.73983288e-03,-2.36916395e-02,-5.06536238e-02,3.12647146e-02,-6.30719504e-02,-1.94193046e-03
2.03868425e-02,-4.19798140e-02,7.32657359e-03,3.33734624e-02,-1.58493378e-02,2.06708175e-02,-7.37662243e-04,-3.74932281e-02,-1.00695615e-02,-2.96262772e-02,1.87464472e-02,-4.36185179e-02,-4.61268782e-03
1.76074884e-02,-1.48684375e-03,-1.36132720e-03,3.67712694e-02,-2.65099767e-02,-2.76109796e-02,-7.96840825e-03,-4.73873028e-02,5.71183555e-03,-1.88279332e-02,-2.86574392e-04,-2.06867827e-02,2.65503767e-02
6.28393955e-03,2.12371811e-02,-1.54106459e-03,2.75910986e-02,-2.57154137e-03,2.14422743e-02,3.46197773e-02,-3.81783931e-02,-1.23609358e-02,-3.77855164e-02,-5.45357601e-02,-8.16340459e-03,2.79098959e-02
1.27675752e-02,1.76899845e-02,4.49616248e-03,1.27113736e-02,1.08051587e-03,2.87252703e-02,9.28270662e-02,8.20208671e-03,1.30852715e-02,-1.84498722e-02,-6.42458136e-02,1.98224692e-02,2.63684792e-02
2.02524850e-02,5.03257874e-02,-2.47846024e-03,-2.46144314e-02,-4.20216556e-02,-5.35981968e-02,7.78322257e-02,-4.76251444e-03,-1.81905565e-02,-7.51936403e-02,-5.24455509e-02,3.25371583e-02,8.29408000e-03
2.09570597e-02,7.67839972e-02,-3.07972534e-02,-2.73918110e-02,-4.44006876e-02,-4.96061974e-02,7.02212403e-02,1.68991502e-02,-1.69168783e-02,-6.34660860e-02,-5.13701801e-02,4.31728552e-02,1.33546529e-02
4.56424451e-02,1.11921583e-01,-1.27572306e-02,-5.79110311e-02,-3.96590061e-02,-5.59512872e-02,1.84854022e-02,3.25002233e-02,1.38764372e-02,-4.77420782e-02,-6.11051399e-02,2.41366905e-02,3.68016843e-02
4.09503403e-02,7.92226366e-02,-2.11713071e-02,-4.83242836e-02,-6.82013932e-03,-2.65417187e-02,-1.03618743e-02,6.00537099e-02,4.53385022e-02,-1.10430202e-02,-2.56035086e-02,2.18234857e-03,2.86189183e-02
1.71370198e-02,3.08731224e-02,-3.72846479e-02,-2.36043797e-02,6.36137273e-02,-1.01973750e-02,-2.85250831e-02,7.33489359e-02,2.35478737e-02,-5.18888717e-02,-6.81896763e-03,-1.91930205e-02,-5.24586938e-03
1.07854588e-02,2.55206560e-02,-3.28593627e-02,-1.05247374e-02,6.04069704e-02,-3.52732685e-02,-5.15804691e-02,5.97490220e-02,1.59431346e-02,-2.88503544e-02,2.43224550e-02,-4.98526429e-02,-3.12928849e-02
-8.16528473e-03,-9.73944017e-03,1.09436465e-02,2.42271267e-02,6.08522631e-02,-3.04388716e-02,-9.48993372e-02,3.43810579e-02,1.09169149e-02,1.99311542e-03,4.17065191e-02,-1.90243782e-02,-1.18495090e-02
-4.06450607e-02,-9.32452729e-03,1.24155021e-02,3.54691771e-02,5.15179824e-02,1.40143376e-02,-8.99244165e-02,9.54282859e-03,6.75619789e-03,1.27537725e-03,6.70948589e-03,-2.98086824e-02,-2.53678443e-02
-1.11097759e-01,-5.60731439e-02,4.61348077e-02,5.32190607e-02,3.63262849e-02,3.65269366e-03,-4.67182266e-02,3.32539601e-02,3.27379800e-02,4.39118635e-02,3.96553835e-04,-2.66985247e-03,-9.45503931e-03
-1.41218174e-01,-6.98191442e-02,5.16565884e-02,5.47766376e-02,1.41264259e-02,-6.16901949e-02,1.80430650e-04,1.78439825e-02,7.05627153e-04,3.09351862e-02,2.85913348e-03,9.33631695e-03,1.99756083e-02
-1.82996280e-01,-7.78905408e-02,2.44352368e-02,2.92014505e-02,-2.22767756e-02,-5.18434940e-02,1.57613012e-02,-5.02389809e-03,-3.60977953e-02,3.92640772e-02,-2.94045049e-03,2.63517202e-02,4.98496265e-02
-1.68721623e-01,-4.99665071e-02,4.61287689e-02,1.46565842e-02,-2.07279713e-02,-6.21256199e-02,2.18756626e-02,-1.92754160e-02,-3.57960408e-02,3.98822885e-02,-1.26814210e-02,3.43598818e-02,5.88002097e-02
-1.42237960e-01,-3.16397692e-02,1.83410043e-02,3.71947524e-02,-1.23071270e-02,-2.67741418e-02,6.29627426e-02,-1.58335180e-02,-7.49657716e-02,4.22732575e-02,-3.25526210e-02,2.28029049e-03,5.06662510e-02
-1.01144722e-01,-2.70670687e-02,1.21620816e-02,2.96696827e-02,-8.88784290e-03,-7.68158786e-03,7.59380033e-02,-1.86910194e-02,-9.44198430e-02,2.16459267e-02,7.25077497e-03,4.22335622e-02,3.65732142e-02
-1.02672491e-01,-4.77191645e-03,1.01795426e-02,1.30432052e-02,-2.54913286e-02,-3.83628166e-02,8.40306569e-02,2.06777098e-02,-1.00157914e-01,-1.55072631e-02,9.74763511e-03,1.14646519e-02,3.07557666e-02
-6.08440482e-02,-4.92819988e-02,-1.50758870e-02,1.27374210e-02,-9.12879791e-03,2.18230271e-03,7.58080685e-02,2.76108098e-02,-9.62499185e-02,1.04763392e-02,3.54259872e-02,1.82842474e-02,3.45988020e-02
-6.29676798e-03,-1.54261256e-02,-1.92644313e-02,1.58136729e-02,-2.43217296e-03,3.80435300e-02,6.98398810e-02,1.32164180e-02,-9.15792161e-02,-1.79526736e-02,3.61924887e-02,8.16949118e-03,-2.04589184e-02
-1.23613009e-03,-1.05585634e-02,2.17927611e-02,1.20270473e-02,-2.51994620e-02,6.08347309e-02,5.27723290e-02,2.66195851e-02,-5.50904935e-02,-1.22196859e-02,3.98583935e-02,2.18578355e-02,-6.20112220e-02
1.48410470e-02,-8.08548332e-03,2.20253501e-02,1.84957808e-02,-3.77002251e-02,-2.18841574e-03,1.80870016e-02,3.51869832e-02,-3.77391941e-02,-2.27440200e-02,4.29228736e-02,3.41448243e-02,-2.50417576e-02
3.72453444e-02,-4.20166356e-02,-1.82532960e-02,-5.67005069e-03,2.63616578e-04,1.52846869e-02,-1.05387368e-02,1.31006031e-03,-6.16155266e-03,-1.29370131e-02,3.22198489e-02,3.18758854e-02,5.09656333e-03
3.38960250e-02,-4.33971077e-02,2.29099226e-03,6.48053108e-03,-4.42142579e-03,-2.32774344e-03,-4.55591796e-02,3.82226133e-03,6.17738762e-02,-1.77922928e-03,5.40306572e-02,2.96142911e-02,-1.73602370e-02
6.85832538e-02,-3.85880718e-02,-4.61625947e-03,3.80379237e-02,2.45811717e-02,4.58641340e-02,-8.83027232e-03,-6.89979578e-03,6.69856978e-02,1.67166100e-02,4.60769305e-03,-2.51416438e-02,-4.26880982e-02
9.15020872e-02,-4.94509449e-02,-2.34598730e-02,1.55654941e-02,1.98152639e-03,5.12005425e-02,-2.62234635e-02,-5.07000502e-02,5.63509885e-02,2.09717447e-02,3.00197709e-02,4.80723795e-03,-5.60170508e-02
3.31847982e-02,-1.91071600e-02,4.57385491e-02,2.62129800e-03,-3.23072172e-02,2.18847266e-02,-4.07907845e-02,-3.57116555e-02,4.28397569e-02,-1.39184273e-02,9.60796122e-03,-1.49104871e-02,-5.26044988e-02
2.22041125e-02,-5.69307553e-02,-3.35314804e-04,-1.92134094e-02,-4.34508410e-02,2.36519680e-02,-1.44008182e-02,-4.73120429e-02,2.56173898e-02,-1.07447901e-03,2.32129219e-02,7.01935238e-03,-1.09203926e-02
3.94642773e-02,-4.07450133e-02,9.30046895e-03,-2.16604067e-02,-3.91835611e-02,-1.80908747e-02,-2.84667891e-02,-3.74941794e-02,2.52764473e-02,-1.52456274e-02,2.56345309e-02,2.35133833e-02,1.39632869e-02
2.25475120e-02,-3.83649425e-02,4.44485364e-02,1.97445729e-04,-1.67312950e-02,7.28515457e-03,-1.12234462e-02,-2.99078834e-02,2.95875556e-02,-1.17445039e-02,1.77280320e-03,9.59831923e-03,-2.86848945e-02
4.72196245e-03,-1.35998011e-02,6.05339317e-02,-4.54951935e-05,-6.64973879e-03,-1.40268871e-02,-4.11660470e-02,-3.79628243e-02,-9.90827925e-03,-3.09820694e-02,-1.71415003e-02,2.44600455e-02,-1.03231584e-02
1.75039796e-03,-2.96924244e-02,3.84625429e-02,1.54928124e-02,5.89091328e-02,2.33296023e-03,-3.39895200e-02,-6.90578146e-02,-2.41778796e-02,-1.69832780e-02,-3.60177914e-02,5.13438984e-02,1.50732340e-02
-3.78606198e-02,-1.52758029e-02,4.89193054e-02,1.03375500e-02,4.03602557e-02,-2.01787623e-02,-5.37143895e-03,9.77084285e-03,2.54080037e-02,-7.61525785e-03,-3.87776499e-02,3.24355533e-02,1.20185695e-02
1.65576089e-03,-8.24298880e-03,1.80318869e-02,1.85885130e-02,6.11844372e-02,1.47890767e-02,3.62324212e-02,4.96606918e-03,7.50799443e-03,2.29343603e-02,-3.35955649e-02,2.08128606e-02,8.59124425e-03
1.39059168e-02,-3.37106427e-02,-2.63239795e-02,-7.10909658e-03,4.30420568e-02,7.59841963e-03,3.41812990e-02,7.24220343e-03,2.36842899e-02,5.29225859e-02,-2.38593581e-02,2.34718400e-02,-8.83608099e-03
3.30979062e-02,3.34380990e-03,2.26608298e-02,4.36654135e-04,2.95620190e-02,1.49534610e-02,2.54190444e-02,-5.84156132e-04,1.18867492e-02,4.89153798e-02,-1.98472957e-02,-2.75721050e-02,-6.01367838e-02
5.39736650e-02,1.20212123e-03,-2.10526755e-02,-3.17973471e-02,-8.06646642e-03,9.17678454e-03,5.64501715e-02,-2.22272919e-02,-1.48995395e-02,5.28804620e-02,2.61117775e-02,1.62253814e-03,-4.41700344e-02
6.01522265e-02,2.69029220e-02,3.22739552e-03,-2.23089893e-02,-1.14369122e-02,-1.25853653e-02,5.87099230e-02,1.45879572e-03,-7.92973291e-03,3.30150208e-02,3.58618247e-02,-1.83318015e-03,-4.19091368e-02
2.46577314e-02,2.72877287e-02,-1.43809136e-02,-1.77524398e-02,-6.35031972e-02,-3.25489600e-02,4.65449743e-02,3.18737702e-03,-8.08174153e-03,1.94600938e-03,2.33818522e-02,3.00996703e-03,-4.10820311e-02
1.07570683e-02,6.92041038e-02,-2.57213958e-02,1.28589240e-02,-4.56445893e-02,5.24826870e-04,3.42838001e-02,2.68647178e-04,-3.51838031e-02,2.35564029e-03,5.28409843e-03,-1.71782083e-02,-4.82208582e-02
-4.68689709e-02,5.56982347e-02,-5.30550650e-02,4.51511363e-03,-3.49655685e-02,1.43538485e-03,-3.98228125e-02,-1.50633785e-03,-4.31687924e-04,1.83948234e-02,-1.91345755e-03,1.83020574e-02,-3.86015494e-02
-6.76164512e-02,5.33922417e-02,-5.90149245e-02,-7.85632959e-03,-4.49105782e-02,-6.99957009e-03,-4.40298183e-02,4.30962216e-02,2.72234626e-02,-2.04102674e-02,-2.36401323e-02,-7.15216464e-03,-3.95839539e-03
-4.80222210e-02,5.90545928e-02,-9.10047509e-02,3.17558053e-02,-1.48308856e-02,-4.07832351e-03,-6.32809611e-02,2.98281033e-02,1.51592729e-02,-1.37196949e-02,-8.04761101e-05,-1.21053807e-02,2.94940926e-03
-3.38239641e-02,5.53919938e-02,-9.21493732e-02,4.32924214e-02,-2.03436917e-03,-3.77422433e-02,-7.13413430e-02,5.65901725e-02,2.03856447e-02,4.59236333e-03,1.43498871e-02,-9.20531086e-03,1.59916527e-02
1.38466054e-02,5.25371433e-02,-6.91846946e-02,4.67395788e-02,1.22426260e-02,-3.52109692e-02,-6.48302225e-02,2.83719661e-02,5.68323329e-04,1.34078039e-03,7.24696851e-03,-3.20809318e-02,4.55139432e-03
-1.87269601e-03,1.83887266e-02,-9.16433910e-02,1.59994401e-02,5.50472658e-03,-4.42892820e-02,-4.57501194e-02,2.51055910e-02,7.33580745e-03,1.48985848e-02,4.91263341e-04,5.08490313e-03,2.30647497e-02
3.06194792e-02,9.54122222e-03,-5.43739558e-02,3.36810543e-02,5.55155060e-02,-5.96945045e-02,-4.11204583e-02,-2.24301000e-03,1.73598673e-02,2.09979282e-02,-3.20953922e-03,-1.76104670e-03,-1.94007236e-02
5.36913950e-03,2.15188708e-02,-8.97359250e-03,1.47755036e-02,7.31060800e-03,-7.24181489e-02,-1.01663415e-02,-1.98583897e-02,-2.51264811e-02,-2.38213984e-02,-1.57980901e-02,6.04672008e-02,5.14521370e-03
9.08375742e-03,7.83968515e-03,-1.99792716e-02,3.23269969e-03,2.54716834e-02,-5.52925795e-03,1.31050264e-02,-3.47471761e-02,-4.84805434e-02,-2.04961381e-02,-2.02984695e-02,1.82884148e-02,-2.36953770e-02
-9.25284477e-03,1.05514597e-02,-3.30459622e-02,-4.09613170e-02,8.59879433e-03,-1.01716737e-03,-3.61977946e-02,-3.43784349e-02,-1.23967948e-02,8.51732972e-03,-4.33187845e-02,3.10954979e-02,-2.43079398e-02
2.41099331e-02,5.01572359e-02,-4.43312561e-02,-8.44910603e-02,1.20331227e-03,4.46200200e-02,-5.76488236e-03,-5.15018725e-02,-1.67338387e-02,6.19303950e-03,-6.27686515e-02,1.83554199e-02,-4.03796513e-03
4.44123453e-02,4.57818218e-02,-3.30592397e-02,-7.44342669e-02,-7.96028244e-03,4.29201599e-02,-1.73674482e-02,-6.49374531e-02,1.49692310e-02,2.94115613e-02,-3.53236296e-02,2.95321428e-02,-1.90550498e-02
6.00106637e-02,7.71717879e-02,-1.22957124e-02,-7.67966034e-02,1.89286745e-02,4.80993062e-02,-3.26012888e-02,-4.96330560e-02,2.27791729e-02,2.19900639e-02,1.56579483e-02,2.65142283e-02,-3.99952852e-03
7.75757844e-02,7.77647831e-02,-8.56338190e-03,-7.67694713e-02,2.43050369e-02,6.14498042e-02,-9.55927831e-03,-5.12336375e-02,2.57070678e-03,2.36527853e-02,5.91514903e-02,2.48624000e-03,-8.25754399e-03
2.79715435e-02,6.18127558e-02,1.69333176e-02,-4.27332071e-02,-5.39699384e-03,4.91128191e-02,2.88572198e-03,-6.81035139e-03,1.91104957e-02,-2.86935293e-03,3.35287985e-02,-1.08791238e-02,6.09679448e-03
5.87138488e-02,4.52935355e-02,-2.47583121e-02,-8.01399891e-03,-4.19995947e-04,-2.12510064e-02,5.41562752e-03,-1.50317134e-02,2.26365807e-02,-5.78648970e-03,2.76740121e-02,-3.21930500e-02,-3.88916288e-02
2.04782650e-02,3.50792608e-02,3.63243002e-02,2.41365357e-02,-2.51116196e-02,-4.41859876e-02,3.74053167e-02,7.08104206e-03,3.57411244e-02,-3.02848621e-02,1.89799966e-02,-2.05420450e-02,-2.10964975e-02
-5.46458043e-03,-1.88434431e-02,1.50524281e-02,3.42133027e-02,-2.16563328e-02,-5.47582447e-02,2.51659182e-02,2.96690237e-02,2.92143281e-02,-3.96273941e-02,4.44899759e-02,-3.78067467e-02,-9.14546549e-03
-5.08779969e-02,-6.89088317e-02,-2.92861271e-02,3.00902167e-02,-3.31913354e-02,-1.02326595e-01,-2.77344368e-03,6.41018056e-02,3.37190214e-02,-4.71503735e-02,2.36694745e-02,-5.30736086e-02,2.40559507e-03
-3.70659733e-02,-5.03397983e-02,-5.83009405e-02,5.25419401e-02,1.05676649e-02,-8.32837527e-02,1.54951617e-02,6.84711673e-02,1.40946770e-02,-1.35930725e-02,6.21423722e-03,-7.77827846e-02,5.87107064e-03
4.53705461e-03,-6.26418154e-02,-4.23310065e-02,4.01419015e-02,-2.08598555e-02,-9.39139449e-02,3.91399806e-02,7.38897351e-02,1.09954853e-02,9.14035428e-03,-2.14632899e-03,-6.06376570e-02,-1.19600630e-02
-4.44931806e-02,-8.26185680e-02,-6.35188702e-02,1.68365171e-02,3.28656924e-02,-3.19770636e-02,1.32595012e-02,4.40302037e-02,1.61404556e-02,2.54734345e-02,4.35081508e-03,3.38182572e-03,3.62990030e-02
-3.60488719e-02,-6.50523582e-02,-6.39821324e-02,-3.99716580e-02,2.85010204e-02,-1.02513220e-02,1.88012858e-02,4.97919179e-02,9.21902212e-03,3.74618379e-02,2.28374441e-02,3.59799909e-02,2.64263086e-02
-6.05031898e-02,-5.12850793e-02,-1.93927672e-02,-6.03552941e-02,-1.90954681e-03,3.38896382e-02,-3.36944747e-04,1.23848242e-02,-5.65449602e-03,-1.63392145e-02,1.95684844e-02,7.44359864e-02,2.63476045e-02
-4.00667489e-02,-5.58661795e-02,-5.33390740e-02,-7.33480542e-02,-5.59945352e-05,3.78047241e-02,1.22519904e-02,-1.06581493e-02,-2.07623427e-02,-1.44852121e-02,1.61469101e-02,8.81122778e-02,4.87260288e-03
-2.68642463e-02,-2.19888923e-02,2.76822683e-02,-7.53602734e-02,-4.26815533e-02,6.25953163e-02,1.81612904e-03,-4.64465621e-02,-3.37880410e-02,-1.61666429e-02,-2.63353518e-02,7.51135392e-02,1.68244451e-02
-1.58382212e-02,8.40315720e-04,4.93321223e-02,-6.95114912e-02,-8.12354926e-02,5.66954535e-02,-1.80843574e-02,-5.55268335e-02,-5.40097532e-02,8.48537853e-03,-2.16841230e-02,3.08212637e-02,3.90770635e-02
-4.10554967e-02,-1.04314772e-02,5.98776386e-02,-4.65011409e-02,-8.79553147e-02,3.88740973e-02,-3.57596972e-02,3.00889479e-05,-5.54152086e-02,-4.12183416e-02,-5.41764827e-02,-3.43985651e-02,2.63390165e-02
-9.85093955e-03,1.59919125e-02,7.59525075e-02,-1.26553624e-02,-5.17792428e-02,3.08391735e-02,-5.19929396e-02,-6.70944260e-03,-5.77951090e-02,-3.79245245e-02,-5.59064404e-02,-8.80672466e-02,4.78326976e-02
6.36642583e-02,5.03645927e-02,9.73353532e-02,-1.03411542e-02,-1.02627691e-01,1.42581376e-02,-3.97076522e-02,-1.48742774e-03,-3.42346015e-02,-4.71362507e-02,-5.13711527e-02,-1.31651246e-01,2.51225591e-02
5.86576883e-03,-4.85723146e-03,7.34537344e-02,1.71579604e-02,-7.29868568e-02,3.79533319e-02,-2.52677955e-02,1.97927521e-02,4.68937583e-02,2.53887422e-03,-4.70916592e-02,-1.38595789e-01,4.13381907e-02
2.16360802e-02,-1.34325564e-02,6.21305721e-02,-8.17537062e-03,-6.90760558e-02,-1.08539157e-02,2.81855709e-02,3.01050062e-02,6.61735956e-02,2.11723359e-02,-3.24158843e-02,-1.34960445e-01,5.07564446e-02
2.26865293e-03,-2.72116190e-02,3.91648115e-02,-1.44824578e-02,-6.02839617e-03,-1.62599822e-02,1.74790028e-02,-2.37507191e-02,6.26630293e-02,-9.89081950e-03,-4.67684848e-04,-8.73913930e-02,3.80207746e-02
-1.23305283e-02,-8.59731005e-02,-2.64081327e-02,-2.68380874e-02,5.65188283e-02,-1.68382939e-02,4.62850318e-02,-2.14458031e-02,6.85018273e-02,4.42103468e-03,3.18657731e-02,-3.61511704e-02,2.13627123e-02
5.98592819e-03,-6.16110468e-02,-1.70983446e-02,-1.82418178e-02,6.20316468e-02,-1.65846680e-02,5.17034849e-02,-3.83631833e-02,3.56990781e-02,1.51158783e-02,3.52880919e-02,1.14207865e-02,1.38540277e-03
-3.92387930e-02,-4.93734843e-02,-8.29061351e-03,-2.30957375e-03,4.60136299e-02,-7.49972263e-03,8.24544453e-02,-3.22200282e-02,1.10889764e-02,5.20288421e-02,5.36258288e-02,1.91879743e-02,-9.13908353e-03
-3.49241929e-02,-3.54720287e-02,9.30872810e-04,1.41048169e-02,6.24596658e-02,1.91227339e-02,7.14463902e-02,-2.56989993e-03,-3.90318935e-02,1.42600733e-02,5.56966944e-02,4.02218886e-02,-3.67882695e-02
-2.89002007e-02,-1.07140443e-02,3.89070263e-03,2.70708622e-02,8.07542423e-02,4.39085777e-02,6.13438881e-02,-6.21156316e-03,-3.80274397e-02,1.42444679e-02,5.17030267e-02,4.04503024e-02,-3.96560357e-02
2.22580033e-02,6.20608199e-02,3.90558095e-03,3.30800311e-02,4.99418935e-02,6.62159957e-02,5.12153113e-02,-2.66288680e-02,-4.50515715e-02,4.81549111e-03,2.46066652e-02,3.95025364e-02,-5.85852027e-02
6.03430948e-03,6.99002851e-02,-2.99691205e-03,3.60606694e-02,1.61128849e-02,9.64075206e-02,3.92927446e-02,-2.01574947e-03,2.32570230e-02,4.54024187e-02,4.05054629e-02,4.16449035e-02,-6.27354037e-02
-2.43262999e-02,5.31792338e-02,1.16182440e-02,3.76547517e-02,-5.21385489e-03,8.55445158e-02,5.50191351e-02,4.21556939e-03,4.60190189e-02,6.33442768e-02,-7.88082263e-03,1.18187226e-02,-1.86625464e-02
-2.00616810e-02,7.84110064e-02,3.14184223e-02,1.69701065e-02,-4.96807059e-03,6.71654359e-02,1.05521956e-02,-4.68859174e-02,3.10417163e-02,4.24710188e-02,-2.50986813e-03,-7.36124331e-03,-7.58415773e-03
-2.41981611e-02,1.98697791e-02,7.83458586e-03,2.25142459e-02,9.41013411e-03,6.72252447e-02,2.26668007e-02,-3.99421963e-02,1.96813910e-02,2.30715273e-02,-3.18605423e-02,-2.21090776e-02,-7.30683726e-03
4.03243856e-02,4.22614428e-02,1.52521703e-02,2.35160321e-02,-1.34576130e-02,2.19733044e-02,-6.71112219e-03,-3.56532804e-02,1.89845587e-02,1.18492471e-02,-2.47574548e-02,-4.61314399e-02,-2.51539154e-02
-1.01200175e-02,2.12845317e-02,1.79719214e-02,4.35120041e-02,-2.50588676e-02,8.79858891e-03,1.45907797e-02,-3.59898115e-03,3.20918525e-02,1.11256664e-02,-4.52253179e-02,-5.36677707e-02,-8.30450522e-03
3.95772389e-03,3.05883389e-02,3.94862802e-03,1.28894190e-02,-2.41801535e-02,5.51776304e-03,1.20822292e-03,8.45059755e-04,-2.28413015e-02,2.15715943e-03,-1.53695413e-02,-2.00143753e-02,-3.97235469e-03
6.91438328e-04,3.59753430e-03,4.43215045e-03,3.25336606e-05,-2.67460343e-02,-1.18621952e-02,-2.23811633e-03,4.42071545e-02,-4.14687604e-03,9.53853035e-03,-1.29853257e-02,-1.88921602e-02,-1.46700818e-02
3.73509082e-02,4.32582687e-02,3.09033303e-02,7.80994756e-03,-6.38186638e-03,-2.57646545e-02,-4.00699770e-03,3.46358222e-02,-3.48353248e-02,1.62623732e-02,-2.13267970e-02,-2.31886275e-02,-8.55301285e-03
3.60190499e-02,5.32355293e-02,1.19070101e-03,-2.41444827e-02,6.16050375e-03,8.58203290e-03,6.70793986e-03,1.14632884e-02,-4.13728525e-02,3.16526325e-02,2.02100675e-02,-2.09559240e-02,-1.47368238e-02
2.98299216e-02,4.54235963e-02,-8.51838087e-03,-1.17638093e-02,3.27492720e-02,-3.35782465e-03,-1.08716865e-02,-2.58283334e-03,-9.08034485e-03,5.19639391e-02,-4.07703290e-03,-3.36703951e-02,-1.70497671e-05
1.76662202e-02,4.43253175e-02,-1.51661526e-03,-2.89651477e-02,2.86586312e-02,-2.10983968e-02,-2.16500389e-02,1.35097678e-02,-8.90723369e-03,3.24894482e-02,1.28226898e-02,-3.18161791e-02,9.70240440e-05
-1.53497090e-02,-1.21288013e-02,6.44838694e-03,-2.19068866e-02,5.07114815e-02,-6.45555673e-03,-1.94262919e-02,2.26519986e-03,-1.48286664e-02,1.01939168e-02,8.80249341e-03,-2.58736763e-02,5.11713075e-03
-3.68542972e-05,-1.23033318e-03,4.52793259e-02,-2.30447586e-02,3.81184852e-02,-2.52364739e-02,-5.62488723e-02,-1.30781925e-02,-2.24829051e-02,-8.25018556e-03,-8.68556521e-03,-1.64204224e-02,-4.18201490e-03
-2.67005715e-02,-4.34468135e-02,4.67823739e-02,-6.08268242e-03,2.61131486e-02,-3.09472907e-02,-3.66808799e-02,4.84349195e-03,3.27504997e-03,-2.16797909e-02,-3.39742764e-02,1.69428729e-02,2.01968770e-03
2.65558927e-03,-5.06952984e-02,4.50783416e-02,1.56861910e-02,2.65808745e-02,-2.36731341e-02,-4.18220316e-02,1.30691289e-02,1.62338040e-03,-2.07880237e-02,-3.66371078e-02,3.63157110e-02,-1.04510703e-02
-8.59397470e-03,-5.91824280e-02,2.65907407e-02,-2.33213162e-03,1.46613680e-02,-3.23177149e-02,-2.53189496e-02,4.75065443e-02,2.73223679e-02,-1.44322483e-02,-4.04779507e-02,5.88851734e-02,-1.11340956e-02
9.10626403e-03,-8.09048509e-02,2.81749938e-02,-1.15831785e-02,-6.66771441e-03,-5.68213574e-02,-3.60592966e-02,4.62337638e-02,-1.27975538e-02,5.69827733e-03,-3.79845215e-02,6.44912790e-02,1.18378879e-02
-1.28916595e-02,-3.93854573e-02,3.09552752e-02,-3.89399347e-02,-2.05744495e-02,-8.89355013e-03,1.60139319e-02,4.85236374e-02,-5.56683192e-03,7.06926436e-03,-2.94820229e-02,6.16369917e-02,2.60273883e-02
3.71511684e-02,-8.37728080e-03,3.30939250e-02,-7.89715779e-03,-2.89021924e-03,9.62592010e-03,2.64071910e-02,7.75907182e-03,-6.67847536e-03,1.51506335e-02,-3.57895378e-02,2.40514856e-02,-2.74838953e-03
5.39479825e-02,9.89814328e-03,-8.32574789e-04,5.82083355e-04,-2.23215067e-02,6.44609294e-03,5.71431936e-02,1.86645372e-02,2.86674089e-02,2.07702832e-02,-2.48482321e-02,3.27589360e-02,7.87114696e-03
3.42700137e-02,1.02834427e-02,-1.19405258e-02,-7.33826969e-03,-3.47236790e-02,-9.56322461e-03,3.24561967e-02,-4.30379644e-03,1.77445930e-02,1.67030860e-02,-2.48072634e-03,1.23498844e-02,-1.21539622e-02
3.52512129e-02,2.58190963e-02,-1.51826708e-02,9.24224544e-03,-3.47373247e-02,-1.87596075e-02,1.03634598e-02,-1.83614986e-02,3.70408111e-02,3.10547361e-02,-1.05953904e-02,-9.86613186e-03,-8.48881139e-03
4.16580284e-02,5.11492865e-02,1.10131874e-02,2.09495809e-02,-1.42942371e-02,-2.28861251e-02,4.58863326e-03,-4.16228228e-02,1.21564763e-02,1.20643030e-02,8.70375677e-03,-1.34224138e-03,3.21134469e-03
5.63340614e-02,7.29698693e-02,4.87056452e-02,7.11414788e-02,2.10607416e-02,-2.32321561e-02,-2.51372644e-02,-6.28243747e-02,-4.97637415e-03,-6.43818970e-03,-2.68651048e-03,-3.24200293e-02,-2.01018982e-03
4.40581494e-02,4.65178207e-02,5.12146731e-03,4.82804802e-02,4.27064404e-02,-3.89696703e-02,-5.15830071e-02,-5.26427562e-02,2.04062178e-02,-3.06000615e-02,1.63195485e-02,-2.53066116e-02,2.77151491e-02
6.32778579e-02,3.71400995e-02,1.06429585e-02,4.26630386e-02,5.30821594e-02,-5.37265878e-02,-9.10839171e-02,-4.46935280e-02,-2.78003686e-02,-4.77792042e-02,3.79389638e-02,-3.35587607e-02,6.89982836e-03
4.02304398e-02,2.05377027e-02,6.53690675e-03,3.87113979e-02,7.34915900e-02,-3.39457795e-02,-6.41077257e-02,-1.35617781e-02,-9.70900431e-03,-5.51507971e-02,5.03337593e-02,1.03966789e-02,3.89291077e-02
9.13003974e-03,4.54591417e-03,6.25672303e-02,8.52803270e-02,1.03033217e-01,-5.93555904e-03,-3.91055358e-02,-1.76870986e-03,-2.92816899e-02,-7.25525619e-02,3.40775744e-02,-5.37785052e-03,-4.45609294e-03
9.77729520e-03,3.96286572e-03,4.35788560e-02,7.67986901e-02,6.20635153e-02,-2.35476113e-02,-3.37771635e-02,6.28262806e-03,1.81711271e-02,-5.09734264e-02,1.44311094e-02,7.49536682e-03,3.98814268e-03
-2.39201999e-02,1.59731211e-03,5.17489038e-02,6.25456124e-02,4.00842248e-02,-2.04495873e-02,-1.76965250e-02,9.26882477e-03,3.06414147e-03,-6.68043761e-02,3.59398222e-03,7.52399155e-03,-3.72278181e-02
8.22732902e-03,1.26324034e-02,4.03078453e-02,2.87762724e-02,-1.78580636e-02,-3.96540730e-02,1.15919791e-02,5.41046012e-02,3.47293828e-02,-2.97602462e-02,-2.17101136e-02,8.69216003e-03,-3.77637947e-02
-3.70215931e-03,2.34947415e-02,4.55607823e-02,7.49307888e-04,-3.26301398e-02,-4.99578596e-02,8.54486404e-03,3.50559601e-02,2.61562755e-02,-5.53049628e-03,-7.68306334e-03,1.28978914e-02,-3.30383100e-02
-3.54153391e-02,3.55032157e-02,2.83298845e-02,-3.47176976e-02,-1.96392220e-02,1.22143999e-02,4.45467175e-02,1.96118295e-02,7.74141271e-03,-5.18951082e-03,-2.53244349e-02,-2.55746728e-02,-4.53872812e-02
-4.65657725e-02,1.48356566e-02,-1.63167074e-02,-6.53397928e-02,-2.46937185e-02,1.43663025e-02,4.46912690e-02,7.70605445e-03,3.19008019e-02,1.22836957e-02,-1.54766630e-02,-4.16027229e-02,-2.67915625e-02
-1.31398786e-02,6.29919004e-02,-4.20880013e-03,-6.41471687e-02,-3.07259101e-02,2.58110281e-02,3.01231725e-02,1.51331839e-02,1.23237011e-02,-1.36688453e-02,-3.64883156e-03,-4.98736434e-02,-3.41300322e-02
1.09764795e-02,2.96299898e-02,-7.22777631e-02,-6.18754406e-02,5.82089199e-03,5.05080773e-02,2.38761232e-02,6.15201138e-03,-5.94904645e-03,-4.65617760e-02,-4.97336241e-03,-2.51647432e-02,-1.79238392e-02
9.29476602e-04,1.50304548e-04,-5.96050764e-02,-2.90339617e-02,1.56749773e-02,4.18302460e-02,1.89966032e-02,-4.31792209e-03,-2.36739664e-02,-5.86752599e-02,1.39699212e-03,-1.46210547e-02,-9.53020480e-03
3.98562894e-02,8.65736789e-04,-8.33182494e-02,-1.41864914e-02,-7.50398739e-03,1.03760250e-02,-1.22007004e-02,2.06051727e-03,2.00063349e-03,-3.35421146e-02,3.53360803e-03,-1.72191356e-02,3.73789961e-03
1.85108180e-02,-3.08693353e-02,-7.47676800e-02,4.08058903e-02,1.88650777e-02,6.78944899e-03,-2.14770247e-02,-1.85112978e-02,5.22982326e-03,-1.72570866e-02,1.28419759e-02,1.43873974e-02,1.85882406e-02
3.07330525e-03,-9.22933038e-02,-8.38323463e-02,1.49965473e-02,-6.06457452e-03,-1.09600962e-02,-1.22480431e-02,2.19359792e-02,1.78794523e-02,7.25048878e-03,-1.02776969e-02,2.24457733e-02,5.57434403e-02
-9.54530543e-03,-1.08324326e-01,-5.42009891e-02,2.96848357e-02,-7.06347367e-03,-7.01821339e-02,-9.07978434e-02,8.81119666e-03,3.98212967e-02,6.20881111e-02,-3.00972553e-03,3.04444066e-02,7.81633883e-02
-2.18601300e-02,-1.16217452e-01,-6.31413919e-02,1.58516177e-02,-1.22783150e-03,-1.93619839e-02,-1.05910517e-01,2.40394479e-02,4.34085103e-02,9.11030610e-02,2.28927755e-02,2.94041801e-02,8.06869748e-02
-4.17979274e-02,-8.77453678e-02,-3.22554621e-02,4.91478134e-03,4.08165592e-03,6.80752095e-02,-1.20470211e-01,-3.75615209e-02,3.58234401e-02,1.24784177e-01,8.57170015e-02,3.93796986e-02,6.95269085e-02
-8.76944704e-02,-7.72816967e-02,-1.56869973e-02,-1.37459131e-02,-1.18889424e-02,6.22863715e-02,-1.46242702e-01,-3.81917253e-02,3.65637580e-02,1.16437592e-01,1.22279911e-01,6.88930727e-02,8.15871250e-02
-9.56213135e-02,-7.05298839e-02,-2.62795815e-02,-2.27845468e-02,1.12297449e-02,9.00739480e-02,-1.42815977e-01,-4.21820030e-02,2.71270859e-02,6.92812447e-02,1.29753402e-01,6.67912380e-02,6.30514895e-02
-3.77517452e-02,-4.38828903e-02,-1.96427025e-02,-2.56101029e-02,9.54498923e-03,6.12165741e-02,-1.23827604e-01,-1.85662143e-02,2.46647927e-03,2.96873852e-02,1.31171847e-01,5.60596763e-02,5.01044405e-02
3.02959518e-02,1.32640547e-02,-2.62054141e-02,-2.66317610e-02,1.55955037e-02,5.59744361e-02,-9.37140878e-02,3.98048441e-03,-7.46902895e-03,-1.40068048e-03,1.39275171e-01,4.49649337e-02,3.45918834e-02
5.43301135e-02,2.00044059e-02,-2.26522532e-02,-4.68136484e-03,6.33856942e-04,4.79030399e-03,-7.72253975e-02,-4.75455631e-03,-3.79253842e-02,1.37278275e-03,1.40418461e-01,6.72696277e-02,3.73681490e-02
1.66518930e-02,-2.94253252e-02,-3.98421281e-02,-2.32587078e-02,9.63859591e-03,-1.11211356e-02,-9.34386396e-03,4.87426362e-02,-1.55160352e-02,-1.24556855e-02,9.02823748e-02,5.93937851e-02,3.02982735e-02
6.01720925e-02,-9.93806446e-03,-6.97371045e-03,-1.64493915e-03,2.65465939e-02,-4.81904131e-02,-2.38867329e-02,5.63121847e-02,2.14568722e-02,-1.02520934e-02,1.31679597e-02,4.95589713e-02,1.71359072e-02
7.02611972e-02,-2.08008551e-02,1.81228309e-02,1.48779533e-02,2.66365011e-02,-5.87707205e-02,-1.29749997e-02,7.85485259e-02,5.29166207e-02,1.38592588e-03,-1.66764662e-02,4.52269613e-02,5.23445102e-03
6.54670817e-02,1.39757796e-02,3.52191574e-02,-5.32461089e-04,2.27578648e-02,2.13374765e-02,1.04489136e-03,1.11959660e-02,6.70775062e-02,8.37933836e-03,-2.17349621e-02,4.83836568e-02,-2.50402584e-02
1.64384189e-02,1.08084797e-02,5.82318665e-02,-1.73482183e-02,4.92815469e-03,-9.67390750e-04,-1.64082087e-02,-2.53684986e-02,4.16996183e-02,2.03261012e-02,-2.39630085e-02,5.81852789e-02,-2.77187246e-02
-1.00902292e-02,6.82920548e-03,5.76086105e-02,-2.12461025e-02,1.00206872e-02,1.05597008e-02,-2.04138105e-02,-4.86056634e-02,5.64520118e-02,2.62275835e-02,-4.33713707e-02,5.12604872e-02,-1.04667644e-02
-6.76337746e-05,2.26544941e-03,2.73457457e-02,-1.31098953e-02,2.29692859e-02,9.55924484e-03,1.20246777e-02,-1.97646181e-02,6.80087901e-02,3.93661751e-02,-5.76107549e-02,4.07240402e-02,-1.84556954e-02
3.16168800e-02,1.99690875e-02,8.55167565e-04,-1.09513336e-02,2.37246520e-02,2.51943418e-02,1.61155047e-02,-1.42323775e-02,5.35277052e-02,3.64025383e-02,-5.42754402e-02,7.47743286e-03,-4.95560437e-03
4.28154839e-02,3.23217376e-02,-7.80311115e-03,4.07784009e-03,-5.05160498e-03,-2.70178431e-03,4.64398302e-03,-3.21853136e-02,1.37775140e-04,3.74966259e-02,-1.65936006e-02,-1.57491506e-03,-2.39024817e-03
2.69925788e-02,3.82503699e-02,-3.31323725e-02,-2.83765717e-02,5.79432987e-04,-1.11663700e-03,1.32624383e-02,1.34051974e-03,-3.74254150e-03,2.37671717e-02,-9.79139531e-03,2.54451837e-03,1.42394352e-02
6.38221371e-02,4.80457110e-02,-3.05129366e-02,6.82344779e-03,-2.06021394e-03,7.40147308e-04,-1.51923063e-02,2.39948627e-02,-3.74396079e-03,3.68501435e-03,-2.98895788e-02,7.38599881e-03,6.96115316e-03
6.85586955e-02,1.74555579e-02,-1.47496950e-02,1.56239830e-02,-6.97509018e-03,-1.97407599e-03,-1.08046038e-02,4.57485398e-02,-1.12604135e-02,-2.74968067e-02,-4.95805190e-02,7.43301894e-03,7.69130757e-03
2.51395147e-02,-2.12048456e-02,-8.50601569e-03,2.67364726e-02,-8.57148324e-03,1.82245822e-02,-1.99767093e-02,4.12343611e-02,2.64996837e-02,-4.01143268e-02,-2.59434635e-02,3.89402426e-02,1.89296487e-03
1.27406250e-02,-1.34585512e-02,1.97544848e-02,1.70595440e-02,-9.06202795e-03,2.65722453e-02,-3.39780280e-03,3.18389432e-02,-3.48484396e-03,-3.84233279e-02,-4.66608131e-03,3.09426379e-02,-2.57408305e-02
2.08116581e-02,1.26313334e-02,3.93374961e-02,2.03746515e-02,-7.28954484e-04,9.86514163e-03,-1.79071636e-02,1.24421943e-02,-1.99399058e-02,-5.53297575e-02,-2.05086240e-02,2.81304333e-02,-1.13308485e-02
5.83597680e-03,1.78749903e-04,3.60286724e-02,3.03243145e-02,1.03935222e-02,-7.20321389e-03,9.27626238e-03,3.17732740e-02,2.73960137e-03,-2.92560355e-02,-2.24320871e-02,1.83215821e-02,-2.10913047e-02
-8.06788011e-03,-2.82441880e-02,3.83642327e-03,1.57444498e-02,2.71654812e-02,1.08833017e-03,1.70948567e-02,1.36248450e-02,-1.76137456e-02,1.32266092e-03,-1.26502055e-02,1.04778808e-03,7.09607644e-03
1.20830396e-02,-2.21383868e-02,-3.39027670e-04,4.33300652e-02,3.05036267e-02,-5.61235689e-03,5.15623826e-02,-2.27461816e-02,-3.48218094e-02,2.40091579e-02,2.52103126e-02,-3.29604086e-02,-2.21363781e-02
1.50595339e-02,1.52122802e-02,-1.75638308e-02,1.99082483e-02,2.87323270e-02,-2.83839435e-02,4.32507042e-02,-3.91216731e-02,-3.49981522e-02,5.54832197e-02,5.06811176e-02,-6.19172120e-02,-1.41838554e-02
-8.61092954e-03,2.29370839e-02,-1.33473592e-02,3.99529406e-02,2.86753520e-02,-2.81101229e-02,4.19485912e-02,-3.61248952e-02,-4.23516754e-02,6.35337114e-02,5.60835833e-02,-7.68801917e-02,-9.30867376e-03
-1.10430889e-02,2.85805298e-02,-3.27631927e-02,2.46178946e-02,2.02209699e-02,-4.48221559e-02,3.54368223e-02,-5.33916110e-02,-5.59855334e-02,5.48062260e-02,1.94787540e-02,-9.23588257e-02,6.30758686e-03
-5.93520054e-02,-1.20412614e-02,-3.87206776e-02,2.69872516e-02,2.71067695e-02,-5.53842110e-03,4.12055378e-02,-4.24905123e-02,-1.44513968e-02,5.28201341e-02,2.84505451e-02,-5.64681471e-02,5.93075651e-03
-3.98866917e-02,-4.53309874e-03,-2.16530713e-02,8.33366189e-03,4.76796808e-03,1.24100234e-02,5.87026526e-02,-3.09916220e-02,-1.28635599e-02,3.47930177e-02,6.34286240e-03,-3.64880846e-02,-9.66716902e-03
-3.42602053e-02,2.46261960e-02,2.28628106e-02,9.57111469e-03,7.53382971e-03,4.44063884e-03,1.55697653e-02,-2.03397287e-02,-4.84809552e-03,-1.09166882e-02,-5.03723735e-02,-1.86499029e-02,-5.07308402e-03
-2.65451189e-02,3.62125079e-02,8.12983675e-02,-1.18619613e-02,-6.56236814e-02,-3.12941576e-02,1.39441920e-04,1.49921206e-02,2.85053908e-02,-5.89490112e-02,-9.40729952e-02,-6.23211810e-03,1.56587118e-02
-4.83610252e-02,1.40833125e-02,8.62227182e-02,-3.63718266e-02,-7.53832946e-02,-3.66688814e-02,-1.08555154e-02,5.29125659e-02,6.25228991e-02,-4.25454059e-02,-1.18987614e-01,2.13137688e-02,4.80473055e-02
5.26544513e-03,1.53393702e-02,9.53947083e-02,-3.30456537e-02,-1.04872685e-01,-3.00881969e-02,-7.61619768e-03,4.01108295e-02,6.63334244e-02,-5.43794515e-02,-1.04015844e-01,3.21586505e-02,2.44440954e-02
2.03056085e-02,2.16463081e-02,9.89486878e-02,-1.43734861e-02,-9.58918234e-02,-4.07185643e-02,-2.69751814e-02,4.46714539e-02,4.97203706e-02,-5.25881051e-02,-8.96322843e-02,2.00080098e-02,2.51936962e-02
-2.21330055e-04,4.28767952e-02,1.14110053e-01,1.76678702e-03,-6.73091653e-02,-6.26420481e-02,-5.94390468e-02,4.54681719e-02,4.34167574e-02,-5.14288449e-02,-5.12512321e-02,1.88679024e-02,2.86767467e-02
3.18125682e-03,4.74452158e-02,7.56580111e-02,-1.92385429e-02,-6.13216613e-02,-7.77116278e-02,-6.06902292e-02,4.79052164e-02,2.47047708e-02,-3.97477729e-02,-2.92310560e-02,1.05339916e-03,3.90393649e-02
-2.37961591e-02,3.54435309e-02,2.55262642e-02,-2.21246068e-02,-7.71671484e-03,-5.42820763e-02,-4.68488956e-02,3.92300456e-02,2.57220231e-02,4.41085795e-04,1.68791535e-02,-1.04959175e-02,1.21453924e-02
3.90871458e-03,5.20142776e-02,2.06662265e-02,3.92856597e-03,1.73179059e-02,-3.38984861e-02,-1.80634359e-02,1.54787910e-02,6.78859842e-04,1.61370391e-02,2.03298888e-02,-1.61621114e-02,4.94098191e-03
7.58221133e-03,3.96841262e-02,-3.85919370e-03,2.49636646e-02,7.68528150e-02,-3.37512621e-02,-3.09827388e-02,1.82512292e-02,-2.40507329e-02,4.46794808e-02,1.60921875e-02,-2.40879520e-02,-2.33182651e-03
-2.19867797e-02,1.45589651e-02,-2.03056858e-02,2.33321978e-02,6.79201097e-02,-3.40828687e-02,5.83802119e-03,4.29001346e-02,-3.91601547e-02,4.31509820e-02,3.84165796e-02,-3.05960544e-02,5.80786975e-03
-3.68050438e-02,-5.47388196e-03,-4.51849409e-02,2.53266759e-02,6.45798630e-02,-2.27123843e-02,2.57723859e-02,5.38623033e-02,-4.08009096e-02,8.39776111e-02,4.66618811e-02,-4.03837866e-02,5.58829832e-03
-1.22437701e-02,-1.45354814e-02,-6.76902921e-02,3.85745637e-02,3.83053264e-02,1.11782924e-02,3.75010092e-02,3.49888115e-02,-6.05658572e-02,1.03884149e-01,6.47602310e-02,-2.55572259e-02,-8.81514832e-03
-3.28467646e-03,-5.74760005e-02,-1.04482829e-01,4.39921062e-02,1.95118302e-02,4.47312295e-02,6.17004780e-02,1.60687295e-02,-7.89251400e-02,7.89981955e-02,5.74239713e-02,-1.81872741e-02,3.40816787e-04
-2.65785958e-02,-7.21603120e-02,-1.16032978e-01,9.61274850e-03,6.77887252e-04,3.32122195e-02,4.35859831e-02,-1.83903677e-02,-8.94964372e-02,3.24487537e-02,4.48584034e-02,8.55670215e-03,3.11937459e-03
-8.09458567e-03,-4.87734961e-02,-9.28062369e-02,-1.94565000e-02,-1.80950844e-02,3.97992072e-02,3.17648316e-02,-3.88493256e-02,-1.01899980e-01,-4.39818971e-03,4.77441962e-02,3.60511641e-02,-1.62202002e-02
6.64900544e-03,-5.31418531e-02,-8.70811223e-02,-5.03893894e-02,-1.42658386e-02,3.97271456e-02,2.98635265e-02,-5.95585031e-02,-8.16341044e-02,-1.64464195e-02,5.49186386e-02,3.41711173e-02,-4.62911078e-02
-1.93591078e-02,-3.36033954e-02,-2.97364653e-02,-5.51816278e-02,-3.69854361e-02,2.05403954e-02,2.77617613e-02,-6.46228078e-02,-6.07212920e-02,-2.80356314e-02,3.73035368e-02,5.59074871e-02,-1.95073160e-02
-3.52433348e-02,-6.64292883e-02,-4.79092731e-02,-5.94130845e-02,-4.70828741e-02,-2.42095070e-02,4.59700869e-04,-5.08422533e-02,-1.59735131e-02,-2.45081659e-03,1.27511005e-02,3.17014225e-02,-1.16064774e-02
-3.51934083e-02,-4.42280851e-02,-3.75502845e-02,-4.45663942e-02,-3.02427033e-02,-2.70410340e-02,2.05745582e-02,-2.22649718e-02,2.76258447e-02,9.96529158e-03,-1.41009377e-02,2.53942551e-03,4.80095675e-04
-4.27252105e-02,7.67538196e-03,2.31482359e-03,-2.17690584e-02,-4.67452237e-02,-3.28892090e-02,2.59159310e-02,-2.89472179e-02,3.93330379e-02,1.75685347e-02,-3.97587613e-02,-2.27965276e-02,-1.30563838e-02
-5.88151255e-02,1.69400836e-03,2.37483182e-02,-8.65391858e-03,-3.53915999e-02,-1.82063339e-02,5.94005154e-03,1.75209677e-02,8.07793009e-02,3.82937734e-02,-3.30339720e-02,-2.27870453e-02,-2.14951015e-02
-5.17355263e-02,-2.45629084e-02,1.73552226e-02,1.91253861e-02,-4.20356522e-02,-2.08925599e-02,1.44881703e-02,2.49879617e-02,9.59239575e-02,1.76262372e-02,-5.11311943e-02,-2.80871294e-02,1.90945921e-06
-5.44863378e-02,-6.23284361e-02,-6.46010391e-03,1.28452692e-02,-3.07030612e-02,-2.05535517e-03,3.54120000e-02,5.65865515e-02,1.21022842e-01,-1.34051745e-02,-6.80131819e-02,-2.87747173e-02,1.46069700e-02
-4.19778495e-02,-3.61979278e-02,2.81287416e-02,4.26934316e-02,-1.03702096e-02,1.74936838e-02,4.32050217e-03,2.68036036e-02,9.68187891e-02,-4.16761815e-02,-5.61021729e-02,-1.46757905e-02,-3.81199454e-03
-5.19550343e-02,-7.17647943e-02,1.45688724e-02,4.60280041e-02,2.13638852e-02,5.92531974e-02,1.20088132e-02,1.27265684e-02,7.43752369e-02,-6.96936967e-02,-2.12800458e-02,7.27040334e-03,-2.67788566e-02
-3.83081758e-02,-5.22705734e-02,1.26682193e-02,2.36811788e-02,2.75469421e-02,5.50183865e-02,-1.00789935e-02,7.84215538e-03,3.57319436e-02,-1.03775183e-01,-7.04399569e-03,3.94902164e-02,-7.44918133e-03
-4.14113657e-02,-9.13596567e-02,-4.54712106e-02,1.75494555e-02,2.02933224e-02,1.67116028e-02,-5.78109051e-02,-2.77612660e-02,1.80541835e-02,-9.30170353e-02,6.85665075e-04,4.28966167e-02,1.07721437e-03
2.52600489e-02,-5.72626210e-02,-6.07551307e-02,9.15596253e-03,3.77486912e-02,2.82305558e-02,-4.24600973e-02,-2.60129991e-02,2.16556436e-03,-6.70473147e-02,-1.79167261e-02,2.70268504e-02,3.78550325e-03
4.11876736e-02,2.27020964e-02,-4.91122506e-02,-2.00243301e-02,3.14107666e-02,2.30521732e-02,-3.83583977e-02,-6.09494201e-02,-7.97493854e-03,-3.93176410e-02,-3.52394811e-02,2.95673620e-02,1.42039064e-02
7.53222042e-02,6.73578565e-02,-5.07496289e-02,-5.67861408e-02,3.88256630e-02,2.90780129e-02,-5.42920439e-02,-4.21854015e-02,-1.88014131e-02,-3.69091929e-02,-1.70001356e-02,3.67083550e-02,-1.34092567e-02
9.48374592e-02,1.17458303e-01,-2.59039045e-02,-5.32322737e-02,1.12051621e-02,5.61591871e-03,-4.16561685e-02,-6.99211432e-02,-3.64000771e-02,-2.38436314e-02,-3.92699063e-02,3.02413224e-02,7.86615270e-03
6.51246305e-02,6.88040179e-02,-4.17014690e-02,-6.96752542e-02,-3.93318262e-04,-4.65707243e-03,-3.10551508e-02,-3.36079121e-02,2.48534907e-02,9.76542296e-04,-2.81368262e-02,4.37899578e-02,2.87868983e-02
9.74189365e-02,9.44240101e-02,-5.44566485e-03,-2.43561613e-02,-7.27781666e-03,6.06497559e-03,-3.38400009e-03,-2.22994617e-02,5.14960873e-02,2.48513575e-02,-3.78319276e-02,2.46632989e-02,3.40221410e-03
3.64661009e-02,3.37925991e-02,-1.78757115e-02,-2.92312029e-02,-2.54699404e-02,-1.49907196e-03,2.28508640e-02,-2.89970250e-02,2.44639929e-02,6.16816237e-02,4.75456389e-04,1.84707165e-02,2.37653821e-03
3.78405098e-02,3.36336215e-02,9.53825624e-03,2.73651684e-03,-3.01740020e-02,7.89465534e-04,2.82455373e-02,-4.24089191e-02,-6.06535130e-03,2.99853840e-02,-9.96977786e-03,1.82113826e-03,-1.26846429e-02
2.34559519e-02,1.98825015e-02,2.58491944e-02,1.06067319e-02,-3.47901045e-02,-1.26220177e-02,-2.33162531e-03,-5.66541193e-02,-2.41001132e-02,1.62495500e-02,1.15615860e-02,-1.37072685e-02,-1.07824440e-02
3.45854432e-03,-1.77532220e-02,-5.47914157e-03,2.29445640e-02,-4.59032322e-02,-3.97540101e-02,2.92079970e-02,3.50508887e-04,-3.64222983e-02,2.50533572e-02,6.11461370e-03,-4.92289887e-02,-2.56700195e-02
-3.60605600e-02,-5.34020881e-02,1.36105991e-02,1.14987348e-02,-7.31714468e-03,-3.12593108e-02,2.38673034e-02,2.22063461e-02,-3.15789248e-02,2.78689661e-02,2.70792447e-02,-5.06433198e-02,1.96984788e-03
-3.69660589e-02,-6.69320728e-02,-1.82015722e-02,-1.86499414e-02,2.51708372e-02,-3.99024122e-02,-9.14118551e-03,4.09854860e-02,-7.10859954e-02,-1.70897016e-02,3.73138084e-02,-6.08219285e-02,-3.06909332e-02
-1.49458321e-02,-1.30530424e-02,-5.93536026e-03,-8.59688207e-03,3.35900347e-02,-3.06414491e-02,3.45746017e-03,3.81495580e-02,-1.01357688e-01,-3.28503854e-02,4.49066582e-02,-7.94499226e-02,-2.62589239e-02
-3.70253989e-02,-4.01402610e-02,-3.40715102e-02,-1.90123066e-02,1.49003731e-02,-3.68654659e-02,-1.47907190e-03,5.82884235e-02,-9.14775211e-02,-2.66027082e-02,4.67479338e-02,-4.85266845e-02,1.02523054e-02
-4.88555821e-02,-4.14080188e-02,-3.21734498e-02,-5.50183315e-03,3.53293473e-02,8.62643969e-03,2.97365774e-02,9.12876971e-02,-1.05094118e-02,-3.19736855e-03,3.33005999e-02,-2.90614576e-02,6.29716131e-03
-2.47079606e-02,-9.70207353e-03,-4.12744776e-02,-1.73871432e-02,3.01932708e-02,1.37807572e-02,3.51671874e-02,6.10569371e-02,1.97460956e-02,2.10892336e-02,3.74741850e-02,-2.91927441e-02,-3.00069268e-03
2.24640731e-03,-9.60159601e-03,-7.71724585e-03,-1.10191473e-02,1.89531474e-02,4.59674733e-02,6.83744735e-02,3.56294047e-02,3.20475896e-02,2.51986760e-02,7.81824147e-03,-1.68216557e-02,-1.40327750e-02
2.63701369e-02,3.70654843e-02,3.50020256e-02,-2.26100259e-02,4.16865024e-02,6.54356536e-02,4.03524250e-02,3.12610420e-02,4.16340520e-02,4.17778442e-02,-2.33008090e-02,1.55909744e-02,-2.64051061e-03
2.60741284e-02,7.44326388e-02,3.57723817e-02,-2.91092904e-02,-1.39984765e-02,5.20150548e-02,6.48957510e-02,3.96819415e-02,2.93009434e-02,2.75794710e-02,-5.55729754e-02,1.33767222e-02,-9.76373175e-03
-2.40870568e-02,2.99406910e-02,3.42646566e-02,-4.90483302e-02,-3.08154235e-02,3.58459506e-02,5.29408369e-02,2.83377563e-02,2.87725753e-02,1.94619841e-02,-8.19600566e-02,2.52345469e-03,1.33155724e-03
-1.77310088e-02,7.42936910e-03,2.20271119e-02,-6.96580961e-02,-3.22720075e-02,1.32288314e-02,-6.11980007e-03,3.53139885e-03,3.04901093e-02,9.90658282e-03,-9.97513660e-02,-7.06416244e-03,4.37380479e-04
-8.19666971e-03,2.44201277e-02,5.57897443e-02,-5.60611826e-02,-2.72672468e-02,-1.30043306e-02,-3.13108692e-02,3.39760577e-03,2.87185772e-02,-1.45010444e-02,-8.22281705e-02,-2.72726661e-02,-7.23427727e-04
3.79675715e-02,6.55966865e-02,6.89526732e-02,-2.66906040e-02,-4.44091050e-02,-2.62116734e-02,-2.85391541e-02,3.23767827e-03,-3.45992250e-03,-2.83110817e-02,-6.99627503e-02,-5.75165790e-02,5.82518407e-03
-1.31836771e-02,1.01731820e-02,4.90019532e-02,1.21005855e-02,-3.99089039e-02,4.45074053e-03,-1.50636734e-02,3.08137616e-02,6.56396547e-02,-2.33597029e-02,-3.98385921e-02,-3.93340954e-02,-2.67405036e-03
-7.20683813e-03,3.74995561e-02,6.37872348e-02,4.44013869e-02,-5.75972975e-02,-2.26171177e-02,-2.83923836e-02,9.82665888e-03,8.75239808e-02,-5.70456437e-02,-4.60264225e-02,-3.46072303e-02,-3.35346827e-03
9.92847026e-03,3.25188001e-02,6.67553114e-02,5.29707548e-02,-3.46795961e-02,-1.48632337e-02,-5.60880625e-03,1.83394211e-03,1.00802674e-01,-3.55712430e-02,-1.45909459e-02,-5.65393145e-02,-1.33279282e-02
1.86151548e-02,2.35229617e-02,6.20660445e-02,6.46750877e-02,1.73238687e-02,-8.81201959e-03,-1.21527730e-02,-1.41530226e-02,1.05544029e-01,1.13187084e-03,-2.05011255e-02,-2.68679765e-02,-3.35363382e-03
6.78478757e-02,3.81906628e-02,6.88338940e-02,8.60238478e-02,7.65189436e-03,3.28619669e-02,2.40799004e-02,-1.87516997e-02,3.84395690e-02,1.57653168e-03,2.31826501e-03,-1.77983261e-02,-2.07573371e-02
2.05729504e-02,-3.43860954e-03,6.41218663e-03,5.68720888e-02,-2.50375613e-02,2.08894134e-03,2.31545958e-02,-2.24996380e-02,-3.32122394e-03,-1.53456263e-02,-2.26204733e-02,1.71709000e-04,-5.31985891e-03
2.69484020e-02,1.16330825e-02,-2.80676400e-02,-4.95473010e-03,-3.56539060e-02,-3.34631404e-03,2.70188530e-02,-3.67067758e-02,-4.32626888e-02,-1.28226451e-02,-2.90667929e-02,3.77544390e-02,2.97466919e-02
5.65941146e-02,2.24646498e-02,-1.95388879e-02,-2.74924277e-02,-3.18412023e-02,3.78806884e-02,3.76916938e-02,-3.74453867e-02,-5.48135694e-02,-1.05145684e-02,-1.92337907e-02,4.60177862e-02,5.11285323e-02
8.02356502e-02,7.30500631e-02,1.66372357e-02,-2.83147514e-02,-2.12883547e-02,3.67550326e-02,4.50458577e-02,-3.40558446e-02,-7.35037770e-02,-6.70107404e-03,1.93049348e-02,2.52213657e-02,1.90935354e-02
8.15116524e-02,7.20707947e-02,2.23316030e-02,-2.12151160e-02,-1.69609231e-02,6.34474924e-02,3.92512034e-02,-1.32907755e-02,-7.26730380e-02,-1.23099836e-02,6.65865805e-02,4.63120462e-02,-2.62701876e-02
2.38956045e-02,4.48724205e-02,3.18971977e-02,-1.38988864e-02,-3.68492582e-02,3.17436598e-02,1.34650035e-02,2.24315444e-02,-4.63220469e-02,-3.48379935e-02,3.23280849e-02,4.23920501e-02,-2.95767251e-02
1.17273653e-03,1.31568473e-02,2.09004432e-02,-1.76885422e-02,-4.25521715e-02,2.35868050e-02,-2.12350908e-02,3.82609504e-04,-4.27825808e-02,-4.54452524e-02,1.69126908e-02,9.15737614e-03,-1.83935555e-02
-3.90917862e-02,-1.86488918e-02,-6.42202060e-03,-8.46387955e-03,7.27643466e-03,4.41753552e-02,-5.90556550e-02,-5.76521858e-02,2.58578399e-03,-9.99525345e-03,1.06248268e-02,1.58986818e-02,1.12467762e-02
-5.32095686e-02,-1.02526552e-01,-1.06808908e-02,2.00718748e-02,9.84488427e-03,3.40800208e-02,-6.12947153e-02,-5.18235195e-02,-1.88586070e-02,2.53539944e-03,3.17706746e-03,-2.94483078e-02,-1.13206256e-02
-6.90487929e-02,-1.60663589e-01,-5.45647599e-02,5.50544539e-02,6.34334368e-02,5.53383937e-02,-3.94846176e-02,-3.84884076e-02,-3.17208683e-02,1.39781638e-02,-1.99314287e-02,-4.07112000e-02,-1.71753774e-02
-2.29695017e-02,-1.07710225e-01,-6.15305230e-02,3.43634011e-02,4.87878553e-02,-1.13144918e-02,-3.28465675e-02,-2.88747206e-02,-3.52585411e-02,4.20791908e-03,-2.94315128e-02,-1.61631583e-02,1.64157208e-02
3.35116256e-03,-8.44906676e-02,-5.75891619e-02,2.45957497e-02,6.30237133e-02,4.42533367e-02,1.04172907e-02,-1.25825949e-02,-4.03085927e-03,-4.41235966e-03,-5.82377751e-02,-4.34257097e-02,3.15370114e-02
2.96465561e-02,-2.56845004e-02,-4.63679028e-02,1.36388329e-02,7.06237212e-02,4.95583165e-02,2.40794777e-02,-5.27375544e-02,-4.17293218e-03,-1.02011773e-02,-4.99617686e-02,-1.65857523e-02,4.07584209e-02
5.97510980e-02,6.97038542e-03,-4.00102533e-02,-4.79689666e-02,2.86308378e-02,3.52400707e-03,-1.92005710e-02,-4.86948436e-02,-3.31865226e-02,-3.05386186e-02,-3.82231291e-02,-1.04778173e-05,4.00716098e-02
5.80052509e-02,2.31676924e-02,-1.58916698e-02,-2.24232858e-02,3.31241663e-02,1.86041422e-03,-1.10560128e-02,-5.67786951e-04,-1.71534028e-02,-4.41776825e-02,-2.88288821e-02,-1.71071643e-02,1.22228257e-02
7.25977625e-02,2.22299676e-03,6.50553549e-03,-1.32445205e-02,-3.08576919e-02,-2.45365554e-02,-1.30399331e-02,-9.86899663e-03,-8.77161313e-03,-6.61861203e-02,-2.51160499e-02,-2.42732893e-02,1.91576027e-02
4.15394297e-02,2.88776992e-02,2.67652509e-02,3.56895978e-04,-2.54015671e-02,-1.55141263e-02,-2.36509990e-02,-3.22023022e-02,3.24935915e-02,-5.06969588e-02,-8.72347910e-03,2.61140488e-04,6.56380295e-02
-2.13807680e-02,-1.93911793e-02,4.11445452e-02,-1.95167784e-02,-9.63955765e-02,-3.91772024e-02,-1.17348475e-02,2.85153518e-03,3.81210340e-02,-5.79136825e-02,3.04805898e-02,-1.19893444e-03,2.64244501e-02
-6.10593562e-02,-3.43021571e-02,3.62401791e-02,-6.44998234e-03,-4.46005312e-02,-1.70371134e-02,1.27548086e-02,4.49521919e-02,5.68095638e-02,-2.96467534e-02,2.51822354e-02,1.24770320e-02,-1.49870513e-02
-8.39314850e-02,1.70331473e-02,3.33896151e-02,2.59160736e-02,-3.03961475e-02,-7.38397610e-02,8.22358565e-03,4.30288189e-02,-3.35916724e-03,-2.02991422e-02,3.84764357e-02,4.03657403e-02,-2.94836345e-02
-9.04021111e-02,4.93128231e-02,3.74971054e-02,3.71646053e-02,-7.69748220e-03,-7.73987450e-02,2.16999538e-02,6.57242774e-02,-4.33966177e-03,-1.60860296e-03,3.63757534e-02,-3.11739155e-02,-7.63406948e-02
-9.21172355e-02,5.94628381e-02,-2.08134914e-02,3.43394887e-03,-2.03697085e-02,-5.13193106e-02,1.80336874e-02,8.78866246e-03,-4.62283337e-02,2.56148951e-03,7.52406100e-02,-2.37991287e-02,-8.22717149e-02
-6.60646531e-02,4.45200260e-02,-6.53414146e-02,-5.41559118e-02,-6.49492421e-02,-5.94033841e-02,-2.72476300e-02,-1.84913978e-02,-9.17638117e-02,-7.76986442e-03,5.88563495e-02,-3.98556699e-02,-7.55326261e-02
-6.99360576e-02,1.35055634e-02,-1.05506778e-01,-5.46404116e-02,-6.63228147e-02,-3.57099716e-02,-4.55340773e-02,1.26949218e-03,-1.07649808e-01,-2.02150274e-02,5.93635152e-02,-6.49999495e-02,-5.95614685e-02
-4.57620391e-02,-2.42048957e-02,-1.39497965e-01,-5.80695432e-02,-6.03655073e-02,-3.43302057e-02,-4.16389260e-02,1.33994526e-04,-1.18357191e-01,-2.47774734e-02,4.28511016e-02,-8.04028991e-02,-4.71440750e-02
-3.60597473e-02,-4.00541127e-02,-1.31229042e-01,-4.99466491e-02,-2.75281752e-02,-2.27794140e-02,1.37090198e-02,2.28927975e-02,-1.09860063e-01,-3.56528509e-03,4.67102645e-02,-7.21044351e-02,1.16988800e-02
-5.29803101e-03,-5.32693930e-02,-1.15447859e-01,-5.75475565e-02,-2.85153113e-02,-5.37185553e-03,4.18437901e-02,3.54351196e-02,-8.81183094e-02,6.14910126e-03,7.02348266e-02,-5.77005066e-02,1.72684890e-02
3.83260307e-02,-3.47563901e-02,-6.45458607e-02,-5.56697398e-02,2.78447450e-02,-1.88537291e-03,5.36831166e-02,7.65770762e-02,1.45093774e-02,1.72018467e-02,3.26096230e-02,-1.65596644e-02,2.37899310e-02
-5.33744242e-03,-3.50480976e-02,-4.09383399e-02,-4.44285617e-02,7.93236232e-02,1.68709142e-02,6.50136264e-02,4.47213301e-02,2.03700412e-02,3.04978256e-02,-2.51518827e-03,4.73367953e-02,4.20408243e-02
-1.57989706e-02,-1.36722044e-02,-7.79733731e-05,-3.27391321e-02,8.48140872e-02,7.25073426e-03,5.86690003e-02,8.30975341e-03,2.17545956e-02,2.35336630e-02,-3.75276454e-02,3.02084379e-02,2.64467881e-02
-2.68366705e-02,-1.34326419e-02,-1.84522941e-02,-6.37560874e-02,3.16998781e-02,-2.39074509e-02,1.25644554e-02,-2.51189112e-02,1.41957126e-02,1.51823110e-02,-1.13257287e-02,4.28333519e-02,7.26260792e-03
6.65898006e-03,-1.52056920e-02,1.18881636e-03,-4.21242115e-02,1.95299449e-02,1.44204982e-02,9.62349431e-03,-5.47221731e-02,1.72279401e-02,1.16540399e-03,-1.52714573e-02,3.07942584e-02,-1.51674736e-02
-1.27369307e-02,-2.73976577e-02,2.05775592e-02,-2.93951244e-02,-9.12091404e-04,2.96107244e-03,-3.41373706e-02,-6.71453135e-02,4.02064276e-02,8.49755132e-04,-6.67179170e-03,3.50676242e-02,1.02966189e-02
-1.04565793e-02,-1.16350399e-02,1.69082884e-02,-3.64452596e-02,-1.58098279e-02,-5.87581250e-03,-6.70895440e-02,-6.86004854e-02,3.09137661e-02,-2.46802285e-02,-4.13846072e-03,1.75046590e-02,-1.04549513e-04
-3.53574650e-02,-1.58945181e-02,-1.11937891e-02,-5.49575094e-02,-4.38004630e-02,-7.64509901e-03,-3.56173059e-02,-5.34588302e-02,-1.95895019e-02,-2.46903460e-02,3.00248600e-02,2.21490156e-02,-6.69131701e-03
-4.74100389e-02,2.08646954e-03,-4.18757560e-02,-6.53013194e-02,-5.38025485e-02,-7.76966930e-04,-7.58199611e-03,-4.64451400e-02,-5.49192166e-02,-1.33867110e-03,5.34207787e-02,4.46772195e-03,-2.54155276e-02
3.86886982e-03,5.69469860e-02,-1.73554537e-02,-4.16429637e-02,-3.98827250e-02,-1.98675055e-02,-4.11585354e-03,-1.82906137e-02,-2.73072128e-02,8.88030262e-03,4.47761624e-02,-1.65291653e-02,-2.95658266e-02
2.07213457e-02,5.21141901e-02,-2.09503922e-02,-2.84957255e-02,-2.23302860e-02,-1.06794695e-02,2.25300741e-03,-2.35478576e-02,-3.59449580e-03,2.03937553e-02,3.71197544e-02,-2.41555686e-02,7.29835132e-04
2.17996716e-02,4.33759666e-02,-2.21525255e-02,-1.53923434e-02,-1.98226366e-02,1.38959049e-03,2.40176498e-02,-4.54664908e-02,-2.56833471e-02,2.24764934e-02,2.08213260e-02,-3.10322396e-02,-4.58551596e-03
2.44451041e-02,4.75646782e-02,-2.84946576e-02,-4.68406942e-02,-5.74369273e-02,-3.80873603e-02,1.03078379e-02,-3.84686545e-02,-4.78549081e-02,6.01430671e-03,2.65471361e-02,-1.14265078e-02,1.02278660e-03
4.93228918e-02,4.74599839e-02,-1.31982094e-02,-1.89038043e-02,-4.25620107e-02,-8.69945538e-03,2.41947309e-02,-1.50294584e-02,-2.96540504e-02,-1.10348666e-02,1.81406522e-03,-2.57714972e-02,3.95364568e-03
4.25613582e-02,1.11920589e-02,-7.29408079e-03,-7.15694479e-03,-5.16055393e-03,-2.00935799e-03,1.44674472e-02,-3.12927012e-02,4.38474013e-03,1.83103188e-02,-5.45551158e-03,-9.08553087e-03,4.07597513e-02
5.99969450e-02,9.37359940e-04,2.83198285e-02,3.19305259e-02,3.47263831e-02,8.17923752e-03,2.10706496e-02,-8.06652110e-03,4.82173957e-02,3.11957882e-02,-9.46259289e-03,-5.12881288e-03,4.36545603e-02
3.95550396e-02,-1.88444512e-02,3.02884029e-02,3.17440395e-02,2.33614450e-02,-4.96694285e-03,3.25321120e-03,-1.57474128e-02,2.40100257e-02,3.76856331e-03,-1.52195472e-02,1.09780473e-02,4.49514606e-02
-7.59465526e-04,-1.93847298e-02,2.71585060e-02,-1.78903445e-02,1.44363144e-02,2.56617079e-02,1.94991210e-02,-3.17093038e-02,-6.36260516e-03,1.41958818e-02,6.52058148e-03,1.00323683e-02,1.80153881e-02
-9.24385144e-03,6.08341824e-03,6.00524043e-02,-2.39900019e-03,4.57540350e-02,1.10069769e-02,2.72928985e-02,1.02419646e-02,-2.93758340e-02,7.82354578e-03,-1.23576027e-02,3.08856011e-02,7.06538263e-03
-4.68311864e-02,-5.51106230e-03,5.31249963e-02,1.20295265e-02,3.19310656e-02,1.42573496e-02,6.59351983e-03,3.87063688e-02,-9.23895586e-03,-2.92949316e-02,-5.83579223e-02,1.74555517e-02,1.40422670e-02
-6.08170082e-02,-5.37581868e-03,3.19195955e-02,9.45517385e-03,2.38311648e-02,3.83382655e-02,-1.87703008e-02,2.50283433e-02,-8.01926062e-03,3.34050762e-03,-5.04119279e-02,1.51177118e-02,1.72871813e-02
-6.61915549e-02,-2.82211975e-02,-3.57230369e-03,6.91125677e-03,9.28433751e-03,1.98921374e-02,-2.29201686e-02,3.14079751e-02,-8.16063781e-03,-2.71730480e-02,-1.06961829e-02,4.50970851e-02,2.07737209e-03
-5.16856111e-02,-6.41089425e-03,-9.60486909e-03,-3.01289058e-03,-3.18918620e-02,2.37251886e-02,-3.84657819e-02,4.98618132e-02,-2.89895167e-02,-6.35125494e-02,-2.22963167e-02,1.87190561e-02,-2.97630303e-02
-3.27621083e-02,1.61869426e-02,-4.56704261e-03,4.73608228e-04,-3.51086833e-02,2.71230401e-02,-4.99658263e-02,1.47983425e-02,-2.91705198e-02,-5.11668103e-02,-3.26586589e-02,1.19266618e-02,-2.35411566e-02
-4.97264598e-03,1.10981468e-02,-1.59744403e-02,2.55141205e-02,-1.58083361e-02,5.41560785e-02,-2.14587664e-02,-2.39064177e-02,-2.50166640e-02,-4.51452077e-02,-4.41007253e-02,-1.21259547e-02,-5.68092157e-02
1.47539375e-02,3.12649838e-03,-1.82019272e-02,5.72960167e-02,-1.25121685e-02,5.56871562e-02,-2.87268674e-02,-4.09690121e-02,-2.96213828e-02,-3.70174524e-02,-4.81171077e-02,-1.95426710e-02,-5.44335185e-02
4.49949586e-02,4.01770281e-02,-6.73496075e-03,1.93873559e-02,-2.41179499e-02,5.47487982e-02,-8.02015322e-03,-6.30866449e-02,-1.43011030e-02,-3.97992567e-02,-3.06507520e-02,-3.03708408e-02,-5.49139291e-02
6.95779994e-02,3.37177973e-02,5.15329368e-03,2.21502533e-02,2.33002881e-02,-2.76585410e-03,1.98252467e-04,-2.91317051e-02,-3.09990386e-02,-4.10713459e-02,-1.31434522e-02,2.89210432e-02,-2.22696998e-02
3.12544700e-02,2.36487922e-02,2.58174902e-02,3.46802133e-02,4.61496419e-02,-1.58644972e-02,1.06007500e-02,-4.38511697e-03,-1.96191573e-02,-5.45681327e-02,-1.93524729e-02,7.13573550e-02,3.23778415e-03
1.50566132e-02,1.87417096e-02,3.97255033e-02,3.35999974e-02,7.32582746e-02,-4.83234418e-03,2.77360004e-03,-8.10864326e-03,5.96620122e-03,-2.17453759e-02,-3.10510427e-02,6.66101320e-02,3.11090182e-02
2.65655702e-02,-9.79644280e-03,1.23241043e-02,3.63381231e-02,8.69452875e-02,-3.31412720e-02,-2.26934155e-03,-2.85512371e-03,2.60435751e-02,-4.71350488e-02,-1.12414583e-02,1.04318892e-01,3.90239115e-02
9.81686832e-03,-2.28986632e-02,1.16048294e-02,2.76952622e-02,6.80083994e-02,-4.30365506e-02,3.26162649e-05,1.84461293e-02,2.73311778e-02,-5.28744541e-02,-4.30976634e-03,7.84429123e-02,-2.29914057e-02
1.95143223e-03,-2.57678017e-03,3.39128347e-02,4.30915475e-02,8.56290132e-02,-6.37940441e-02,-6.40975972e-03,3.34034962e-03,2.36270005e-02,-4.26718867e-02,4.94963315e-03,8.80852434e-02,-1.09738681e-02
1.85652173e-02,1.28770115e-02,2.39071340e-02,1.62006976e-02,7.62620360e-02,-4.17980154e-02,1.02376140e-02,-1.48046707e-02,-2.52050489e-03,-5.68181306e-02,9.33397335e-03,5.98826044e-02,-2.20486600e-02
1.50933459e-02,9.50256846e-03,1.73741732e-02,1.08462777e-02,6.31545757e-02,-4.43670524e-02,-4.14318379e-03,-1.32522867e-02,-1.86098800e-02,-1.97936850e-02,-9.91444889e-05,-7.34546584e-03,-4.71837765e-02
1.11234100e-02,2.50927576e-02,-2.43735178e-03,-3.54008681e-02,2.40035161e-02,-1.00319653e-02,3.72908300e-02,-2.13046918e-03,-1.52740844e-02,4.97012390e-03,-1.12005075e-02,-7.08205853e-02,-5.81823711e-02
3.39334263e-02,2.61636665e-02,-6.90142639e-03,-4.38953541e-02,2.78948851e-03,-7.47057398e-03,2.49969473e-02,7.81416778e-03,-4.23624449e-02,1.21070536e-02,-1.52699347e-02,-4.81817214e-02,-6.52576140e-03
2.09587415e-03,4.98398870e-02,-2.23819136e-02,-2.54791979e-02,6.17437362e-03,-5.54070903e-03,3.41799490e-02,1.66581941e-02,-3.47473467e-02,4.65542848e-02,2.45231512e-02,-3.59811687e-02,4.59845660e-03
2.46011882e-04,3.84289479e-02,-3.25294181e-02,2.67979803e-03,-9.00513737e-03,6.85457395e-03,5.75585752e-02,3.80901058e-02,-2.32426493e-02,4.71952583e-02,1.97692784e-02,-4.92257532e-02,1.86472634e-02
-1.09586603e-02,-2.96036256e-03,-8.54303295e-02,-2.87757828e-02,-4.68500051e-02,-1.20961734e-02,5.96780539e-02,4.17615528e-02,-5.66665319e-03,4.01230558e-02,1.55720778e-02,-1.69286829e-02,4.58132452e-02
-3.92881402e-02,-1.68090269e-02,-5.86465352e-02,-1.39873719e-02,-7.60363731e-02,-1.38099434e-02,6.84488394e-02,4.12453198e-02,5.08917863e-03,4.20200106e-02,1.11952936e-02,-3.71490207e-02,-8.06816720e-04
-3.79711675e-02,-5.89666839e-02,-3.52746778e-02,4.59198702e-02,-3.64282473e-02,-2.20790206e-02,5.02763768e-02,1.52592764e-03,-1.85181052e-02,1.73386352e-02,1.42624304e-03,-7.21983640e-03,1.99932630e-03
5.29261843e-03,-5.15556879e-02,-1.25177601e-02,3.31507527e-02,-4.12250982e-02,-1.58423461e-02,5.19094452e-02,1.79823334e-02,-2.27383339e-02,-2.86570036e-02,1.44375189e-02,2.69274508e-02,1.25217832e-02
-6.15322336e-03,-4.11941203e-02,-6.88707033e-05,7.48380680e-03,-5.72728368e-02,-6.86664581e-02,-9.63420078e-03,3.78024503e-02,9.40458869e-03,-3.45398678e-02,3.41229800e-03,-7.55430747e-03,-3.77650646e-02
-2.33742142e-02,-6.37300317e-02,-3.14517256e-03,-3.08140648e-03,-4.15464420e-02,-3.53817566e-02,-6.65327047e-03,2.72676274e-02,1.76617645e-02,-2.15653571e-02,1.33304139e-02,-9.71787679e-03,-3.57046969e-02
-3.97952120e-02,-6.83457398e-02,5.12044795e-03,-6.33109622e-03,-4.13082485e-02,1.05720271e-02,-4.43841824e-02,-1.53304117e-02,-2.28636961e-02,-1.94103438e-02,4.30146215e-03,2.00945254e-02,-9.14491756e-04
-6.72570062e-02,-4.37959565e-02,-3.03192601e-03,3.92924208e-03,1.58626431e-03,1.30910812e-02,-8.81816897e-02,-1.84957635e-02,2.83410105e-02,4.11823160e-02,2.35639398e-02,-1.41592354e-03,-4.47605691e-03
-4.90842692e-02,-1.30902558e-02,-1.54108955e-02,1.55056821e-02,9.48199745e-03,4.30956428e-03,-1.03258918e-01,-2.38653314e-02,3.90226963e-02,5.06565429e-02,1.50052745e-02,-3.67293201e-02,-2.80837971e-03
-3.88530980e-02,-4.39555927e-02,-6.54457850e-02,-9.21776769e-03,3.72969799e-03,1.05938872e-02,-7.91583113e-02,-1.77422679e-02,4.55073385e-02,5.22627489e-02,2.28151090e-02,-3.09885231e-02,1.77248089e-02
-4.01967923e-02,-3.02087252e-02,-5.06767431e-02,1.00216406e-02,-1.25121486e-02,1.74558451e-02,-7.24620821e-02,-1.96659479e-02,5.96116421e-02,6.26742069e-02,3.34031211e-02,-5.96693332e-02,7.28154746e-03
-1.41213361e-02,-3.43038092e-02,-4.71388549e-02,1.18658864e-02,-1.22602037e-02,1.96682681e-02,-6.77885021e-02,-4.15330522e-02,3.89731953e-02,4.81743247e-02,1.97916254e-02,-6.11828063e-02,2.87366269e-03
4.34605051e-02,-4.38896622e-02,-7.01175839e-02,-1.95438749e-02,-3.07552448e-02,5.88650671e-03,-4.23034260e-02,-2.03298153e-02,4.04381558e-02,2.74477669e-02,2.14773899e-02,-2.88646281e-02,2.69798143e-02
5.30341962e-02,-5.25348817e-03,-4.06165824e-02,-2.90971832e-02,-3.85178836e-02,-2.58138257e-02,-4.29443028e-02,1.83546640e-02,7.50255597e-02,3.40618735e-02,1.10345708e-02,-4.18687829e-02,9.98005848e-04
3.25002039e-03,-4.26159141e-02,-4.28665066e-02,-4.51321073e-02,-1.07088047e-02,-2.54515684e-02,-2.06600718e-02,2.47938247e-02,7.63490236e-02,3.41084359e-02,2.37519381e-02,-5.45434047e-03,-2.60803189e-03
-8.36492076e-03,-3.95437817e-02,-4.33421107e-02,-4.91008050e-02,-1.31129939e-02,1.02215306e-02,-1.93045823e-02,-1.04589444e-02,9.31610710e-03,-3.07916065e-03,2.37207228e-02,3.57098670e-02,-3.05240360e-02
-4.58114313e-02,-3.05693750e-02,-2.29217496e-02,-4.17100398e-02,1.93209028e-03,2.57614870e-02,-2.56653025e-02,-1.04284794e-02,5.38498465e-02,4.23081954e-02,3.91369020e-02,2.68820665e-02,-4.22454160e-02
-3.53854861e-02,3.57577023e-02,2.64363027e-03,-4.10719791e-02,-4.66536191e-03,6.28692835e-03,-3.46665455e-02,-5.61378410e-02,4.52700470e-02,5.45888938e-02,-3.51457641e-04,6.80737128e-04,-4.91607360e-02
-2.92320504e-02,2.61889035e-02,6.62697471e-03,-4.41668145e-02,1.67029573e-02,3.74038738e-02,-8.94515798e-03,-6.29064261e-02,1.20236537e-02,3.02753062e-02,-1.01797052e-02,6.13209558e-03,-4.77481582e-02
1.00811225e-02,4.69062344e-02,4.40042721e-02,-2.42765168e-03,2.31655744e-02,4.60979746e-02,-1.09513515e-03,-9.61658025e-02,-9.00311929e-03,1.27083049e-02,-2.21254744e-02,-1.12088573e-02,-5.06155377e-02
1.18574835e-02,6.11775385e-02,6.71372520e-02,-1.04411480e-02,-8.89074110e-03,3.19639234e-02,5.16316785e-03,-9.03753543e-02,-6.63906874e-03,3.63936271e-03,-1.95654834e-02,-2.65720428e-02,-5.99603088e-02
2.41600765e-02,2.92707485e-02,2.04836798e-02,-6.51957200e-03,-1.43384769e-02,1.35176342e-02,3.57968298e-02,-7.24203961e-02,-1.77513171e-02,-1.15793526e-02,-1.06312712e-02,-5.53361262e-03,-1.24177204e-02
7.94533521e-03,1.53214057e-02,2.22866711e-03,1.41546284e-02,-3.40377032e-02,-8.64202649e-03,2.44892356e-02,-6.09709818e-02,5.24346612e-04,-1.73463864e-02,-3.63583547e-03,7.83383952e-03,4.02456935e-02
-4.01867385e-02,-3.67470093e-02,7.00266903e-03,3.32111927e-02,-4.69431552e-02,-3.65550706e-02,1.47116009e-02,-3.91275497e-02,2.49766980e-02,2.69050897e-02,2.18332267e-02,2.96660743e-02,6.43219780e-02
-1.71566609e-02,-4.92360843e-02,5.48332591e-03,4.93290544e-02,-4.19957824e-02,-3.48296830e-02,1.12440385e-02,-2.19286750e-02,-1.82732881e-02,1.33123333e-02,3.71901048e-02,4.20844366e-02,4.21041705e-02
-2.81898628e-02,-6.43310026e-02,7.99665600e-03,6.30474925e-02,-4.74709340e-02,-1.88661477e-02,9.70834777e-03,1.36072281e-02,2.42570597e-02,2.11264662e-02,4.81727514e-02,1.94316981e-02,3.22856027e-02
-5.66349691e-03,-2.96414218e-02,1.65264033e-02,5.62895061e-02,-7.06010087e-02,-1.59857935e-02,-2.74352399e-03,-1.79825748e-02,-4.89144377e-03,3.29992852e-03,8.97479704e-03,-1.75726344e-02,2.53067402e-02
-1.26834354e-02,-3.04094591e-02,-1.12514549e-03,4.21044688e-02,-3.53952157e-02,1.45665091e-02,-7.57676962e-04,1.57346214e-03,4.13656784e-03,-1.61021637e-02,1.19137118e-02,-3.19948792e-02,1.56826462e-02
3.68021681e-02,1.16238602e-02,1.89745336e-02,1.31658228e-02,-4.18203718e-02,1.35979539e-02,-4.19620729e-03,-1.06830590e-02,-1.53463450e-02,-2.22649064e-02,-3.32930010e-02,-4.90820068e-02,1.15919868e-02
4.23899667e-02,9.76419804e-03,3.42192386e-02,-2.67453874e-02,-3.21381569e-02,3.32326682e-02,8.27173509e-03,1.06658170e-02,7.04994642e-03,4.28850540e-03,-2.44755807e-02,-5.77180552e-02,-1.53225596e-02
3.47218010e-02,2.13224810e-02,3.87785727e-03,-5.63143673e-02,-1.14983801e-02,3.52959915e-02,3.08642436e-02,-6.19263568e-03,3.44366425e-04,7.65422512e-03,-2.53260147e-02,-4.55545649e-02,-2.68878424e-03
-2.37789268e-02,-1.91849270e-02,-3.23743435e-02,-9.25144147e-02,-1.77247956e-02,1.37956537e-02,1.26840498e-02,-3.22096352e-02,-8.54365833e-03,-2.96060912e-02,-3.95688655e-02,-4.72999500e-02,4.68652432e-03
-3.17840432e-02,-1.59661617e-02,-7.14356215e-03,-7.36491254e-02,2.17141893e-03,2.24255607e-02,2.02400057e-02,-3.52368109e-02,2.12674944e-03,-1.28816600e-02,-2.89165856e-02,-3.02500012e-02,1.71541605e-02
-1.16388911e-02,4.13456803e-03,2.55103015e-02,-4.85646626e-02,3.44471300e-02,3.92855574e-03,9.32259214e-03,-1.87081948e-02,2.10130969e-03,1.30632992e-02,-1.76539732e-02,-2.60861949e-02,1.46753148e-02
-2.69423451e-03,-1.33433482e-02,4.54769661e-02,-3.65756179e-02,5.54361066e-02,-1.26870962e-02,2.66776241e-03,2.71396414e-02,1.73530148e-02,2.28165121e-02,-2.90163025e-03,3.70395310e-03,-1.16148885e-03
3.30502671e-02,1.31533185e-02,5.88653494e-02,-1.95947584e-02,5.63276089e-02,-1.61448038e-02,-1.74869668e-02,2.64012643e-03,-9.97063821e-03,2.08240449e-04,-9.83501842e-03,5.41275045e-03,4.97060732e-03
8.02501657e-03,-9.29815671e-03,4.73791402e-02,-2.13661812e-03,7.16502964e-02,-8.60063007e-03,-1.62605347e-02,2.15833221e-02,2.09361540e-02,-1.47131496e-02,-2.09428851e-03,-1.76883888e-02,1.43801280e-02
4.27785108e-02,2.44785880e-02,3.36886746e-02,3.19494167e-02,4.15196045e-02,-3.62623028e-02,-4.74783400e-02,1.55681908e-02,1.32289218e-02,-4.07628481e-02,-1.96049486e-02,-7.09725189e-03,4.98693772e-02
2.97008396e-02,-4.02758595e-03,-2.97475883e-03,3.96169404e-02,2.12937804e-02,-3.92696879e-03,-2.21776870e-02,1.15533616e-02,6.67114624e-03,-2.83304818e-02,9.49856427e-03,6.14331049e-02,4.09102742e-02
2.49052977e-02,2.93187795e-02,-1.69278062e-02,5.66053582e-02,-4.93251063e-03,-1.90547975e-02,-2.28107228e-02,-7.05473578e-03,2.68312079e-02,-1.14751157e-02,-2.61583856e-02,6.98072870e-02,4.79982003e-02
-2.00295935e-02,1.41728775e-02,-3.71134167e-02,4.49426045e-02,-2.18781228e-02,-1.59084036e-02,7.37674472e-03,8.57968261e-03,1.77307384e-02,4.43759200e-03,-3.59700386e-02,7.85119640e-02,1.47470588e-02
-5.02222981e-02,2.00546279e-02,-3.34807211e-02,2.70592699e-02,-1.59495364e-02,4.08169618e-02,5.28972078e-02,-4.41341632e-03,4.33826418e-04,2.26282025e-02,-2.82105027e-02,5.03278584e-02,1.89446328e-03
-4.08071766e-02,6.36422486e-02,-3.48043385e-03,8.70645928e-03,1.40973485e-02,6.39999346e-02,4.95002201e-02,-3.96032205e-03,-9.69604484e-03,3.14297238e-02,-2.47949643e-02,3.09329700e-02,-1.22898396e-03
-8.28574905e-02,1.68522767e-02,1.33876467e-02,9.84721269e-04,5.55378886e-02,5.72897241e-02,5.17756598e-02,5.85948723e-02,-8.08300002e-03,6.32868011e-02,-2.83701648e-02,3.43450899e-03,-6.33017024e-02
-6.99838949e-02,2.89235942e-02,8.66621561e-03,-1.07033576e-02,4.76582588e-02,6.31831594e-02,3.78377720e-02,2.82650619e-02,-5.16739049e-02,5.48031711e-02,-1.57932465e-02,-1.52569580e-02,-5.35904911e-02
-9.33561301e-02,-6.58502639e-04,-9.12707628e-03,-2.39617484e-02,4.52856242e-02,5.96159893e-02,1.44705321e-02,8.10600509e-03,-4.24969616e-02,7.18435153e-02,-3.87032625e-03,-3.10923586e-02,-2.16718768e-02
-4.19328627e-02,2.35481662e-02,-6.70001928e-03,-4.17693784e-03,1.00631598e-02,2.75058595e-02,-2.71207358e-02,-1.99327983e-03,-3.89162229e-02,6.16505215e-02,1.28302637e-02,-3.14020546e-02,6.89001083e-03
-2.16453880e-02,-1.10307020e-02,-4.38699290e-02,7.16605772e-03,-3.43579305e-02,1.49544567e-02,-1.79180278e-02,-2.94840784e-02,-4.26933549e-02,3.75303258e-02,3.14749718e-02,2.06499266e-02,2.06257167e-02
-1.21294339e-03,-8.18114698e-03,-3.40920118e-02,2.65589034e-02,-4.14166793e-02,-1.46110809e-02,-1.97554313e-02,-3.70645119e-02,-2.55030177e-02,1.40557276e-02,-9.29714894e-03,1.00914436e-02,3.19098392e-02
1.13967630e-02,-1.05743964e-02,-3.65591084e-02,4.55601482e-02,-8.48893380e-03,-2.08050743e-02,4.28807548e-03,1.10466966e-02,-3.92840158e-03,1.33528608e-02,-1.56489581e-02,2.38774962e-02,3.86107521e-02
-1.89714930e-02,-1.31538214e-02,-2.56243805e-02,4.52085401e-02,-4.58376294e-03,-1.79435522e-02,4.98215515e-02,4.38219301e-02,-5.15088120e-03,3.12894878e-03,1.82297324e-02,4.99979718e-03,1.52050233e-02
3.77654698e-02,1.96848991e-02,1.82538315e-02,2.61160727e-02,1.56911511e-02,-2.17046387e-02,5.69182308e-02,6.15513603e-02,-9.08568295e-03,-2.39480847e-02,2.56791073e-02,1.61403356e-02,6.75175972e-03
1.78909891e-02,-4.50127552e-03,3.49434642e-02,2.50886380e-02,5.49294140e-02,-1.35907292e-02,7.88162652e-02,1.07459031e-01,2.64194782e-02,-2.85103526e-02,1.57727772e-02,-9.04082470e-03,-5.27046467e-02
-6.93321724e-03,-2.05344594e-02,5.00588774e-02,1.96461057e-02,7.08635337e-02,1.16284526e-02,7.93812805e-02,5.16334041e-02,-1.70299604e-02,-7.19397196e-02,1.52732509e-02,-2.08232811e-02,-6.25208247e-02
-2.35439585e-02,-4.94502104e-02,4.97853794e-02,2.44942392e-03,6.88237712e-02,1.81656298e-02,7.14526896e-02,2.53896938e-02,-1.23388058e-02,-4.03445386e-02,3.72187023e-02,1.93673310e-02,-5.32031792e-02
-1.72501651e-02,-6.92539590e-02,5.90183061e-02,-2.59616038e-02,2.04505381e-02,-1.72045774e-02,4.13697497e-02,1.63681750e-02,2.08070057e-02,-1.03919041e-02,5.71477242e-02,3.03469190e-02,-6.19981387e-02
1.90477346e-02,-6.27615417e-02,5.18075791e-02,-5.20531626e-02,-4.31802907e-02,-3.42921615e-02,2.98793271e-02,-4.60392120e-02,2.88312045e-02,-1.24764276e-02,6.31018996e-02,4.05249342e-02,-6.63210674e-02
4.66090118e-02,-1.62253501e-02,8.79519305e-02,-6.29588721e-02,-6.88725882e-02,-4.88845697e-02,-8.41277504e-03,-9.03577203e-02,8.91869283e-03,-1.42398088e-02,4.52163816e-02,4.34131421e-02,-5.98727466e-02
8.16789042e-02,2.87664551e-02,8.64833261e-02,-4.53299395e-02,-5.20132827e-02,-3.10148834e-02,-9.25963088e-03,-8.00443505e-02,8.43859477e-03,-1.36371775e-02,1.41912661e-02,2.79416775e-02,-3.13702045e-02
5.81353991e-02,3.56597185e-02,5.40912086e-02,-2.42072961e-02,-7.21615488e-02,-5.13823875e-02,-3.35418528e-02,-5.65747744e-02,-3.16112123e-02,-3.54763484e-02,-3.14950155e-04,-7.52652096e-03,-5.24495803e-02
4.50083288e-02,5.26653502e-02,6.76945155e-02,-5.57365384e-03,-6.42145086e-02,-3.54076701e-02,-3.71138992e-02,4.18125700e-03,-3.37126292e-02,-2.45115730e-02,-3.52407288e-02,-2.23111312e-02,-4.57714016e-02
8.71840107e-03,6.18467268e-02,4.48191830e-02,1.18003687e-02,-4.23900705e-02,-1.10968864e-02,-4.08393622e-02,2.52274960e-02,-4.69683030e-02,-4.42037675e-02,-4.91960756e-02,-3.25713797e-02,-1.80030703e-02
-3.31438848e-02,3.19570588e-02,1.22512904e-02,4.63648765e-02,3.07946371e-03,-6.83581712e-03,-6.05064844e-02,1.21547210e-02,-4.97277423e-02,-5.31758346e-02,-4.07077482e-02,-1.52616203e-02,3.88648911e-02
-5.47506268e-02,9.89138873e-03,-6.18455070e-03,3.89677210e-02,4.94372070e-03,8.01847091e-03,-5.25580104e-02,3.00270611e-02,-3.65526379e-02,-1.16350016e-02,-3.79373190e-02,1.48317946e-02,8.80614697e-02
-8.67632214e-02,-6.56580137e-02,-6.18381153e-02,3.91956298e-02,1.69912700e-02,-1.72845124e-03,-6.86841858e-02,6.19284123e-02,2.63546050e-02,4.18766259e-02,-2.65741800e-02,4.27997883e-02,1.18474488e-01
-7.51182653e-02,-4.00130641e-02,-5.99315864e-02,6.55283236e-02,5.87931011e-02,3.20395573e-02,-4.26415048e-02,5.13186449e-02,4.45620665e-02,5.75756889e-02,-1.32705055e-02,4.47919306e-02,8.66633786e-02
-5.52837610e-02,-4.61164103e-02,-5.22610716e-02,4.63072437e-02,5.21220997e-02,1.79663691e-02,-6.87091687e-02,3.11536831e-02,3.99155576e-02,6.92656424e-02,4.75782721e-03,5.47937102e-02,9.44280803e-02
2.84667448e-02,3.11491018e-02,-2.87484807e-02,7.50838635e-02,8.95709272e-02,3.73257315e-02,-2.65200141e-02,3.22576463e-02,4.19472650e-02,7.42976884e-02,4.22483737e-02,5.74678903e-02,9.52421447e-02
7.38679810e-02,1.07045774e-02,-4.22977882e-02,7.24845184e-02,6.84231003e-02,-7.14890747e-03,-4.48267195e-02,4.42423033e-02,2.28078828e-02,6.16219040e-02,4.34764852e-02,4.51174135e-02,7.57689648e-02
9.73049994e-02,2.33393333e-02,-1.94339059e-02,6.99868387e-02,7.72990751e-02,3.45422570e-02,3.00199100e-03,7.50578179e-02,2.91490329e-02,6.71896817e-02,-8.44136055e-03,1.36031358e-02,2.52502640e-02
1.10041586e-01,2.46943525e-02,-4.42887424e-03,6.75859016e-02,7.84005353e-02,4.00133216e-02,1.42703205e-02,5.47166813e-02,-2.19376336e-02,6.72688605e-03,-1.19271239e-02,-1.82266247e-02,1.09591368e-02
1.20535794e-01,6.26363403e-03,2.08027145e-02,1.01470350e-01,6.83190638e-02,1.42445253e-02,7.09468382e-03,1.14068149e-02,-1.87814211e-02,-1.92905471e-03,2.40346786e-02,-3.74268154e-03,1.10878556e-02
1.12741225e-01,7.17108078e-03,5.52377677e-03,6.14933393e-02,2.91565958e-02,-2.46814140e-02,2.25216348e-02,1.82100113e-02,-6.09244181e-02,-3.52096651e-02,3.26242406e-02,-3.11506845e-02,1.86300278e-02
9.41990594e-02,-3.81154948e-02,-2.18123276e-02,5.02053224e-02,7.80786763e-03,-2.69549907e-02,2.07841040e-03,1.37874813e-02,-4.51576064e-02,-8.07730618e-03,3.69728666e-02,-2.06061338e-02,3.18068102e-02
8.27884974e-02,-2.01477525e-03,2.72754856e-02,7.55788885e-02,2.42944161e-02,-2.41601756e-02,2.46348071e-02,2.43369487e-02,-5.85522395e-02,-1.80211217e-02,1.50820584e-02,-2.32516008e-02,-1.28032797e-02
3.66598344e-02,-3.89957901e-02,1.49969412e-02,3.89949652e-02,7.85189387e-03,-1.68554583e-02,2.18653915e-02,4.11480275e-02,-3.47461078e-02,-7.30158461e-03,7.61550289e-03,-2.36527699e-02,-3.22673452e-02
5.11439996e-02,9.01785777e-03,4.11438459e-02,4.94705512e-02,1.53164111e-02,3.36344457e-03,3.94558088e-02,1.65695920e-02,-2.72043988e-02,8.04657218e-03,2.96106921e-03,-7.96724331e-03,-3.79141553e-02
2.06194353e-02,5.66821053e-03,3.93699982e-02,2.61788071e-02,-4.55457604e-03,-4.84003270e-03,3.41298667e-02,3.90354168e-02,8.93902359e-03,1.65162469e-02,1.53195085e-02,7.11913264e-03,-1.16996805e-02
-1.79165750e-02,-1.68965475e-02,2.63243478e-02,2.72518480e-02,1.00933809e-02,3.19877371e-02,6.35217328e-02,5.30839326e-02,7.06647292e-02,5.41651365e-02,-3.22878970e-02,-7.07929526e-03,-1.85731074e-02
-2.44536435e-02,-2.91738497e-02,1.49482135e-02,-1.08567198e-02,-8.28373095e-06,2.92157596e-02,5.89097319e-02,3.92939086e-02,8.65111091e-02,2.87185562e-02,-5.14677326e-02,-1.31855934e-02,-1.00741417e-02
-2.48641776e-02,-2.59712062e-02,5.48402378e-02,3.54160684e-02,-1.88712078e-03,3.08655009e-02,2.02624307e-02,-1.36054591e-02,1.15041888e-01,5.13934841e-02,-3.91874689e-02,8.47983445e-03,6.47734930e-03
-5.48183186e-03,-4.57352381e-03,4.36345534e-02,-3.36329275e-03,-3.53660936e-02,3.06611456e-03,1.81523287e-02,3.54919628e-03,6.20720665e-02,-4.08556139e-04,-6.60464447e-02,-2.57410551e-02,6.16134909e-03
-9.32584280e-03,-6.95395488e-03,2.73924823e-02,3.95108907e-02,-9.26303679e-03,1.66933057e-02,-2.51275023e-03,-2.13097436e-02,5.64198552e-02,3.37552577e-02,-3.44444692e-02,-7.94915114e-03,2.67890689e-02
2.11518853e-02,8.54672361e-03,5.30253862e-02,4.63819160e-03,-3.89800775e-02,-1.90362566e-02,-2.35783121e-02,-2.77530350e-02,-3.79127727e-03,-2.66032204e-02,-4.18771590e-02,-7.30944562e-03,3.13435194e-02
1.38291567e-02,9.29519575e-03,3.37880055e-02,1.04401572e-02,-8.39186204e-03,7.20335374e-03,-9.33264720e-03,-1.82558793e-03,2.79801292e-02,-1.81515876e-02,-1.65361404e-02,-1.85219060e-03,9.71613643e-03
2.85505913e-02,1.94218752e-02,3.70057616e-02,-2.79107325e-02,-3.30168513e-02,-4.29561501e-03,-9.96298560e-03,-9.71882808e-03,-3.10717794e-03,-3.80967265e-02,-3.25693727e-02,2.33850746e-02,1.06780878e-02
2.82694913e-02,5.51928677e-02,3.50038843e-02,-3.44012855e-02,-1.50348626e-02,1.72112527e-02,-9.93990187e-03,-6.34961454e-03,1.35607729e-03,-5.01019010e-02,-1.94431437e-02,4.24318061e-02,2.43173187e-03
4.69079730e-03,3.35873920e-02,3.06024679e-02,-2.02140924e-02,-1.30180757e-02,1.50644109e-02,6.93148921e-03,-6.94082217e-03,8.55874892e-03,-2.99262878e-02,-1.38576888e-02,2.64642319e-02,5.03906232e-03
1.64869156e-02,2.75742118e-02,1.81234463e-02,-4.25693226e-02,-4.14610727e-03,2.39702674e-02,1.77406686e-02,-4.16963563e-03,1.61278769e-02,-3.79022527e-02,-1.25723312e-02,2.17026558e-02,-2.08293953e-02
6.09363992e-03,2.42495418e-02,2.56115924e-02,-3.33373750e-02,-2.06059869e-02,2.40073958e-02,2.09904269e-03,1.48398505e-03,1.38902047e-02,8.95524986e-04,8.65980320e-03,2.12045645e-02,-5.35533257e-03
1.95306944e-02,3.22601918e-02,1.28674192e-02,-3.21772900e-02,-4.08036742e-02,1.78125315e-02,-1.42810303e-02,2.73296500e-02,-3.24550384e-03,-1.42533721e-02,-2.09077721e-02,-9.12588717e-03,-8.35169308e-03
6.76231887e-04,3.05929486e-02,3.46146682e-04,7.67010768e-03,-1.86249107e-02,1.86497508e-02,-1.64882451e-02,1.61653118e-02,-2.12115277e-03,2.55107930e-02,2.60170564e-02,-9.32464437e-04,1.41049643e-02
1.55683239e-02,2.69730283e-02,-1.62778883e-03,4.94893318e-03,-1.58039020e-02,-1.44040515e-03,-1.54957601e-02,1.20296757e-02,-2.97820889e-02,-6.27974455e-03,2.07394933e-02,-2.47588732e-02,4.27018116e-04
-5.23070780e-02,-2.85755443e-02,-5.86683068e-02,5.92047861e-03,1.20429738e-04,-2.95630312e-02,-6.63273261e-03,-6.43492851e-03,-5.83125937e-03,1.48771811e-02,4.89649623e-02,-2.68913866e-02,-2.91986373e-03
-5.65092865e-02,-1.56208489e-02,-5.97569924e-02,2.01243181e-02,-1.88394257e-03,-4.46979946e-02,1.68182399e-02,-4.16406193e-02,-2.05766261e-02,-9.95927928e-03,2.44749760e-02,-3.61747665e-02,-3.35073364e-02
-1.13229157e-01,-2.42891877e-02,-7.92487471e-02,1.38103596e-02,2.02876020e-02,-2.45944831e-02,3.66373347e-02,-5.77683130e-02,-3.81332717e-03,9.09891686e-03,2.71660571e-02,-1.41861697e-02,-5.27709530e-02
-1.16464658e-01,2.14302944e-03,-4.63323698e-02,2.44576057e-02,1.35689879e-02,-3.08212161e-02,5.76731386e-02,-7.89024671e-02,-1.71353746e-02,1.13450841e-05,-5.60645990e-03,-2.14452295e-02,-5.56430075e-02
-1.08296142e-01,1.54795370e-02,-6.61208903e-02,-1.60399038e-02,4.61151888e-02,-1.52003591e-02,5.42968970e-02,-7.50545125e-02,-1.49884404e-03,3.17835296e-03,-2.41368924e-02,-1.08675704e-02,-7.26573552e-02
-1.08536483e-01,6.11715270e-02,-1.70820811e-02,-5.74179442e-02,2.33605129e-03,-3.55914697e-02,3.12822239e-02,-5.83432221e-02,1.96834807e-02,2.45627951e-03,-5.74293165e-02,-8.30606852e-03,-4.97052076e-02
-9.14371832e-02,9.85829846e-02,7.06583110e-03,-2.83409018e-02,2.09373861e-03,-3.43417683e-02,7.71393142e-03,-1.11481793e-02,6.10813371e-02,3.62111910e-02,-7.97271808e-02,-2.55097970e-02,-3.49449953e-02
-8.89765586e-02,1.11774431e-01,2.01142554e-02,-5.28936505e-02,-3.68124670e-02,-1.96680642e-02,-1.66814446e-02,-1.50243548e-02,5.33996025e-02,4.73187384e-02,-6.01624242e-02,-6.49075482e-03,2.05840471e-02
-4.62936171e-02,1.20416829e-01,4.12167894e-02,-5.99021326e-03,-9.58533777e-03,1.49833782e-02,-2.64290586e-02,8.16144509e-03,5.73224062e-02,6.48593503e-02,-3.15841918e-02,-1.25630414e-02,2.56156419e-03
-6.20059921e-02,5.25022900e-02,1.18947666e-02,-2.80081482e-02,-3.08518607e-02,1.94561014e-03,-3.61035383e-02,-1.63461739e-03,3.68522035e-02,6.62063401e-02,6.85943011e-03,1.56828189e-02,3.93109617e-02
-3.73537640e-02,1.80935194e-02,4.03393418e-03,7.70794276e-03,-7.43082402e-04,3.01554065e-02,-9.55302077e-03,-2.11447451e-02,8.73242883e-03,5.25290237e-02,1.13340093e-02,1.78728267e-02,2.86292210e-02
-4.70565428e-02,-1.81699143e-02,-1.39878696e-02,-3.57489093e-03,1.22668911e-02,5.28921336e-02,-7.49747202e-03,-4.86325945e-02,-2.25819390e-02,6.21748404e-02,4.73974911e-02,3.35222131e-02,2.54736179e-02
-1.33931208e-02,-1.90331991e-02,-1.45112051e-02,3.36593402e-02,1.98449349e-02,5.88361502e-02,2.70279940e-02,-6.35231902e-02,-7.62596736e-02,3.70014828e-02,4.01263859e-02,2.65668331e-02,1.83485267e-02
8.18682734e-03,-2.44145953e-02,-6.02541724e-02,-3.92839373e-03,6.08048286e-02,6.37061483e-02,1.34923534e-02,-4.33078275e-02,-9.04750256e-02,1.66746899e-02,5.43854734e-02,3.42228759e-02,2.18621958e-03
2.28919019e-02,-2.64069746e-02,-8.74029501e-02,-4.25640811e-02,6.15704051e-02,2.05207860e-02,4.57108184e-03,-3.41926957e-02,-8.58032610e-02,-4.67249377e-02,1.74067495e-02,2.26692663e-02,-1.69278412e-02
6.02448230e-02,-3.83648138e-03,-6.45312347e-02,-4.39528752e-02,1.01078457e-01,-2.40724575e-03,-7.02801400e-03,1.58954255e-02,-2.22555030e-02,-4.68477489e-02,1.22425766e-02,-4.88763956e-03,-2.94422522e-02
4.05264259e-02,-2.92048729e-02,-7.34704891e-02,-9.82147259e-02,4.47171172e-02,-3.36424696e-02,3.08598838e-03,1.52958833e-02,-1.88406886e-02,-6.73694747e-02,-9.15363246e-03,1.94685256e-02,-2.28300743e-03
3.09152987e-02,-2.87245251e-02,-5.24049225e-02,-7.25780567e-02,5.08953399e-02,-3.24197611e-02,-2.22159010e-02,2.36573224e-02,6.42290773e-03,-5.09724724e-02,-8.23872808e-03,-1.56192447e-02,-3.27179539e-02
2.74186810e-02,-3.63952367e-02,-2.02920817e-02,-8.11661941e-02,-1.17850951e-02,-2.97262543e-02,-7.53424814e-03,9.24022467e-03,-1.30025228e-03,-7.25108240e-02,-2.74119990e-02,-1.78077428e-02,-4.14639356e-02
4.92269338e-02,-3.47722869e-02,7.24006665e-03,-6.60169959e-02,-3.13654360e-02,-5.72135417e-03,2.08357936e-02,1.99807438e-02,1.13718007e-02,-5.77765765e-02,-4.92542895e-02,-2.72036325e-02,-3.18397913e-02
5.27029820e-02,-6.52707407e-03,4.63156687e-02,-4.66430095e-02,-4.95308728e-02,2.28323811e-02,4.17281877e-02,1.91173939e-02,1.81948458e-02,-3.64636688e-02,-4.87930503e-02,-3.67370653e-02,-3.54289919e-02
8.01198323e-02,2.67013430e-02,7.24299197e-02,6.83566965e-03,-8.01240973e-02,9.18366952e-03,5.26618138e-02,1.86075937e-02,6.60147628e-03,-2.75359613e-02,-4.59796789e-02,-3.91223538e-02,-1.24632469e-02
5.30192265e-02,3.22635125e-02,5.66598943e-02,1.89092015e-03,-1.01533805e-01,7.53606984e-03,2.81172129e-02,2.04893602e-02,1.63279407e-02,-2.76168541e-03,-3.23685389e-02,-4.45461837e-02,-4.22671590e-02
7.06337029e-02,2.76777273e-02,1.89646592e-03,7.39420965e-03,-9.69114277e-02,-1.70777285e-02,2.61407358e-02,1.76705181e-02,-4.48023075e-03,-3.93168310e-03,-3.60677493e-02,-4.78921298e-02,-4.83200455e-02
8.75267405e-02,5.07984058e-02,1.75289350e-02,3.54905078e-02,-6.30997392e-02,-3.47508889e-03,1.52272676e-02,1.78465321e-02,5.18684910e-02,1.76236573e-03,-1.09323760e-02,-4.10044651e-02,-4.83735180e-02
7.17607597e-02,-2.48898386e-03,-2.66363710e-02,9.19788733e-03,-5.30976540e-02,-2.91688204e-02,5.81392752e-03,1.85788726e-02,4.64339892e-02,-6.40824491e-04,-4.92104368e-03,-4.26712385e-03,-2.29340267e-02
4.87547725e-02,-6.51025152e-03,-3.78718350e-02,1.43390746e-02,-7.64749859e-03,7.03250883e-04,-1.80712216e-02,2.61440704e-03,4.44262795e-02,2.46198718e-02,4.84788197e-03,-2.20913738e-02,-2.08056094e-02
-3.43158817e-03,-3.36849828e-02,-5.90443811e-02,-2.78770494e-02,1.09828308e-03,2.77878811e-02,-2.70748037e-02,-4.44682542e-03,4.12472499e-02,4.40002965e-02,5.46777327e-03,-1.18884627e-02,1.24479355e-03
5.64878318e-03,-3.22085862e-02,-7.46972595e-03,-4.60641070e-02,2.00390530e-02,2.40011622e-02,-8.98904296e-02,-1.70981982e-02,4.49891361e-02,5.83055259e-02,6.06308050e-03,-2.47242851e-02,4.06499517e-02
-9.00847348e-03,-1.63792036e-03,-5.70721876e-03,-7.69213029e-02,3.51996462e-02,5.13654837e-02,-9.77173702e-02,-4.64451279e-02,3.38515176e-02,7.33602156e-02,1.57078746e-02,-4.40374821e-02,7.19844425e-02
-8.12126618e-03,2.88537224e-02,1.66602388e-02,-7.30465337e-02,6.51959935e-02,2.63995863e-02,-1.20585332e-01,-1.56414808e-02,6.84367581e-03,5.05658388e-02,2.89114734e-02,-3.32983897e-02,1.25505643e-01
-1.28092396e-02,4.39844428e-02,3.13178807e-02,-5.49850461e-02,4.43625013e-02,1.81068159e-02,-1.19657418e-01,-1.27344114e-02,-3.76232067e-02,2.01855670e-02,4.82360303e-02,-3.10713604e-02,1.05219188e-01
8.98922400e-03,3.45181515e-02,2.68989939e-02,-5.93873750e-03,6.90868936e-02,-1.90646025e-02,-1.15375003e-01,-2.95137381e-02,-7.09620362e-02,-1.31467815e-03,7.97686781e-02,8.45366787e-03,1.34545772e-01
-1.44450696e-03,4.70249707e-02,5.79821836e-02,3.97470797e-02,6.57979285e-02,-8.30798040e-03,-7.22170533e-02,-4.92624914e-02,-6.08890791e-02,-2.00516718e-02,9.62590668e-02,2.32538404e-02,1.18879474e-01
-9.68356950e-04,7.81989746e-04,4.44519493e-02,4.26384761e-02,6.39059583e-02,-5.58641107e-02,-3.97349047e-02,-6.11172637e-02,-5.22859357e-02,-1.42141372e-02,9.53341815e-02,5.03951976e-02,1.08395153e-01
-1.02379128e-02,-1.27980571e-02,4.77811593e-02,7.97100270e-02,7.07412173e-02,-4.95706287e-02,4.20062609e-03,-6.50040294e-02,-7.11660045e-02,-3.20515945e-02,8.18689284e-02,6.70174152e-02,7.12384186e-02
-1.96253420e-02,-5.35653708e-02,-5.18521004e-03,7.19732016e-02,6.32253665e-02,-2.23997901e-02,4.28765533e-02,-4.14944177e-02,-4.26698396e-02,-2.80802264e-03,7.36825906e-02,9.22027405e-02,4.83687676e-02
-1.55555589e-02,-7.73627626e-02,2.42896453e-02,7.48007594e-02,5.81756591e-02,-1.14126601e-02,2.39351229e-02,-3.51395498e-02,-2.30263558e-03,3.14748468e-03,4.56827198e-02,8.25739093e-02,1.44302176e-02
-3.47876645e-02,-6.43125501e-02,1.41252597e-02,3.29507942e-02,3.18970852e-02,2.57398748e-02,1.80914747e-02,-6.87756427e-02,1.55759482e-02,3.68215085e-02,4.08241285e-02,6.10640306e-02,4.77112800e-03
-5.96579610e-02,-5.06063298e-02,2.49836779e-03,-2.19062240e-02,3.88068316e-02,1.45021649e-02,3.47504289e-03,-5.89373647e-02,2.73499653e-02,4.85730592e-02,2.22963160e-03,2.93866351e-02,-1.63466949e-03
-4.41305009e-02,-3.03379956e-02,-1.33826544e-02,-3.55836976e-02,-6.33765753e-03,4.22465889e-04,-1.20663822e-02,-1.19790460e-02,2.06418314e-03,1.64851313e-02,-6.89198625e-03,9.02299086e-03,-1.34949243e-02
-2.15402535e-02,-3.58698872e-02,-4.79004172e-02,-2.35736200e-02,-9.94765101e-03,-6.64527561e-03,-2.66124852e-02,-1.07276557e-02,9.12156025e-03,-2.09512792e-02,-1.12444551e-02,1.50439296e-02,9.58648292e-03
4.32301172e-03,-1.70600498e-02,-4.86510644e-02,-1.20728844e-02,-9.07508057e-03,1.24954129e-02,-3.38514189e-02,-8.23117490e-03,2.30304968e-02,-3.90013738e-02,4.50240236e-03,9.88027803e-03,4.22786935e-04
3.40088189e-02,-1.68257634e-02,-2.80289659e-02,-1.83853175e-02,-2.26705470e-02,1.14078966e-02,-1.94054455e-02,-1.37092676e-02,3.48028233e-02,-3.23850382e-02,-8.15121143e-03,5.92914900e-03,-2.68540484e-03
2.83511053e-02,-3.44869594e-02,-2.82596213e-02,-7.39345324e-03,-2.57821724e-02,-8.76469921e-03,-8.26851511e-03,8.93284951e-03,2.64438420e-02,-3.25341614e-02,-1.22618060e-02,2.23172917e-02,-6.77747646e-03
2.75645274e-02,-6.41128754e-02,-4.45735317e-02,-2.16456025e-02,-2.76070161e-02,-2.16420186e-02,-1.66672061e-02,3.27190089e-02,3.51309907e-02,-4.07738770e-02,-1.44780158e-02,3.11354346e-02,1.79873128e-02
3.60181388e-02,-5.57878992e-02,-3.46453608e-02,-4.35147319e-03,-2.23572938e-02,-1.87681715e-02,-7.29173228e-03,6.09465855e-02,5.70101773e-02,-4.72976468e-02,-1.40700157e-02,4.98703621e-02,1.86531048e-02
1.17998811e-02,-6.06420066e-02,1.86146285e-02,1.19186692e-02,-2.75759951e-02,5.35025771e-03,6.17381986e-03,6.92949016e-02,4.37529909e-02,-2.11428098e-02,2.17592021e-02,5.48757059e-02,4.28060814e-02
-6.82414306e-03,-3.69521538e-02,6.84987733e-02,8.44880796e-03,-1.54666100e-02,7.30917157e-03,4.03952282e-02,4.02732642e-02,2.84444010e-02,-1.14450820e-02,1.36574990e-02,3.36328505e-02,4.71453234e-02
-1.85323679e-02,-2.72511697e-02,9.45479335e-02,1.80943890e-02,-1.94550711e-02,-9.81507065e-03,2.18036644e-02,3.36364463e-02,2.39959037e-03,1.14579747e-03,4.01395573e-03,2.03540701e-02,5.82817071e-02
-3.54747260e-02,-3.03909318e-02,8.05760053e-02,-5.53123193e-03,-2.82896946e-02,-8.76735363e-03,3.82194731e-02,2.86476960e-02,-1.90048939e-02,-2.45708686e-02,-1.82889578e-02,-1.30253333e-03,5.16145798e-02
-3.93328661e-02,5.35123748e-03,8.04683086e-02,9.35333842e-03,-2.14583369e-02,-2.09128589e-02,1.55172882e-02,9.59271831e-03,-1.83591088e-02,-8.92447192e-03,-3.38484971e-03,-6.65448066e-03,3.01610343e-02
-1.04668047e-02,1.61674129e-02,8.41556941e-02,1.06256917e-02,-1.74356204e-02,1.66213620e-02,2.68733265e-02,3.02186726e-03,-3.22069636e-02,-2.17977382e-02,-1.62308053e-02,-3.67759546e-02,-4.72316332e-03
-1.70379769e-02,-1.29873350e-02,4.71361838e-02,4.45361843e-03,-2.76288471e-02,1.37452058e-02,2.29744725e-02,5.72835060e-03,-1.57363174e-02,-2.77166331e-03,-1.55649220e-02,-4.07035963e-02,-6.61914962e-03
-1.16322522e-02,-4.23039211e-02,6.67160905e-03,-3.97061270e-02,-3.87240287e-02,-8.22218007e-03,5.19536360e-03,-1.64943185e-02,-3.14123788e-02,-2.77420980e-02,-3.22691423e-02,-6.99234841e-02,-1.61683182e-02
-2.91942482e-03,-1.90386115e-02,-4.40722232e-02,-3.68847086e-02,-4.36720791e-02,4.54675536e-03,7.82130395e-03,-1.19483664e-02,-1.60465682e-02,-2.21272832e-02,-2.14784055e-02,-5.21391532e-02,-4.76373365e-02
7.91039076e-03,3.09359161e-02,-8.08837988e-02,-2.06636235e-02,-4.57573694e-02,2.70825309e-02,1.59990132e-02,-1.89541552e-02,-2.62297357e-02,-1.14235811e-02,-1.43624469e-03,-4.41962584e-02,-7.86152496e-02
-1.91758509e-02,3.55773098e-02,-9.58783080e-02,-1.61132228e-02,-4.04731562e-02,5.96363805e-02,5.59951884e-02,-1.82951140e-03,-2.18870829e-02,-1.68924060e-02,-7.42754059e-04,-3.62664926e-02,-1.29288307e-01
6.48261429e-03,8.02696482e-02,-8.46169498e-02,-7.50713305e-03,-2.78184539e-02,7.78278323e-02,3.61367038e-02,-4.03610498e-02,-1.66233590e-02,1.12005118e-02,-3.41002881e-03,-4.34319202e-02,-1.27219749e-01
-1.76169224e-02,5.82124257e-02,-1.16004565e-01,-2.35794021e-02,-1.85549653e-02,9.14072580e-02,6.07415938e-02,-2.02916504e-02,-7.53497888e-03,3.90526754e-03,-1.96385185e-02,-3.35999765e-02,-1.34135061e-01
-4.25365797e-02,1.11322783e-01,-7.26325015e-02,-6.94686746e-03,1.61700239e-02,6.92062415e-02,5.13269190e-02,-1.36879166e-02,-6.78753585e-03,4.96574377e-02,-3.46748867e-02,-4.74345934e-02,-1.29312723e-01
-4.13824598e-02,1.12737146e-01,-6.58214840e-02,1.26065630e-02,4.92973827e-02,8.74273400e-02,9.92608545e-02,2.46128425e-02,-4.15405593e-03,6.24613371e-02,-3.84580573e-02,-3.75385151e-02,-1.18949424e-01
-3.46253771e-02,8.81164803e-02,-7.02929048e-02,1.44760416e-02,4.63337626e-02,9.19548288e-02,7.70633711e-02,4.30169330e-02,1.77585030e-02,5.80417803e-02,-3.56797222e-02,-1.49460342e-02,-6.79196004e-02
-3.98871326e-02,3.86242873e-02,-6.39454051e-02,-2.95256137e-02,2.96574158e-02,6.83374325e-02,5.36007260e-02,3.22853452e-02,2.67161040e-02,6.13064104e-02,-2.61880631e-02,-1.74578479e-02,-2.13962738e-02
-3.43808778e-02,3.23440114e-02,-3.92994305e-02,-3.74291423e-02,2.03412170e-02,6.90912974e-02,3.61254995e-02,1.27226940e-02,2.05098310e-02,4.74778461e-02,-2.90784680e-02,-1.07969604e-02,3.31834319e-03
-1.35466408e-02,4.86976251e-02,-4.06901498e-02,-3.99200942e-02,1.62604833e-02,3.64261481e-02,1.48853670e-02,6.58565582e-03,2.03092201e-02,4.65639097e-02,-3.41064831e-02,7.06275676e-03,2.13793609e-02
-3.50844400e-02,3.77492287e-02,-1.05563129e-02,-2.62566966e-02,-2.91656292e-02,2.05639942e-03,2.81957006e-02,1.78229062e-02,2.04167831e-02,2.35859028e-02,-2.26540726e-02,3.67309974e-02,-6.97465743e-03
1.51866600e-02,5.58036872e-02,2.23749126e-02,-1.70315581e-02,-5.40759776e-02,-2.34629089e-02,-1.79809661e-02,-2.83228008e-02,2.29490923e-02,3.32564794e-03,-7.82857440e-03,3.87922662e-02,2.93574206e-03
4.21699370e-03,9.23508134e-03,-2.61839962e-03,-9.80513655e-03,-6.03089994e-02,-3.25866442e-02,-2.38248786e-02,-3.37468597e-02,2.80807917e-02,-2.54622414e-02,-6.88812324e-04,6.54095282e-02,-1.76949371e-02
5.01701384e-03,1.08166109e-02,4.01029770e-02,-7.77944597e-03,-5.56054426e-02,-7.85837940e-02,-4.68854169e-02,-2.91127057e-02,2.86230412e-02,-1.73803139e-02,1.10405672e-03,3.77869545e-02,-6.96877282e-03
5.02933599e-03,-2.77646853e-02,5.86367106e-02,8.43524387e-03,-2.81834251e-02,-8.96165755e-02,4.99275356e-03,2.48208039e-02,2.46484396e-02,-2.95533786e-02,8.71196570e-03,5.07402010e-02,-1.13765654e-02
6.08191803e-02,-3.44222779e-02,5.08818795e-02,3.58420441e-02,-4.49981158e-02,-1.00068095e-01,-6.30487682e-03,1.35938431e-02,5.91917517e-03,-4.81344179e-02,5.91558273e-03,6.01140215e-02,-8.09350310e-03
2.64158367e-02,-8.32070614e-02,8.18739371e-03,1.88723602e-02,-2.13360536e-02,-6.30027897e-02,-2.94678049e-03,2.89902401e-02,3.01953846e-02,-3.77744972e-02,2.60886809e-02,3.67900710e-02,-1.85451657e-03
5.77189490e-02,-3.93121489e-02,2.53664555e-02,-5.78747809e-03,9.77362317e-04,-4.03863596e-02,-1.86674804e-02,1.12743536e-02,-1.47390074e-02,-5.76508073e-02,1.38606828e-02,7.01135442e-03,-2.49716556e-02
4.71806055e-02,-7.06168588e-02,6.07483810e-03,-1.54793746e-04,4.50030873e-02,-4.47350774e-03,5.02216598e-03,3.55357575e-02,-5.23177372e-03,-1.83971870e-02,-1.07008385e-02,-2.03829379e-02,-2.78573822e-02
6.12765086e-02,-2.55908808e-02,2.46831093e-03,-7.26915594e-04,2.29395273e-02,-2.29536046e-02,3.28629074e-04,2.40545669e-02,-1.57509885e-02,-3.99868892e-02,2.44091134e-04,-2.43516241e-02,-3.75648074e-02
6.76139927e-02,-1.50611308e-02,1.15207504e-02,3.04251561e-02,1.49795037e-02,-9.34538167e-03,1.20892443e-02,3.14534446e-02,-1.35331406e-03,-2.21761211e-02,-1.69958064e-02,-3.19255692e-02,-2.28398565e-02
4.83169721e-02,-2.48695332e-04,-5.84739633e-03,3.32687199e-02,5.43081756e-04,-2.23841357e-02,-2.29205721e-02,4.78779200e-03,-4.01699051e-02,-1.96963079e-02,-3.37848954e-02,-3.50039811e-02,-4.13499956e-02
1.02492986e-02,-2.92489298e-04,-9.95456544e-04,6.48561954e-02,-3.94073025e-03,-2.62637021e-02,-4.38600029e-02,5.60289255e-03,-2.11485900e-02,1.35869467e-02,-3.68924295e-02,-4.47652925e-02,-3.00300240e-02
-9.82253376e-03,-8.04675828e-04,7.91423772e-03,6.98003572e-02,-2.68215259e-02,-4.67379425e-02,-5.15899640e-02,2.10105731e-02,2.50423950e-03,7.59654237e-03,-3.64164900e-02,-3.18740433e-04,-2.74515041e-02
1.56809678e-02,-6.13173135e-03,2.79697827e-02,7.35497714e-02,-3.81104231e-02,-4.25416417e-02,-6.26379378e-02,1.03410190e-02,1.79073170e-03,3.72313862e-02,-4.37493149e-02,2.68980498e-02,8.40986354e-03
-5.11610415e-02,-4.47179124e-02,2.91038825e-03,2.31375484e-02,-3.33780520e-02,-2.12873303e-02,-5.46399445e-02,1.61429110e-02,1.95505305e-02,2.59738476e-02,-3.75122179e-02,1.72336603e-02,5.00035421e-02
-1.74862633e-02,2.61521160e-03,3.91868947e-02,-2.61452014e-04,-3.42413754e-02,-4.07713933e-02,-7.69088810e-02,6.43337597e-03,-1.58099920e-03,1.82146242e-02,-5.92092731e-02,3.10615819e-03,5.18203524e-02
-8.29331158e-02,-2.41605399e-02,3.31235703e-02,9.75089282e-03,-2.43231059e-02,-2.80455814e-02,-3.97617649e-02,7.12340099e-02,5.75962308e-02,5.44344180e-02,-4.89041603e-02,1.41712516e-02,8.09769957e-02
-5.26628504e-02,-9.53844305e-03,-1.11033906e-02,-1.35148191e-02,2.09152348e-03,-1.93207054e-03,-6.37074269e-02,5.89769009e-02,4.64536269e-02,2.68661887e-02,2.02451085e-02,1.58947364e-02,8.04046968e-02
-1.16758041e-01,-8.98484512e-02,-7.18527512e-02,-5.72024574e-02,-1.59481085e-02,6.68858314e-03,-3.63368455e-02,7.18605080e-02,2.44102251e-02,3.11097922e-02,8.41096915e-02,4.60266578e-02,1.03643061e-01
-1.15980208e-01,-8.86135862e-02,-7.17854472e-02,-7.42871036e-02,1.46676606e-02,2.04234488e-02,-5.19254500e-02,6.22654601e-02,-1.72339038e-02,2.84583287e-02,1.19438702e-01,2.16035351e-02,8.14735925e-02
-1.00160232e-01,-6.11619516e-02,-4.07322035e-02,-3.16069523e-02,5.88973638e-02,5.39056995e-02,-3.59021535e-02,6.66617624e-02,-1.68670725e-02,4.70828680e-02,1.50440196e-01,-4.41391793e-03,6.73138945e-02
-7.81170749e-02,-4.68707150e-02,-4.73556444e-02,1.28345089e-03,5.09981878e-02,3.22541438e-02,-3.74943964e-02,5.73718174e-02,-1.38613534e-02,5.65882876e-02,1.94086240e-01,2.82401970e-02,5.39596584e-02
-2.07731462e-02,-6.74753591e-02,-3.28071137e-02,5.61129903e-03,6.60880527e-02,2.41829775e-02,-6.05337973e-02,3.74359408e-02,-2.96628838e-02,6.05330921e-02,2.02703661e-01,5.10268994e-02,4.04720351e-02
1.89819507e-02,-3.24969902e-02,3.06718427e-03,2.05233313e-03,8.49191605e-02,4.82095812e-02,-3.21582153e-02,1.69758225e-02,-3.04395107e-02,2.38056954e-02,1.72359387e-01,5.32570443e-02,2.07400403e-02
1.04896022e-01,2.69630140e-02,5.48441560e-02,4.32634313e-02,8.31332918e-02,2.84181202e-02,-1.76399169e-02,-4.87913670e-03,-3.24497657e-02,5.58836763e-03,9.68085512e-02,1.74290373e-02,-1.49923514e-02
8.23340195e-02,5.01496429e-02,9.32658249e-02,4.65842946e-02,4.07179522e-02,-4.78624365e-03,3.77814231e-03,3.24860551e-02,2.96551012e-02,5.47374251e-03,5.54005820e-02,2.35564274e-02,-1.29863044e-02
9.65210495e-02,6.23855710e-02,6.55268960e-02,4.52632516e-02,5.11180744e-02,-4.96152664e-04,1.05122525e-02,5.28079440e-02,6.63890383e-02,6.72402094e-03,4.42906299e-02,1.67275000e-02,-1.60487365e-02
6.66296016e-02,2.75488907e-02,6.74196888e-03,-5.54168164e-03,-1.96363233e-03,-4.17774338e-02,1.76007151e-02,5.66164765e-02,2.62053968e-02,-2.93552481e-02,3.42604828e-02,2.56284625e-02,-9.47867909e-03
5.88278870e-02,-1.66877122e-03,3.27246979e-03,-2.04822941e-02,8.98763315e-04,-3.97574169e-02,-7.93489867e-03,2.39094382e-02,2.28717735e-02,-3.97828705e-02,1.25555512e-02,1.00602485e-02,-2.08632212e-02
7.08659159e-02,1.53952766e-02,3.39418373e-02,-1.15212951e-02,5.32852198e-03,6.81166586e-03,2.28221536e-02,-7.66859812e-05,2.27076616e-02,-5.30417507e-02,4.27150498e-03,-1.39734916e-02,-3.14945730e-02
4.66084411e-02,-4.11226985e-03,3.63067086e-02,4.38365575e-03,2.30186384e-02,1.43705566e-02,3.99657700e-02,-1.06080058e-02,9.90138390e-03,-1.92144843e-02,1.09197307e-02,-1.46732475e-02,-3.42697908e-02
2.17579532e-02,-3.86819852e-02,1.80054722e-02,-1.99189778e-02,1.70628113e-02,-4.65981457e-03,-8.08444888e-03,-5.57687439e-02,-1.40510351e-02,-2.31814848e-02,1.09711406e-02,1.16083959e-02,-3.57719689e-02
5.03731161e-02,-2.03359802e-02,4.27348615e-02,1.15736498e-02,2.26139553e-02,1.17123516e-02,-2.59710182e-02,-6.79847446e-02,-2.11164350e-02,-3.34910734e-02,-4.50950495e-03,2.89342323e-02,-1.43178289e-02
4.52130282e-02,8.14492135e-03,5.30659150e-02,5.13803478e-02,4.01206665e-02,7.91932083e-03,-3.29600606e-02,-6.21812746e-02,-2.40343448e-03,-1.99228171e-02,-1.62924830e-03,1.88725125e-02,-2.53850724e-02
2.58674827e-02,6.25514077e-03,2.35691672e-02,3.72943774e-02,-1.96811872e-03,1.86903388e-02,-4.06492385e-02,-7.50978079e-02,-9.80808856e-03,-1.93915389e-02,7.13256803e-03,2.62853547e-02,-2.73364500e-02
4.24189673e-03,-7.56109618e-03,4.50284547e-04,2.94209844e-02,3.98754095e-04,3.75598293e-02,-2.30358669e-02,-1.48051654e-02,1.93679669e-02,2.51703360e-02,1.26421609e-02,2.15114632e-02,-2.76260088e-03
9.13030424e-03,4.13735058e-02,2.08175206e-02,2.54616880e-02,-9.26617675e-03,2.16526972e-02,6.63350855e-03,3.49322339e-02,1.10786385e-02,2.50682140e-02,-6.19420246e-03,4.64637673e-03,1.88361859e-02
-9.25948995e-03,1.56360327e-02,-3.16755553e-02,-1.89109844e-03,-1.57087777e-02,9.09771915e-03,-6.70618850e-03,4.80214047e-02,2.01668061e-02,4.21626570e-02,-2.28655099e-02,-8.80438903e-03,4.12946467e-02
-6.71548663e-04,1.28889893e-02,-2.23163850e-02,-1.37645868e-02,-4.22084184e-02,4.61807778e-03,9.83001735e-03,6.25110058e-02,1.47412849e-02,4.61970885e-02,-1.30661944e-02,-1.40333797e-02,4.72337489e-02
9.48237155e-03,1.56106750e-02,-1.11625315e-02,6.11508552e-03,-2.14239553e-02,6.15756764e-03,4.63160562e-02,7.65753796e-02,2.73202604e-02,6.36491386e-02,-3.61567643e-02,-4.18288539e-02,1.79102048e-02
-8.37888929e-03,8.29306181e-03,-3.40344265e-02,-1.14723598e-02,-2.65978596e-02,1.49561955e-02,5.77831357e-02,3.02611242e-02,3.88940772e-03,4.60697554e-02,-4.89935520e-02,-4.67578384e-02,-3.51239410e-02
1.35973525e-02,-1.34196680e-02,-3.30356350e-02,9.07977374e-03,-3.11628473e-02,1.56043406e-02,2.80455699e-02,1.69214045e-02,9.21882293e-03,2.24737157e-02,-3.97245047e-02,-2.72703589e-02,-2.84736596e-02
1.16899746e-02,1.97171241e-02,-9.26347963e-03,5.22039829e-03,-2.19502555e-02,-8.61262819e-03,3.26976613e-02,-2.22591954e-03,2.74853530e-02,2.80180617e-02,-1.47014437e-02,-9.28358223e-03,-2.28611708e-02
7.19108810e-03,1.64790033e-02,-6.02283490e-02,-2.82503026e-02,-1.89609197e-02,-2.76941721e-03,1.13320870e-02,-4.47690536e-02,2.64999142e-02,-1.43922710e-03,-2.01085289e-02,1.28873170e-02,-3.14171851e-02
5.53853392e-02,3.66922880e-02,-3.85945106e-02,-2.55313122e-02,-3.84567151e-02,-2.11786361e-04,-3.91980271e-03,-4.50852447e-02,6.25778463e-03,-1.96618458e-02,-2.43211726e-02,2.06745233e-02,-5.73951033e-03
2.45555396e-02,3.88400615e-02,-1.65115640e-02,-4.29604201e-02,-1.59899347e-03,-2.97978913e-02,-2.57289870e-02,-6.96299981e-02,4.21764759e-03,-2.70269121e-02,-2.33615996e-02,8.84133155e-03,3.88146850e-02
8.96008420e-04,4.74858598e-03,-1.77234799e-02,-6.18361969e-02,8.10318998e-03,-4.04285693e-02,-9.87302417e-03,-5.77677024e-02,6.03558965e-03,-5.97493041e-02,-1.98337514e-02,-1.17903252e-02,9.50159241e-02
-1.89882481e-03,-1.85891419e-03,1.41401114e-02,-6.39431614e-02,2.50953055e-02,-5.98961559e-02,-3.96696652e-02,-5.59198719e-02,-2.29022624e-03,-5.03436417e-02,-1.57195360e-02,1.16350609e-02,1.30492092e-01
3.46880144e-02,-1.91575225e-02,1.76701099e-02,-6.15620707e-02,3.36198257e-02,-7.08731580e-02,-5.44815562e-02,-5.74136670e-02,-6.34146739e-03,-7.23326286e-02,-3.78382725e-02,-1.01998006e-02,1.03757597e-01
2.36618968e-02,-4.95289195e-02,-1.22039867e-02,-5.87003499e-02,2.42081345e-02,-7.73446708e-02,-4.91738811e-02,-6.96238621e-02,-6.93795671e-03,-7.45390814e-02,-2.44461112e-02,-1.78253085e-02,7.30531651e-02
5.00008678e-02,-5.05297712e-02,-3.48166107e-02,-3.82313128e-04,3.80642922e-02,-7.33957574e-02,-6.33533001e-02,-6.18264754e-02,-1.02288364e-02,-9.06992107e-02,-1.07706343e-02,-1.49484366e-02,3.11948451e-02
5.82628331e-02,-3.17742961e-02,-6.52796113e-02,-4.54299712e-04,4.90364450e-02,-6.59409857e-02,-5.25940991e-02,-4.48534161e-02,-1.23291193e-02,-7.00537400e-02,1.11582087e-02,-1.34941491e-02,1.42512523e-02
6.20930291e-02,-2.73199939e-02,-1.04135413e-01,-1.36845611e-02,6.56839150e-02,-4.00185800e-02,-3.57345715e-02,-2.63728251e-02,-1.11600585e-02,-4.52417677e-02,8.66014244e-03,-1.64660907e-02,-2.37339929e-02
8.27261055e-02,2.40797183e-03,-8.70247078e-02,-9.03298025e-04,1.26433823e-02,-1.72092496e-02,-3.35854779e-02,-4.31238021e-03,-1.21658379e-02,-4.16737068e-02,7.66289346e-03,3.37714279e-05,-4.67604732e-02
1.98430652e-02,-7.58838823e-03,-1.14819230e-01,-2.67587539e-03,2.98253714e-02,-2.07194955e-02,-3.40502153e-02,-4.95361432e-03,-1.13902345e-02,-2.01407146e-02,1.84094858e-02,-1.54479081e-02,-4.39807660e-02
7.26132253e-04,-3.98111316e-03,-6.80771774e-02,5.14210532e-03,-1.21997440e-03,-1.55386531e-02,4.88322807e-03,3.69467961e-03,6.52412530e-03,-3.46226361e-02,2.90622466e-02,-3.51009371e-02,-1.63524392e-02
-3.56311961e-02,1.86909575e-02,-1.16051655e-02,1.42657630e-02,6.89413009e-04,2.46000126e-03,9.63793923e-04,1.68457138e-02,9.49651074e-03,-3.21448470e-02,7.37944388e-03,-3.83519237e-02,-1.77265666e-02
-4.77779823e-02,-1.05084043e-02,-8.73384084e-03,-2.99015402e-03,-4.91506780e-02,-1.35454088e-02,-1.40586057e-02,-5.11866444e-03,-1.26172839e-02,-3.84255348e-02,-1.91398256e-02,-2.84683266e-02,-2.59587272e-02
-7.96796701e-02,-3.55559320e-02,-6.83184266e-03,-1.92973028e-02,-3.58899242e-02,-1.03558441e-02,4.52036863e-03,5.69677350e-03,1.92425203e-02,-3.53119648e-02,-1.69113216e-03,-1.61633771e-02,-2.07940866e-02
-2.24647084e-02,1.97979402e-03,2.41090320e-02,4.42387761e-03,4.56872185e-03,-6.72196381e-03,1.15333023e-02,-3.00414791e-02,-5.38131337e-03,-3.87100540e-02,-5.67131405e-03,-1.85100125e-02,-1.27423284e-02
-4.17030890e-02,-2.32494413e-02,-1.70673908e-03,4.84370637e-03,2.63271857e-02,1.91560954e-02,2.68171892e-02,-4.50832982e-02,-1.19067453e-02,-2.63319283e-02,-6.96223744e-04,-6.18540953e-03,-1.80835504e-03
-8.18374395e-03,8.68753092e-03,3.29878696e-03,-1.04814459e-02,2.74427552e-02,3.50670708e-02,3.21154172e-03,-6.73761388e-02,-3.29592759e-02,-1.23793172e-02,7.41446631e-03,1.15268733e-03,1.53474407e-02
2.95155415e-03,1.69094352e-02,2.78735739e-02,-3.71660116e-02,2.62592877e-02,7.45760371e-02,8.02743816e-03,-9.03843159e-02,-4.20277464e-02,1.02006324e-02,2.56584484e-02,-1.79589493e-03,5.64807401e-03
-3.64718752e-03,5.68772908e-03,3.04851400e-02,-4.23283466e-02,2.64707449e-02,8.25764534e-02,4.57021636e-03,-8.81779211e-02,-4.20419328e-02,2.04990567e-02,4.15561274e-02,5.49769051e-03,2.10776983e-02
-6.99067994e-03,-3.43674987e-03,3.49075103e-02,-5.46935489e-02,3.03292204e-03,1.04872062e-01,1.23341036e-02,-7.80428559e-02,-8.43995836e-03,3.92603525e-02,4.02566555e-02,1.44609134e-02,4.42607624e-02
-2.43167090e-02,-1.64619380e-02,4.22502959e-02,-5.90017016e-02,-2.27256830e-02,9.94118455e-02,-6.50421344e-03,-8.22494268e-02,-1.97400803e-02,2.79186610e-02,1.75240927e-02,-8.02835943e-03,4.31189940e-02
-2.70670205e-02,-2.48789115e-02,3.81718610e-02,-6.74445571e-02,-7.74024777e-02,6.56579937e-02,-1.56648467e-02,-7.43987158e-02,-3.50736213e-02,1.93607047e-02,1.55919160e-02,-1.05414792e-02,5.03452359e-02
-3.06028713e-02,-3.72704876e-02,-2.43179830e-04,-3.78540798e-02,-7.38180045e-02,3.56455153e-02,2.63670758e-03,-2.10814790e-02,-2.30886973e-02,5.11884943e-03,1.44232750e-02,-1.57792830e-02,3.43773763e-02
3.38901148e-02,-1.02996560e-02,2.04452897e-02,-6.93899007e-03,-4.98161639e-02,2.46357822e-03,-1.00054761e-02,2.60311037e-03,-4.10960722e-02,-1.24115091e-02,1.70044456e-02,-3.84074469e-02,4.82956818e-03
3.12480559e-02,-5.44053754e-02,2.15296274e-02,1.51117727e-02,-4.90682375e-02,-2.29335422e-02,3.56685390e-02,2.67925571e-02,-2.32581186e-02,-2.65950935e-02,4.72669522e-04,-3.78820723e-02,-1.51227613e-02
6.22955266e-03,-7.36116582e-02,2.07877378e-03,1.47011988e-02,-9.43451858e-02,-5.01717825e-02,-1.28306764e-02,2.44402614e-02,-2.25403978e-02,-4.14066286e-02,6.87882472e-03,-1.59058449e-02,-1.65824999e-02
9.45406595e-03,-4.77192967e-02,3.94181853e-02,4.79947406e-02,-6.71565540e-02,-1.43406902e-02,8.71762745e-03,1.57939967e-02,-3.21410154e-02,-5.07962318e-02,-1.05025298e-03,-2.35667300e-02,-4.56270377e-02
1.67364033e-02,-4.12633257e-02,5.71057913e-02,6.02451083e-02,-6.55911514e-02,-2.46882563e-02,-3.19389426e-03,1.83070868e-02,-8.26387508e-03,-5.71282699e-02,-3.28274381e-03,3.57022932e-03,-2.80947746e-02
-1.23506741e-02,-3.28936378e-02,6.22699421e-02,4.73386064e-02,-3.48960136e-02,-4.58042622e-03,-1.17846956e-02,5.17363854e-02,2.59905518e-02,-3.77424564e-02,-3.43429116e-02,1.07041882e-02,-1.93430546e-02
-2.23957227e-02,-3.54413279e-02,2.64576413e-02,3.34769521e-02,-3.52976263e-02,-1.44226473e-02,-3.30799596e-02,3.00123713e-02,4.23004507e-02,-2.35047370e-04,-6.24668972e-02,2.34636427e-02,1.52841746e-02
-4.05970868e-02,-2.13805137e-02,2.92624632e-02,-1.01136171e-02,-2.50678014e-02,-3.58019058e-03,-2.53569780e-02,1.36297196e-02,3.12934481e-02,8.53644225e-03,-5.18791593e-02,3.78830519e-03,3.26292682e-02
-2.77151131e-02,-1.39445838e-02,-5.36092730e-03,-9.60443001e-04,-2.88400000e-02,4.78289971e-03,-8.23984456e-03,1.16152044e-02,3.22861621e-02,3.15680105e-02,-4.20754998e-02,-1.25773810e-02,4.12739185e-02
-1.52553184e-02,1.39751918e-02,-1.61415790e-03,4.03955103e-03,-5.67246124e-03,8.35480641e-03,-1.99008243e-02,9.45691854e-03,2.04165487e-03,2.14803730e-02,-3.22271852e-02,-3.20693756e-02,2.03302453e-02
1.13534857e-02,2.80350704e-02,1.39649654e-02,-7.51807902e-03,-4.05184750e-03,-2.22161600e-03,-1.23643236e-03,7.75785372e-03,-3.90483613e-03,4.97029999e-03,-3.37421109e-02,-5.07838134e-02,9.04826973e-04
-3.29922817e-02,-6.05617193e-03,-2.04665760e-02,-3.83944859e-02,-2.91584110e-02,-1.19527945e-03,-1.55313621e-02,-1.54613840e-02,-2.22371856e-02,1.65899267e-02,-5.86561494e-03,-4.35187723e-02,-5.26575146e-04
-1.15709675e-02,7.05607666e-03,1.93792639e-02,-2.13891359e-02,-1.21286768e-02,1.64931726e-02,4.06224323e-03,-3.31588806e-02,-3.01389810e-02,3.44282070e-03,1.01523230e-02,-4.47124838e-02,-3.27502125e-03
-1.26807779e-02,-1.72840843e-02,-8.78304640e-03,-1.71611732e-02,-3.20984907e-02,1.12510343e-02,2.84277299e-02,-4.09080670e-02,-2.48079890e-02,9.94467195e-03,3.84689167e-02,-5.16124788e-03,1.30476928e-02
-5.06655879e-03,-2.77813489e-03,1.02970074e-02,-1.21650861e-04,1.19797044e-02,3.52208142e-02,7.65001671e-03,-3.11519033e-02,-2.59287645e-02,-2.88897133e-03,3.46658732e-02,1.10994654e-02,6.09329967e-03
3.31698791e-02,5.22350271e-03,4.15899189e-03,7.58029564e-03,3.72386480e-02,2.96918816e-02,1.20238378e-02,-3.44563005e-02,2.28971469e-04,2.03493487e-02,2.10823424e-02,4.38908739e-02,2.96515052e-02
3.89191237e-03,-8.62247475e-03,-1.30072876e-02,-1.82773091e-02,5.01264048e-02,1.34616676e-02,-2.52496061e-03,-4.50142932e-02,-1.39395217e-02,1.59821300e-02,2.13764323e-02,4.91316867e-02,3.66056888e-02
3.37501552e-02,-1.52454797e-03,-2.46254926e-02,-1.46060039e-02,2.91614820e-02,4.19184975e-03,9.76383272e-03,-4.26306082e-02,2.69974046e-03,2.21051381e-02,2.25562229e-02,3.87397016e-02,3.26846521e-02
2.86311481e-02,7.38222111e-03,-9.07893352e-03,1.32405533e-03,5.14337977e-02,-1.51572861e-02,1.39259860e-02,-3.88771044e-02,2.36635867e-02,6.94516782e-03,1.36602730e-02,3.80045555e-02,3.97642050e-02
3.93990165e-02,2.86452552e-03,-8.54050489e-03,1.85840047e-04,4.02893792e-02,-4.56925395e-02,-5.36674160e-03,-3.66005199e-02,1.80074982e-02,-3.37189328e-02,-7.36035462e-03,2.17343391e-02,1.96944413e-02
-4.16326292e-02,-1.67092831e-03,-4.98585940e-02,-3.39468221e-02,3.22713542e-02,-6.97509840e-02,3.10089343e-02,3.62552028e-02,1.28947148e-02,-1.49410610e-02,-3.26151141e-02,1.42704803e-02,-2.27225464e-02
-4.40548761e-02,2.10897459e-02,-3.04535375e-02,-6.16079057e-02,2.05759902e-02,-9.97302964e-02,4.03404664e-02,8.05877830e-02,7.21027321e-03,2.49682145e-02,-5.69783325e-02,-3.73049756e-02,-4.94318838e-02
-1.28899985e-01,-5.99763925e-02,-1.16692802e-01,-1.14227537e-01,-6.23115677e-02,-1.25630177e-01,6.44803168e-02,9.78931186e-02,-9.35334027e-03,6.13239512e-02,-6.58506128e-02,-4.27841530e-02,-5.56344687e-02
-1.03894125e-01,-3.61560469e-02,-8.10137947e-02,-7.78457341e-02,-4.98322157e-02,-9.71614006e-02,5.32884826e-02,1.27069210e-01,-2.53125993e-02,8.56687970e-02,-7.57284522e-02,-6.15323757e-02,-7.51684713e-02
-7.54402070e-02,-2.91113728e-02,-3.64780642e-02,-3.62734649e-02,-4.11601489e-03,-4.79092335e-02,1.06631551e-01,1.48654991e-01,-1.99601371e-02,1.13873079e-01,-7.93737303e-02,-6.82065982e-02,-7.86750534e-02
-4.20714399e-02,-7.47825665e-03,1.02921408e-02,1.58304143e-02,1.57468964e-02,-4.82296782e-02,9.04923880e-02,1.25796116e-01,-1.25775084e-02,1.24994311e-01,-7.94762343e-02,-8.76810921e-02,-6.52571485e-02
-8.03836718e-03,1.18031190e-02,4.88614673e-02,8.32608182e-02,4.05763188e-02,3.06176247e-02,8.67785346e-02,1.03280267e-01,2.70738527e-03,1.14909812e-01,-5.36497325e-02,-7.36072316e-02,-4.37615532e-02
3.42619821e-02,4.33174225e-02,1.02698558e-01,1.61558043e-01,5.04331093e-02,3.46563711e-02,6.33356138e-02,6.56713202e-02,4.29240662e-02,8.99774804e-02,-2.20330357e-02,-6.28168045e-02,1.01120466e-02
6.94630458e-02,2.70082243e-02,1.17877895e-01,1.98245403e-01,8.57256770e-02,8.55467350e-02,2.51315502e-02,1.67091948e-02,5.98980888e-02,3.85017469e-02,1.81201750e-02,-3.44761692e-02,4.95467752e-02
4.42248192e-02,3.24690808e-02,1.14498410e-01,1.86392822e-01,9.57257956e-02,6.10495710e-02,2.55982971e-02,3.27412251e-02,8.12257465e-02,-2.69694196e-03,1.90868115e-02,-1.86964088e-02,5.42832967e-02
2.80961938e-02,3.10244717e-02,1.03641740e-01,1.74968393e-01,1.20929454e-01,1.04852404e-01,4.05440475e-02,7.57753318e-02,9.29616866e-02,2.19059285e-02,1.62030832e-02,-8.75477082e-03,3.85911324e-02
-4.35151625e-02,-3.16021336e-02,3.73209305e-03,8.87485889e-02,5.87567482e-02,7.41683372e-02,1.26076320e-02,4.53425780e-02,5.98434501e-02,9.59316498e-03,-1.07401023e-02,2.41566346e-02,3.47588322e-02
-3.81687020e-02,-2.39923813e-02,-1.15551607e-02,5.03023852e-02,2.75787514e-02,6.34827418e-02,-1.66565000e-02,6.08626868e-02,4.28013642e-02,2.16288816e-02,-2.54048854e-02,2.76652228e-02,1.95957111e-02
-6.32144873e-02,-4.72312446e-02,-3.04037495e-02,1.61798110e-02,3.18535104e-02,4.34867675e-02,-3.12095955e-03,2.85559713e-02,8.84938499e-03,3.17976850e-02,-2.48741506e-02,4.42075834e-02,-5.07809230e-03
-4.69174234e-02,-2.75080574e-02,-2.17853306e-02,1.51735657e-02,1.87201123e-02,5.13471329e-03,6.42804192e-06,1.18613817e-02,-6.54761629e-03,3.23059030e-02,-4.41739253e-02,3.42607314e-02,-1.47234589e-02
-5.43758303e-02,-1.68801222e-02,-7.03246419e-03,5.51073251e-03,4.32378387e-02,3.41541874e-02,-1.20422536e-02,-1.49445547e-02,-3.87866720e-03,3.83584808e-02,-4.02693720e-02,3.76592151e-02,-3.39461105e-02
-3.47798361e-02,3.23039997e-02,-9.16392635e-03,-1.40753552e-02,7.28139203e-03,-1.78150495e-02,-3.95933976e-02,-4.81266720e-02,-1.23238602e-02,1.93036545e-02,-5.48701564e-02,1.08920102e-02,-2.99098616e-02
-4.81428105e-03,2.73865555e-02,1.75319498e-03,-3.09646888e-02,2.12710575e-02,5.37576198e-03,-4.43838304e-02,-5.96974992e-02,-1.61824889e-02,1.13116282e-02,-2.02740332e-02,1.45799350e-02,-4.58669767e-02
8.10705957e-04,5.76833530e-02,3.74136470e-02,-3.18791235e-02,-1.31181018e-02,-7.02670742e-02,-5.81451245e-02,-6.21956457e-02,6.75404697e-03,-4.71289985e-03,-2.77318673e-02,-2.91398651e-02,-3.67510998e-02
-1.52345772e-02,9.71712834e-03,2.29195313e-02,-4.16983276e-02,7.92052073e-03,-5.02807290e-03,1.37051003e-03,-1.46922755e-02,2.98010064e-02,5.67704759e-03,-2.74186402e-04,-2.96091588e-02,-4.75089161e-02
-3.07361181e-02,1.15883607e-02,4.12507707e-02,-2.24600419e-02,1.99989331e-02,-1.73017215e-02,-3.27796529e-03,-2.76454454e-02,1.64179193e-02,-5.80834346e-03,-2.08626828e-02,-2.78951611e-02,-2.73694761e-02
2.28568924e-03,1.23136234e-02,3.44084530e-02,-3.08535684e-02,1.20504602e-02,4.23160168e-03,-4.72609445e-04,5.96984400e-03,1.60200125e-02,-1.95735523e-03,-8.07342742e-03,-2.51495503e-02,-1.57700644e-02
-1.72600466e-02,5.28844822e-03,4.31259619e-02,-7.99127838e-03,2.82246428e-02,-2.08477632e-02,-1.25705432e-02,-2.08971250e-02,-5.25766085e-03,-1.44675627e-02,5.57390844e-03,-1.71171210e-03,-1.32589943e-03
-1.90414557e-03,7.09330834e-03,2.22420647e-02,1.65237629e-02,8.27744562e-03,2.50396984e-03,9.04327799e-03,8.03799114e-03,-3.35498973e-02,-2.66888952e-02,2.00817388e-02,1.52172349e-02,1.63719184e-02
-1.13620053e-02,-2.39758943e-03,2.20858536e-02,2.41104030e-02,2.85259765e-02,1.27867643e-02,-7.37622283e-03,9.58721155e-04,-3.57196993e-02,-3.45879383e-02,3.22043467e-02,4.77473447e-02,1.99447363e-02
-1.08645769e-02,5.65615175e-02,2.45373292e-04,-8.44795394e-03,7.51011406e-03,1.76636323e-02,5.64826459e-03,-1.16455398e-03,-3.93217479e-02,-5.37665593e-02,-1.80950399e-04,3.56570334e-02,3.24389186e-02
1.28631053e-02,3.62861205e-02,-1.73197844e-03,-3.52976438e-02,1.94092824e-02,4.96113735e-02,-7.48348142e-04,-1.52459729e-02,-6.49210079e-02,-4.97525120e-02,8.94603925e-03,6.44559616e-02,1.20700259e-02
-6.03899604e-03,9.05838767e-02,2.75617670e-02,-3.98994016e-02,-3.69939811e-02,-1.49436845e-02,-4.23607540e-03,7.72262868e-03,-3.26903753e-02,-3.60860429e-02,-1.42647319e-02,3.91241656e-02,1.21485577e-02
2.46050900e-03,5.64834162e-02,4.34614604e-03,-4.92006643e-02,-3.79288788e-02,1.41152576e-02,1.11143895e-02,6.52065823e-04,-4.30038055e-02,-9.95649050e-03,-1.72052129e-03,3.95599113e-02,-1.26243156e-02
-1.97529306e-02,5.77019995e-02,3.47024063e-02,-4.54838753e-02,-6.16007588e-02,-2.98775421e-02,4.15996602e-03,6.62726870e-03,-3.20050324e-02,-2.80260180e-03,-1.74620425e-02,3.29332915e-02,-4.95681033e-03
2.24346750e-02,1.76734179e-02,2.17882927e-02,-4.36707965e-02,-5.78132260e-02,6.58631727e-04,1.28568604e-02,-1.05817160e-02,-3.65929232e-02,1.71400641e-02,-2.68126273e-03,1.20805440e-02,-1.38665832e-02
-3.86994398e-03,1.67115703e-02,3.23484549e-02,-2.38972014e-02,-3.39619393e-02,-1.59252510e-02,4.54369334e-03,-2.08018099e-02,-2.87850870e-02,1.37138543e-02,-8.66985235e-03,2.60119017e-03,2.16292766e-03
2.55330305e-02,-9.69905688e-04,2.60891811e-03,-5.15429466e-03,-3.04982713e-02,1.94173826e-02,6.82642463e-03,-1.67796202e-02,-2.15486760e-02,1.22251798e-02,7.95463930e-03,-1.42715859e-02,9.55011385e-03
2.89824893e-02,-3.65312331e-02,1.15088244e-02,7.47392320e-03,-6.13406898e-03,-2.80999806e-03,-1.33388616e-02,-3.06265380e-02,-2.83475776e-02,4.42132479e-03,3.65410742e-02,8.68652825e-03,1.02849915e-02
3.43387980e-02,-3.66843589e-02,-1.70779733e-02,1.73524833e-02,3.35727270e-04,1.49516012e-02,1.55346343e-02,-1.33233350e-02,2.24919744e-03,-9.06956611e-03,3.93156206e-02,3.02339787e-03,1.32314689e-02
5.92470106e-02,-7.96553691e-02,-2.56743844e-02,-2.30793106e-04,1.91288066e-02,3.23598391e-02,4.89363343e-03,-2.22290530e-02,-1.57132211e-02,-1.50098482e-02,3.58207075e-02,1.34498958e-02,8.93732273e-03
3.31950842e-02,-5.13860338e-02,-5.10833928e-02,-6.50933521e-03,-2.29663987e-02,-5.92883529e-03,8.53503402e-03,7.70461802e-03,1.26503454e-02,-1.27247030e-02,1.19609646e-02,8.94728869e-05,3.19083380e-03
6.07495537e-02,-5.97799921e-02,-4.20685165e-02,2.59949916e-02,-1.19161558e-02,1.18900342e-02,-1.92830861e-02,-1.05182014e-02,5.93910405e-03,-2.38240417e-03,1.56602152e-02,-1.50375088e-03,-4.23594088e-03
3.70327143e-02,-3.30648156e-02,-2.14875849e-02,2.09694003e-02,-2.61897598e-02,-4.53826245e-02,-8.78005362e-03,2.18768778e-02,2.90853766e-02,4.47723501e-03,-2.43360780e-03,9.61273020e-03,-4.77112120e-03
8.00916958e-02,-4.28679880e-02,-3.60980639e-02,3.39193791e-02,-3.96489013e-02,-1.82053249e-02,-8.62961471e-03,1.09191341e-02,2.58685631e-02,1.66158817e-02,-8.87346061e-03,-4.83035822e-04,-1.80372668e-02
5.35950869e-02,8.03431357e-03,-2.72460555e-02,3.02031301e-02,-2.92264462e-02,-4.44925383e-02,-5.87384009e-03,3.01841845e-02,3.94168425e-02,2.20375239e-02,-2.55346040e-02,-8.71721640e-03,-1.23872230e-02
6.37996337e-02,1.70240997e-02,-4.92714516e-02,4.30825809e-02,-2.07776067e-02,-6.63538810e-04,-8.51071994e-04,2.05655551e-02,5.50165008e-02,2.64983385e-02,-2.92982137e-02,-1.98555611e-02,-1.06926764e-02
3.91977950e-02,4.19330045e-02,-6.56038314e-03,2.42305877e-02,5.63492625e-03,-4.62009234e-02,-1.77782688e-02,3.45260745e-03,4.18280144e-02,2.42975884e-02,-1.17933834e-02,-2.12031173e-02,-1.56773005e-02
1.49150937e-02,3.02630890e-02,-2.74764596e-02,3.48701589e-02,1.76613486e-02,1.14624999e-03,7.13811710e-03,6.52550295e-03,4.33022921e-02,2.42985572e-02,1.80545557e-04,-1.91775913e-02,-1.42387136e-02
1.60603798e-02,2.53533834e-02,1.93857927e-03,3.81925894e-03,5.31083944e-02,-1.30440415e-02,-3.64274565e-03,1.55251040e-02,2.25263864e-02,7.49282834e-03,4.90695358e-03,-2.11784207e-02,-1.31870464e-02
-3.50497573e-02,3.81301699e-03,-4.26066171e-02,-8.08295428e-03,3.28003983e-02,1.18047611e-03,1.65171549e-02,2.21452160e-02,-3.44263836e-03,-7.23725829e-03,-1.33974620e-02,-2.14695575e-02,-1.58740394e-02
-7.83441871e-03,-1.35186316e-02,-2.30768848e-02,-1.35113852e-02,5.52040449e-02,-9.06632307e-03,-9.31632332e-03,2.96654254e-02,-2.29204473e-02,-1.58277495e-02,2.59190476e-03,-9.31796919e-03,-9.74196925e-03
-6.41274783e-02,-2.04291280e-02,-2.75214924e-02,-2.97463196e-02,5.42502093e-02,-3.77209032e-02,1.86791587e-03,2.97903795e-02,-2.49190635e-02,-2.73580976e-02,4.84969114e-03,4.98213541e-03,-8.86200339e-03
-4.54896756e-03,-3.36374963e-02,-2.95602074e-02,-4.06761965e-02,3.60950455e-02,-3.27772762e-02,-5.21488003e-03,4.12474065e-02,-3.48672022e-02,-1.96177846e-02,5.67689253e-03,3.14669478e-02,3.31802219e-03
-3.70373528e-02,1.77837404e-02,-3.90951545e-02,-5.73630434e-02,2.61771098e-02,-5.18559559e-02,-5.69734028e-03,5.81551092e-02,-2.86872739e-02,-2.69025144e-02,8.58032147e-03,3.97324233e-02,1.06676742e-02
3.84741813e-03,-2.66579524e-02,-4.17241381e-02,-5.32572232e-02,-9.81442252e-05,-2.73054068e-02,1.30800552e-02,4.50110151e-02,-1.83995741e-02,-2.29848778e-02,1.22077912e-02,5.83441942e-02,1.04645743e-02
-2.33298615e-02,1.89215036e-02,-1.54602513e-02,-5.94220887e-02,1.30793279e-02,-5.69360523e-02,1.37040696e-03,4.17296398e-02,-2.12419232e-02,-2.92867945e-02,2.23364107e-02,4.63088893e-02,3.59581354e-03
7.72534412e-03,4.52020719e-03,-4.16628989e-03,-2.29057539e-02,-1.09989752e-02,7.61824109e-03,1.28202173e-02,1.87413971e-03,-7.35806177e-03,-1.64801956e-02,1.92891320e-02,5.58136417e-02,-1.18051089e-02
-1.93511410e-02,3.61867490e-02,3.82278725e-02,3.37640405e-03,1.45090790e-02,-1.26436131e-02,3.70714543e-03,1.03533190e-03,-1.43145510e-02,-4.82072496e-03,2.07252993e-02,3.24657038e-02,-1.47368007e-02
-1.80105746e-02,1.80946615e-02,4.01204940e-02,2.40548480e-02,-1.65106484e-02,5.14273093e-02,2.76268993e-02,-3.83339100e-02,-2.52250467e-02,-7.21392258e-03,8.09937741e-03,1.63059609e-02,-3.08250909e-02
8.60031627e-03,3.46692057e-02,9.13420111e-02,3.90812370e-02,7.21691759e-03,1.91810067e-02,1.15837901e-02,-2.84479450e-02,-3.00602620e-02,4.13203251e-03,5.21631823e-03,1.43886449e-02,-3.75960612e-02
-2.13607911e-02,3.45302592e-02,8.29246952e-02,3.36069665e-02,-8.09079722e-03,4.86891595e-02,2.20752657e-02,-6.96950224e-02,-4.37258846e-02,-9.36335355e-05,7.18707963e-03,-1.57764433e-02,-5.53823991e-02
9.84427356e-04,2.90557727e-02,1.20426299e-01,3.65830815e-02,5.06280147e-03,2.63263742e-02,-3.88494368e-03,-3.74138724e-02,-4.70951075e-02,-3.18891344e-03,-1.84519983e-03,8.73302408e-03,-4.56629488e-02
-4.22762890e-02,6.21214411e-02,8.10367299e-02,1.47648759e-02,-1.03756012e-02,2.58490575e-02,-8.29783545e-03,-5.59496625e-02,-5.41966855e-02,1.01599829e-02,1.47246192e-02,-8.78214440e-04,-1.61520017e-02
3.61170502e-03,-1.19930382e-03,9.48864771e-02,-4.89335266e-03,6.18371718e-04,1.53457522e-02,-3.00846248e-03,-2.78266128e-02,-3.27867324e-02,-1.15870596e-02,7.94172632e-03,3.68992267e-02,2.08206570e-04
-6.56185415e-02,4.95616441e-03,4.83259260e-02,-2.33745775e-02,1.50088897e-03,-1.61034472e-02,-2.17694080e-02,-3.45967615e-02,-3.13633673e-02,-1.12445037e-02,5.81751558e-03,6.23659638e-03,2.27081333e-02
-1.12869355e-02,-4.43970128e-02,2.75194601e-02,2.59774491e-03,5.30466083e-03,3.75892864e-03,-2.43267544e-02,-2.83234587e-02,6.08784466e-03,-1.49240744e-02,5.68746957e-03,6.48651745e-02,3.52121527e-02
-9.23692573e-02,-4.70842135e-02,1.34901451e-03,1.79558003e-02,1.29871216e-02,-4.31725979e-02,-6.19308703e-02,-3.65342046e-02,3.04391597e-03,-6.27880635e-04,-4.71140057e-03,2.48081328e-02,4.81063803e-02
-2.92977679e-02,-7.86502131e-02,-3.05411004e-02,5.07715029e-02,7.90790232e-03,-5.81738852e-03,-3.97130223e-02,-6.15442734e-02,2.25879828e-02,-1.46208229e-02,-1.34130228e-02,3.56686209e-02,5.31154519e-02
-4.57363547e-02,-7.54843664e-02,-3.90693728e-02,4.09013511e-02,4.06255763e-03,-5.08398674e-02,-6.55000557e-02,-5.82254906e-02,2.97009405e-02,-4.17804014e-03,-2.63251415e-02,2.95235479e-02,4.83402163e-02
-7.26475401e-03,-6.69727485e-02,-5.97584981e-02,4.82626048e-02,7.25753375e-04,1.47281243e-02,-3.34082020e-02,-7.48439527e-02,2.13261870e-02,-7.08214120e-03,-2.68580892e-02,8.47569657e-03,4.10159186e-02
-2.11110964e-03,-3.72445399e-02,-1.57096783e-02,5.60770808e-02,1.21697713e-02,-6.44186090e-03,-5.46804689e-02,-2.52391792e-02,1.79120564e-02,-4.16444417e-03,-3.98279029e-02,1.70472210e-02,4.02041965e-02
1.41361159e-03,-2.97034787e-03,-2.65100943e-02,4.02912817e-02,8.60703140e-03,4.37479841e-02,-3.23879106e-02,-5.84235525e-02,-8.46838231e-03,4.01003075e-03,-8.51351400e-03,-5.39330078e-03,4.36422289e-02
3.52833278e-02,-3.56874384e-03,2.69325017e-02,2.30237691e-02,2.50602813e-02,1.77864272e-02,-3.53852305e-02,1.08494228e-02,2.91226242e-03,-5.75432617e-03,-8.39950219e-03,1.27500242e-02,3.94645891e-02
1.36797882e-02,2.27662208e-02,6.03581046e-03,1.53459264e-03,-4.10714316e-03,2.66704096e-02,-1.59061157e-02,-1.59532791e-02,-1.14673580e-02,2.48176720e-03,-1.47415387e-03,-3.45031574e-02,3.19640441e-02
5.15922965e-02,6.94182604e-03,3.44462041e-02,1.97456202e-02,1.72603675e-02,1.97982685e-02,-4.83393895e-03,1.92066892e-02,2.82534059e-03,-9.81349998e-03,1.58264993e-02,1.74172042e-02,3.93924503e-02
1.10945396e-02,1.05929590e-02,1.48472980e-02,-1.29999303e-02,-3.65966648e-03,-3.86713186e-04,-2.04019497e-03,1.67903562e-02,-1.26311726e-02,7.85895182e-03,8.91839875e-03,-3.78065024e-02,2.93363838e-02
5.67912847e-02,-1.05504879e-02,3.14190256e-02,3.20004431e-02,6.28304889e-03,-8.85506436e-04,5.91237062e-03,1.70308711e-02,6.71843436e-03,-3.56841420e-03,2.79953351e-02,-5.94250254e-03,2.12830548e-02
3.80062942e-03,-3.01418645e-02,-2.03004341e-02,-1.90074865e-02,-1.67744481e-02,-3.79917019e-02,8.23639936e-03,2.33322482e-02,-4.80661427e-03,2.38062265e-02,2.30246492e-02,-1.92707247e-02,2.79160434e-02
4.21526143e-02,-6.06733979e-02,-2.46143983e-02,6.69396606e-04,-8.75327395e-03,-1.13948268e-02,2.81571882e-02,1.61677062e-02,1.07352588e-02,6.80760176e-03,3.75436166e-02,-9.44578894e-03,1.39490515e-02
1.35897903e-02,-4.87467276e-02,-2.37127789e-02,-1.41481999e-02,-5.36593781e-03,-4.29758191e-02,1.84674641e-02,3.21024024e-02,4.20162230e-03,2.30984347e-02,6.58584411e-03,-7.86294864e-03,2.58086324e-02
1.54552956e-02,-4.95837188e-02,-1.91669807e-02,1.91903976e-02,8.59388954e-03,-5.93497963e-04,1.86917088e-02,-3.52052033e-03,-3.84742834e-03,7.40282909e-03,3.35021252e-02,-5.23989033e-03,1.46917192e-02
-8.07082732e-03,-3.28930849e-02,1.18815708e-02,2.30285322e-02,6.05523768e-03,-4.48853069e-02,-2.05181802e-03,4.10766810e-02,1.81510953e-02,1.90952112e-02,2.23912457e-03,1.79830084e-03,1.60380700e-02
6.31712165e-03,-9.59586416e-03,3.51821965e-03,3.59330207e-02,5.73640393e-03,-1.47959834e-02,3.39518386e-03,-2.40369641e-04,1.27989566e-02,1.14967804e-02,1.58598916e-02,-1.92009182e-02,-3.92532019e-03
2.67560876e-02,1.26024513e-02,2.95025345e-02,4.32122696e-02,-1.81879919e-03,-4.51961027e-02,-2.68165446e-04,3.23290159e-02,4.27432685e-02,-1.24516964e-02,-1.81090521e-02,-8.84868422e-03,-1.28675432e-02
3.20173455e-02,1.58129544e-02,-7.56047775e-03,2.19247641e-02,-7.66252350e-04,8.96711853e-03,3.91054659e-02,2.40564649e-02,2.60853622e-02,-3.74688030e-03,-2.23477028e-02,-4.62003503e-02,-2.74269078e-02
5.60388372e-02,3.29969730e-02,1.90101406e-02,4.37824893e-02,-5.34834855e-03,-1.63958173e-02,1.72871561e-02,4.14410665e-02,3.36616372e-02,-1.40594046e-02,-3.64035561e-02,-3.15042789e-02,-4.87394669e-02
1.14915814e-02,1.00424982e-02,-3.79151734e-02,2.73667777e-03,1.29043494e-02,1.71577438e-02,5.10288866e-02,4.66943054e-02,5.96303778e-03,2.58078570e-02,-2.94129608e-02,-2.11739253e-02,-2.88766529e-02
5.17232282e-02,-1.83134584e-02,-1.78274564e-02,-3.84221003e-04,9.45074390e-03,1.29105821e-02,4.39127963e-02,5.32140362e-02,3.84581012e-03,1.75321693e-02,-1.64239713e-02,-5.31857070e-03,-4.53410602e-02
1.23971952e-03,-1.69465993e-02,-3.57073057e-02,-2.43799618e-02,3.45303937e-02,1.77753904e-02,3.86188748e-02,2.35674273e-02,-5.28707228e-02,2.36531397e-02,-3.63117554e-02,-1.58825447e-03,-2.01622470e-02
9.65231765e-03,-3.58038933e-02,-3.40458375e-02,-1.83136106e-02,2.92113975e-02,1.49314450e-02,2.84460522e-02,1.29788299e-02,-4.57278830e-02,1.94837679e-02,2.41383192e-03,1.11013705e-02,-1.91982180e-02
-3.61555953e-02,-2.73549874e-02,-3.28309051e-02,-4.37706211e-02,2.80935535e-02,-5.96151460e-03,2.91599684e-02,2.44342314e-02,-5.40285554e-02,3.19586678e-02,-2.12146349e-02,9.48711054e-03,3.28898918e-04
-2.93926022e-02,-3.67386857e-02,-2.28712231e-02,-2.81583044e-02,2.57684958e-02,-1.63217078e-02,1.35336965e-02,-1.35924370e-02,-4.46859339e-02,1.66430312e-02,1.60350095e-02,8.13728541e-03,-1.07885656e-03
-2.99952440e-02,-5.18285469e-03,-1.70959607e-02,-5.41171530e-02,-2.40486491e-03,-5.47544008e-02,2.43244355e-03,2.12013319e-02,-1.48971807e-02,-2.76323692e-03,-3.29897883e-02,-1.35741033e-02,6.62002140e-03
-1.23813153e-02,-2.09441098e-02,-3.52483451e-02,-5.91181117e-02,-2.62344740e-02,-3.13258388e-02,1.98329831e-02,8.25886527e-03,6.10647567e-03,-2.28372163e-03,-7.30779724e-04,-2.40298401e-02,1.90705525e-03
1.18661873e-02,2.18741164e-02,-1.33558732e-02,-5.40495217e-02,-4.78727564e-02,-6.62741158e-02,1.07660462e-03,4.93011223e-02,3.94456833e-02,-3.29437664e-02,-3.95442699e-02,-4.34929367e-02,-7.71350232e-03
-7.71082458e-03,-4.22429542e-03,-4.77987994e-02,-5.48972008e-02,-2.96901862e-02,-1.39923990e-02,2.89108118e-02,3.74205689e-02,5.53059648e-02,-4.20460941e-03,-2.39389926e-03,-1.87071426e-02,4.89899930e-04
3.53513471e-02,1.21199275e-02,-1.93921938e-02,-3.63505898e-02,-4.99706475e-02,-1.73747857e-02,1.61245284e-02,6.76406143e-02,8.77519321e-02,-1.81450772e-02,-1.42631543e-02,-4.37338195e-03,-1.20579216e-02
1.55450165e-02,1.61461472e-02,-2.82841368e-02,-4.92696621e-03,-1.30487401e-02,2.32097970e-02,1.29383655e-02,1.96042607e-02,2.03028081e-02,-9.14500791e-03,-5.84558972e-03,7.51714723e-03,-9.78199739e-03
4.41305017e-02,2.70409866e-02,-4.17696445e-03,2.38246130e-02,-8.49602365e-03,2.27992148e-02,1.24031451e-03,1.93783638e-02,4.48851749e-02,-2.49393166e-02,5.86260121e-03,2.02007910e-02,-1.51213504e-02
1.44578269e-02,3.00596191e-02,-2.11533639e-02,2.75948099e-02,2.59963508e-02,3.84640779e-02,1.30252158e-02,-1.73416684e-02,-1.06975926e-02,4.46086155e-05,1.11955784e-02,2.97524609e-02,-6.26933544e-03
2.55950197e-02,2.04985199e-02,2.20952027e-03,5.46033661e-02,2.63672503e-02,3.30783904e-02,1.13101213e-02,-3.43757213e-02,-1.09564155e-02,-1.46979195e-02,1.76563987e-02,3.16406697e-02,-1.29340654e-02
-2.91427443e-02,1.89388840e-02,-2.47933358e-02,3.40096188e-02,5.08445697e-02,3.32841599e-02,1.80197823e-02,-2.40653968e-02,-3.63332158e-02,-9.83984888e-04,-9.50109190e-04,2.04432425e-02,-1.56867446e-03
-3.54397194e-03,-1.51114224e-02,-2.62771627e-02,2.72130903e-02,3.33962054e-02,9.82415268e-03,2.16285280e-02,-3.62119985e-02,-2.57844883e-02,-2.09661612e-03,1.33137245e-02,2.25917369e-02,4.13312743e-03
-2.18743646e-02,8.54058457e-04,-5.28930735e-03,7.22915015e-03,4.27418062e-02,-2.61897035e-03,1.15260033e-02,-2.00683823e-02,-3.29361094e-02,-1.98715522e-02,-2.53626167e-02,4.12658997e-04,1.35625700e-02
-2.34968781e-02,-4.07282320e-02,-2.62588217e-02,6.77810037e-03,3.60573158e-02,7.52555146e-03,1.93668806e-02,-1.45399492e-02,-1.84214828e-02,-5.84059455e-03,2.95384390e-03,3.04442469e-03,1.60834460e-02
-3.06100056e-02,-2.56795332e-02,1.99195507e-04,7.61573521e-03,-2.37405461e-03,-6.62367766e-03,3.44077301e-03,1.77704045e-02,1.98472229e-02,-8.67904518e-03,-1.08708202e-02,-8.86754456e-03,2.53358576e-02
1.18164067e-04,-3.04252729e-02,-1.10836926e-02,2.52362015e-03,-8.29101465e-03,-1.86722549e-03,-6.12315546e-04,-6.22571283e-03,4.23780128e-03,2.21323012e-03,1.16224230e-02,6.43732473e-04,-9.67681896e-04
3.22782438e-02,-4.06183759e-03,1.72474379e-02,1.73802278e-02,-3.35396046e-02,-1.88875961e-02,-1.29504488e-02,1.91168619e-03,3.37728204e-02,-2.40022663e-02,-7.60417717e-03,-2.15313192e-02,1.87194122e-03
5.27341385e-02,2.75696677e-03,3.79807668e-03,1.05529742e-02,-3.03008877e-02,-5.49113119e-03,-1.02040838e-03,-3.08461811e-02,-4.17347255e-03,5.29786454e-03,9.98063375e-03,-1.24748433e-02,-1.80344516e-02
8.11971365e-02,2.93082894e-02,3.71335359e-02,4.09018581e-02,-5.62395855e-02,-1.59761670e-02,-1.36477555e-02,-2.46494322e-02,1.05202278e-02,-1.43737994e-02,-1.41890904e-02,-1.87187642e-02,-1.79175458e-02
4.00667811e-02,1.72705129e-02,1.76422912e-03,1.28115703e-02,-3.14787222e-02,9.41056403e-03,1.68158960e-02,-2.50377180e-02,-1.67386195e-02,2.76318145e-02,2.22007888e-03,-1.26245358e-02,-2.10547811e-02
5.34273477e-02,9.65104810e-03,1.22122734e-02,2.67579141e-02,-3.79375800e-02,-4.32682873e-03,7.18647593e-03,-2.21225244e-02,1.01813052e-02,4.90172613e-03,2.27281620e-03,3.49008013e-03,-2.73918664e-03
1.98673870e-02,1.92997489e-02,-3.21469745e-03,-1.59127293e-02,-7.00986151e-03,1.39682348e-02,3.50114240e-02,-2.36927394e-02,-1.97176597e-02,1.95039886e-02,-6.62331790e-03,-9.82743076e-03,1.20670193e-02
7.74561712e-03,1.24230543e-03,-7.43370362e-03,8.68326436e-03,-4.44947473e-03,2.47483042e-02,1.60693078e-02,-5.42875974e-03,-5.74514113e-03,-6.21512241e-03,1.12308712e-02,6.17508624e-03,2.66780249e-02
-5.66881704e-02,-1.00924402e-02,-1.90510001e-02,-2.53145534e-02,-1.13947329e-02,3.40213323e-02,1.99217133e-02,9.30946363e-03,-3.46914064e-03,1.98262087e-02,1.91205953e-02,-1.17109578e-02,4.40417046e-02
-3.62160979e-02,-2.24404407e-02,-2.92248701e-03,-3.87919300e-03,3.87695661e-03,2.00374509e-02,-8.56593081e-03,-4.09429444e-03,-1.29933571e-03,-4.04770790e-03,4.76866730e-02,2.34466176e-02,2.52193374e-02
-5.17404689e-02,-1.98288066e-02,2.16532001e-03,-2.05406130e-02,-1.86741576e-02,3.31804955e-03,-1.84427069e-02,4.69326859e-03,5.98237807e-03,-2.15363505e-02,2.58987258e-02,-6.73952023e-03,3.68610906e-02
-2.73424612e-02,-2.79397603e-02,-7.22679401e-03,6.43758545e-03,-7.81830713e-03,2.58091381e-04,-1.93166599e-02,-2.25756091e-02,-3.05497032e-02,-1.58436406e-02,3.90334796e-02,1.45036260e-02,6.98376576e-03
-2.04759582e-02,-6.12129290e-03,2.58205935e-02,2.37443713e-02,-3.20886101e-02,-1.49032013e-02,-4.95478676e-02,-1.27786477e-02,-1.29657554e-02,-3.61722945e-02,1.13449547e-03,9.99280756e-04,1.67024045e-02
-7.62730810e-04,-2.22206447e-02,8.16206702e-03,1.20255271e-02,-6.34675628e-03,-1.19623122e-02,-2.14908371e-02,-2.71566983e-02,-5.10309193e-02,1.24173339e-03,1.63383587e-02,1.23176942e-02,-8.48484438e-03
1.23635882e-03,-5.03562011e-03,3.94925127e-02,3.94317814e-02,-1.62917289e-02,-2.29990540e-02,-3.28230789e-02,-2.01542861e-02,-1.60133870e-02,-2.56755497e-02,-1.47860924e-02,1.89555995e-02,1.14439310e-03
2.23230515e-02,1.10293806e-02,1.85584253e-02,5.97152797e-03,1.80188570e-02,-6.56253363e-03,1.76388437e-02,-2.17041330e-02,-5.60486569e-02,1.89328273e-03,-9.80260319e-03,-7.01785179e-03,-1.67893638e-02
2.25512025e-02,4.67298708e-02,4.53097879e-02,4.52153271e-02,1.28921490e-02,-9.54553451e-03,-8.31948114e-03,-1.76493073e-02,-2.31414984e-02,-3.30403686e-02,-1.99994713e-02,1.85093456e-02,2.13018481e-03
6.69553622e-03,4.95371453e-02,4.61926621e-03,-1.90285564e-03,2.73297558e-02,2.91662181e-02,4.26435018e-02,-2.02952682e-02,-3.28666366e-02,8.17911778e-04,-1.52582720e-02,-9.20251023e-03,-1.49613955e-02
4.18170662e-02,6.31406916e-02,3.47768600e-02,3.37291963e-02,3.40352852e-02,9.86479521e-03,1.98239310e-02,-2.75671822e-02,-1.43031292e-02,-2.89854203e-02,-2.49037387e-04,2.23702348e-02,-1.52193285e-02
1.17705798e-02,5.32187258e-02,2.32906110e-03,-3.59224037e-02,6.55394781e-03,3.70202839e-02,4.90340058e-02,-6.73241983e-03,9.48032282e-03,-4.12821114e-03,-1.19912890e-02,-1.13661328e-02,-3.08387955e-02
2.95151467e-02,4.55997365e-02,1.40049441e-03,1.03491887e-02,2.36897354e-03,2.12346023e-02,3.75903952e-02,-1.56619840e-02,-1.39749332e-02,-8.13634194e-03,1.38958581e-02,2.13412970e-02,-3.53081128e-02
-9.77617233e-03,2.30393427e-02,-1.30333788e-02,-2.87913575e-02,-3.28674805e-02,3.52959608e-02,2.38116475e-02,-2.04374644e-03,1.23355816e-02,6.06232235e-03,-3.01787222e-03,3.23491625e-03,-1.83659957e-02
2.04169500e-02,-1.34113847e-02,-1.94040392e-02,-2.13059040e-02,-2.71097951e-02,1.35378360e-03,2.94171581e-02,-8.82819263e-03,-1.25710586e-02,1.79660867e-02,2.05298144e-02,3.16619544e-02,-1.80819340e-02
-3.29908592e-02,-2.27400382e-02,-1.97921366e-02,-2.96822878e-02,-6.88493458e-02,-1.67740964e-02,7.44447810e-03,4.56309933e-04,1.79834510e-02,1.80194030e-02,1.30833604e-03,1.62849692e-02,-5.87798461e-03
4.28078506e-03,-3.98706043e-02,-2.82504441e-02,-3.49163866e-02,-5.61094621e-02,-2.34426579e-02,2.51237163e-02,5.49005630e-03,-2.46379534e-02,3.16054716e-02,1.79001380e-02,6.60837720e-03,-1.23286390e-02
-2.34791198e-02,-5.26847804e-03,1.19921036e-02,-3.32496599e-03,-6.47834220e-02,-5.01640660e-02,-1.86118812e-02,-5.76206531e-03,8.45484403e-04,1.24808958e-02,4.36928064e-03,1.32211564e-02,8.48255910e-03
-1.37483796e-02,-1.47476765e-02,-2.43070957e-03,-8.87670273e-03,-3.42290341e-02,-3.04461848e-02,1.43520938e-02,-1.20914014e-02,-3.86992266e-02,2.55078411e-02,1.02778259e-02,-9.44280563e-03,3.71035831e-03
4.16175389e-03,1.75850678e-02,5.90384117e-02,4.53362910e-02,-1.92472297e-02,-5.67599327e-02,-3.53904710e-02,-3.28314709e-02,-2.63808435e-02,-1.23685233e-02,1.06486031e-02,1.55052798e-02,1.94667352e-02
-1.45471470e-02,8.59848454e-03,1.26145949e-02,3.29932294e-04,-8.29248331e-03,-9.60932811e-03,1.50987074e-02,-1.26678083e-02,-2.77944008e-02,2.52541533e-02,1.22685613e-02,-1.17959934e-02,3.07295415e-03
1.55982674e-02,2.70466254e-02,4.30896757e-02,5.06839619e-02,3.49789502e-03,-1.86640532e-02,-1.76640605e-02,-1.39430986e-02,-1.40010706e-02,-5.96779598e-03,1.89120868e-02,1.65951574e-02,3.73726690e-03
-9.12272836e-03,1.49226884e-02,-3.69814872e-03,-1.52249782e-02,-1.05482833e-02,3.64285763e-02,2.49258063e-02,1.28389826e-02,-3.01389963e-04,2.68747303e-02,2.91550989e-02,-6.45036193e-03,-2.66058054e-03
4.48032076e-02,-2.69538877e-03,1.01036373e-02,3.70587744e-03,1.81245935e-02,1.40510822e-02,2.63018024e-02,9.85316016e-03,1.35483192e-02,4.94735237e-03,2.62127185e-02,2.71446742e-02,1.04371912e-03
-1.87248606e-02,-5.78439022e-03,-1.90607166e-02,-4.59416375e-02,-1.55326708e-02,5.44803029e-02,3.82289690e-02,2.87419696e-02,3.39264547e-02,7.20964007e-03,2.63707298e-02,-1.41845831e-02,-1.61647677e-02
4.73302991e-02,-2.48735083e-02,-2.25855153e-02,-3.88994493e-02,-8.92038911e-03,3.37197365e-02,4.74495024e-02,3.49057218e-02,1.46852120e-02,-1.44278477e-03,5.29784835e-03,1.98237719e-03,-1.70150268e-02
-7.08272323e-03,3.50756733e-04,-1.72811623e-02,-6.21405643e-02,-3.02763564e-02,4.85999960e-02,4.67106533e-02,3.31249792e-02,3.14043468e-02,-1.46419035e-02,4.79043113e-03,-1.67192658e-02,-2.43470903e-02
3.37759119e-02,-1.97141643e-02,-1.06572169e-02,-6.14881853e-02,-1.52772176e-02,3.26708720e-02,6.05089080e-02,2.88497390e-02,-2.08470944e-03,-1.60392610e-02,3.53690060e-03,-1.13999566e-02,-1.98801942e-02
5.89118259e-03,1.62296099e-02,3.88100975e-02,-3.03587083e-02,-2.77502836e-02,2.73895264e-03,1.18859504e-02,1.14378856e-02,6.24652364e-03,-3.74160190e-02,-4.54478077e-03,-7.99467468e-03,-1.72312207e-02
3.33175795e-03,6.11513852e-03,1.76473030e-02,-4.81636913e-02,-2.54383156e-02,1.57411085e-02,3.58941840e-02,2.30013992e-02,-3.03211016e-02,-9.47192960e-03,1.54408029e-02,2.07998293e-03,-1.67760348e-02
-2.64617491e-03,2.77117518e-02,5.47807254e-02,1.23694755e-02,-3.08862167e-02,-2.45017507e-02,-2.27443744e-02,8.72209526e-03,7.50425326e-04,-2.62345443e-02,4.81056941e-03,1.95822861e-02,-1.54870796e-02
-1.53759701e-03,3.96875666e-02,4.10478343e-02,-3.27230705e-02,-3.75673893e-02,-1.51277924e-03,1.38352277e-02,1.51019493e-02,-3.83298312e-02,-3.54401660e-03,4.58687384e-02,6.54747245e-03,-2.59258010e-02
2.75393739e-02,4.03875406e-02,7.52558921e-02,2.59650755e-02,-1.20929269e-02,-4.33222664e-02,-2.92159496e-02,-6.56049416e-03,-5.46422316e-03,-1.99701345e-02,2.45179733e-02,3.38242419e-02,-1.53445479e-02
-5.10242821e-03,5.49962982e-02,4.92916595e-02,7.88716788e-03,-7.72820583e-03,3.58790524e-03,-1.42082113e-02,-1.74765430e-03,-2.37298297e-02,-3.17812512e-03,4.63364971e-02,-2.14287539e-02,-2.30875862e-02
4.25080000e-02,3.90606487e-02,6.79329756e-02,4.93899047e-02,7.10892655e-03,-2.72412262e-02,-3.12699848e-02,-1.00594333e-02,-2.18226527e-02,-1.65902396e-02,9.06587991e-03,4.95831113e-03,-8.70722994e-03
-8.17465301e-03,3.03575229e-02,2.18475834e-02,1.43186519e-02,1.60239012e-02,1.61554822e-02,-6.05159502e-03,-4.99914794e-03,-9.21738647e-03,8.00066642e-04,1.88172523e-02,-3.76653349e-02,2.54427961e-03
3.90805573e-02,-1.58811535e-02,2.75796834e-02,2.51641438e-02,4.29353442e-02,-7.05996089e-04,-2.02572456e-03,-4.68438262e-03,-6.23687570e-03,-1.21452521e-02,-7.58562986e-04,-1.25985556e-02,2.47863912e-02
-2.39987865e-02,-3.07796330e-02,-1.14868843e-02,8.96013350e-04,3.43647660e-02,1.81983544e-02,-1.07489153e-02,-2.32323400e-03,3.03706804e-02,6.63368159e-04,-7.07595211e-03,-3.26402748e-02,4.27237841e-02
4.05542077e-04,-6.04683348e-02,-3.89889646e-02,-1.03095797e-02,3.62299115e-02,8.19999634e-03,7.57434752e-03,2.00888250e-02,1.78197692e-02,6.00837855e-03,-1.04354023e-02,-8.92347986e-03,5.81102747e-02
-4.19393191e-02,-7.91621650e-02,-5.37876680e-02,-1.12816088e-02,2.36052531e-02,6.73792488e-03,-2.02785550e-02,1.81537329e-02,6.98849449e-02,1.23171302e-02,-3.01410086e-02,-7.72062713e-03,4.89884462e-02
-3.70559384e-03,-7.45437031e-02,-6.71209949e-02,-4.01276780e-02,2.56948920e-02,-8.41653320e-03,1.08596247e-02,2.83128110e-02,1.91334046e-02,1.26993279e-02,-1.84133595e-03,-9.43199352e-03,3.90213355e-02
4.60811119e-03,-7.57594813e-02,-4.66502136e-02,-1.79064128e-02,1.44150808e-02,-2.30626743e-02,-3.32654982e-02,6.97526730e-04,5.14020881e-02,-8.38016581e-03,-3.93799320e-02,6.57159644e-03,1.37235649e-02
1.94351460e-02,-4.37209866e-02,-5.71440836e-02,-2.91766284e-02,1.83405724e-02,-2.13652015e-02,-2.33633328e-02,8.59048213e-03,6.23893287e-03,6.15084140e-03,-8.89080769e-03,-2.56262075e-02,-7.58959748e-03
4.57833466e-02,-2.37659300e-02,-1.11130617e-02,1.36476677e-02,5.42832205e-03,-4.08985616e-02,-4.98856277e-02,-1.13063187e-02,2.85612919e-02,-1.51789739e-02,-4.17510396e-02,-4.77030705e-04,-3.11959175e-02
2.88098125e-02,1.57281671e-04,-1.84675413e-02,-4.87548913e-03,1.36434598e-02,-1.71831472e-02,-2.34826789e-02,-8.02730216e-03,1.07208567e-02,1.07149362e-02,-2.52339859e-03,-3.21450215e-02,-4.58997947e-02
5.53389741e-02,-5.53270322e-03,2.41382442e-02,3.17424684e-02,2.49348512e-02,-3.18135293e-02,-2.77812731e-02,-6.23175564e-03,3.00580800e-02,-8.36449946e-03,-1.55261520e-02,1.22490239e-03,-4.10096912e-02
1.00549673e-02,1.18459222e-02,1.73306398e-02,8.12208882e-03,2.40889814e-02,1.53576425e-02,-1.37964112e-02,-1.06591955e-02,2.97536787e-02,2.97215018e-03,1.55207879e-02,-1.86632634e-02,-3.77599505e-02
3.62874436e-02,1.10371158e-02,3.38509500e-02,3.66728989e-02,2.73066819e-02,-5.75372270e-03,-1.03910608e-02,9.67466837e-03,2.46549141e-02,-9.21162156e-03,2.45946436e-03,-2.52296834e-03,-1.13378679e-02
-1.16773213e-02,1.15245435e-02,3.49520023e-02,5.73944350e-03,2.88703543e-02,3.91936653e-02,1.54531317e-03,-4.30519801e-03,4.10159364e-02,-7.11081218e-03,9.85338478e-03,-1.08996935e-02,-1.54750222e-02
2.22832852e-02,1.41122500e-02,4.65634206e-02,1.99609694e-02,4.08204993e-02,-4.40986480e-03,1.66241448e-02,5.37746503e-03,2.04844991e-03,-2.01254309e-02,1.50938125e-02,-6.82890210e-03,1.05058851e-02
-2.01680120e-02,-1.79422300e-02,5.06570925e-02,7.80625447e-03,4.93277603e-02,4.15013477e-02,1.97944423e-02,-2.18854043e-02,1.18952891e-02,-3.12076995e-02,-2.41958233e-03,-3.57707548e-03,3.97063641e-03
-2.49844986e-03,-5.18277420e-03,3.26577170e-02,1.53695462e-03,4.79804537e-02,6.43287364e-03,2.49180376e-02,-2.63263022e-03,-3.53306822e-02,-2.84625873e-02,1.11682631e-02,-5.11145246e-03,1.07920017e-02
-1.44917981e-02,-4.48523907e-02,2.51573577e-02,7.02379006e-03,2.72163385e-02,1.73495197e-02,6.94671250e-03,-2.42703076e-02,-4.28056612e-03,-3.34109777e-02,-1.88805322e-02,3.04091765e-03,1.04436154e-02
-1.26505493e-02,-2.38571760e-02,-2.87778933e-03,-1.66225804e-02,1.97197981e-02,-1.77729715e-03,2.40999017e-02,-1.56902911e-03,-3.29879103e-02,-2.85195973e-03,2.46418936e-02,3.36923117e-03,-1.57646449e-04
4.25138856e-03,-7.85775598e-02,-4.07796131e-04,-1.76963063e-02,1.47421757e-02,-8.42081619e-03,4.15812690e-02,1.87128154e-03,1.70777734e-02,-4.30805500e-03,-7.16148646e-03,1.54873799e-02,4.02044621e-04
9.66202398e-03,-3.03998121e-02,-1.80387648e-02,-3.29037539e-02,-3.22266338e-03,-7.07960166e-03,4.12089589e-02,4.45881357e-03,-1.53224442e-02,1.38652802e-02,3.66728294e-02,-3.05853325e-03,-1.41641686e-02
3.36653926e-02,-4.25445816e-02,-1.70772836e-02,-5.83172045e-03,-2.03177462e-02,-1.08260019e-02,3.49968489e-02,1.79071055e-02,9.59299564e-03,2.52355735e-03,-5.96028832e-03,1.37967044e-03,-4.27781785e-03
2.80033740e-02,5.94065043e-03,-2.09331402e-02,-2.45745405e-02,-2.21445335e-02,9.69453898e-03,3.74827677e-02,5.20319553e-03,-1.37929903e-02,1.70019181e-02,2.97676633e-02,-1.54609692e-02,-1.68131043e-02
7.19584844e-02,1.56088568e-02,1.71219471e-03,2.83965023e-03,-3.42452959e-02,-2.29372376e-02,2.43259644e-02,6.07194873e-03,-1.00723232e-02,-1.34052529e-03,-6.21512478e-03,-1.03355055e-02,-4.77161966e-03
2.90930104e-02,1.27743266e-02,9.58227403e-03,-1.45204440e-02,-9.98728040e-03,2.97595572e-02,3.45905850e-02,-1.02333824e-02,-6.47347760e-03,1.73483222e-02,1.98960533e-02,-1.70703254e-02,-1.34083646e-02
3.96177044e-02,4.23571365e-02,8.85641061e-03,1.58046605e-02,-9.99866096e-03,-5.53989700e-03,2.15130800e-02,8.42618584e-03,-2.65099699e-02,1.14838065e-02,-9.89099520e-03,-5.56298902e-03,-8.05547658e-03
-9.71302972e-04,-2.13613586e-03,3.57172833e-03,8.23646486e-03,-2.69260404e-02,4.68184889e-02,3.09287137e-03,-1.30232026e-02,-1.12878551e-03,1.51285291e-02,-4.11556683e-03,1.44378567e-03,1.77735119e-03
-1.10244280e-02,2.68415583e-02,-1.00964432e-02,1.67029842e-02,-1.39629556e-02,3.62673333e-03,-7.25538740e-03,1.68063369e-02,-1.66584362e-02,2.89861835e-02,7.96449671e-03,2.04830221e-02,1.58851976e-03
-2.32325592e-02,-4.57259395e-02,5.01752384e-03,6.54064574e-03,-1.10546726e-02,3.40446770e-02,-6.03081199e-03,-1.73915089e-02,9.62029493e-03,4.32826191e-03,-2.47155327e-02,1.92844759e-02,1.35307848e-02
-1.78899429e-02,-1.03208934e-02,-3.09248402e-03,-1.77680080e-04,-5.78913717e-03,-1.05251419e-02,-2.17458795e-02,8.73878110e-03,-9.07013552e-03,1.61478372e-02,5.87193027e-03,1.54370719e-02,-2.44909945e-04
-4.08858236e-02,-5.38373089e-02,-1.50281806e-02,8.39300014e-03,-1.78371326e-02,2.49803724e-02,-1.85391731e-02,-1.76546766e-03,1.79105918e-02,-1.33111638e-02,-4.54685322e-02,1.17122587e-02,1.23523820e-02
-2.76891171e-02,-1.88646761e-02,-1.33475103e-02,-1.19126775e-02,-1.48490993e-04,-5.43445921e-03,-2.63861768e-02,7.32560917e-03,-1.48549546e-02,-2.49486945e-03,2.98715745e-03,-8.48920918e-04,1.11038388e-03
-1.85020964e-02,-3.15582825e-02,-8.29371827e-03,-5.70748015e-03,-9.30828788e-03,6.41020376e-03,-3.30281302e-02,-6.00526804e-04,4.65361196e-03,-3.11446476e-02,-4.66903857e-02,4.52952192e-03,1.50435676e-02
-5.52043594e-03,-1.39281271e-02,1.29480783e-03,-4.18142478e-02,4.50184347e-03,-2.07031323e-03,-3.32571550e-02,-3.72795845e-03,-1.64520897e-02,2.91878462e-03,9.99068612e-03,-7.53395822e-03,-4.67383911e-03
5.30915293e-04,1.08401241e-02,1.81963217e-03,-1.04868709e-02,5.60740051e-03,-1.81434708e-03,-3.35008373e-02,8.95961202e-03,-1.47473770e-02,-8.93286240e-03,-3.57664881e-02,4.33753772e-03,1.69570285e-03
1.94732793e-02,8.03829050e-03,1.59808635e-02,-2.81519423e-02,-9.05223170e-03,1.83813900e-02,-3.21695944e-02,-7.39020567e-03,-1.92546936e-02,1.74833899e-02,1.30503637e-02,-1.20807783e-03,-3.69857714e-03
2.41819317e-02,3.22941615e-02,1.83570907e-02,-1.41918477e-03,7.37839855e-03,-3.29691782e-03,-1.54915849e-02,2.21724386e-02,-1.41255636e-02,1.53770565e-02,-3.15279954e-03,1.49117226e-02,-5.89884426e-03
3.14927086e-02,1.87102536e-02,3.57759034e-02,-3.16049333e-03,-1.88679040e-02,3.57888488e-02,-2.79594863e-02,-2.43973820e-02,-2.12679157e-02,8.71769271e-03,8.71797567e-03,6.72777015e-03,1.88521052e-03
3.77988393e-02,3.92291607e-02,3.77522450e-02,2.51459538e-02,9.34174563e-03,-1.19088665e-02,-1.34815771e-02,1.00426214e-02,-2.86985861e-02,8.67584627e-03,5.41348301e-03,1.39645755e-02,-2.72282052e-03
9.73652391e-03,5.69333838e-03,1.95511599e-02,2.58407668e-02,-2.35069044e-02,4.01939920e-02,-1.51143676e-02,-1.97305261e-02,-2.97048831e-03,-7.85554648e-03,-1.89592392e-02,1.12299347e-02,6.84756458e-03
2.34443202e-02,1.51573154e-02,1.62741439e-02,3.88631476e-02,1.07330273e-02,-2.56720801e-02,3.46511198e-03,7.82035179e-03,-1.90257755e-02,-1.98467970e-04,2.60933389e-03,-2.28498451e-03,4.70585391e-03
-2.67714057e-02,-1.97093629e-02,-1.64412627e-02,2.61019572e-02,-1.09332716e-02,2.56989500e-02,3.95437538e-03,-4.88556353e-03,1.68646244e-02,-2.60939425e-02,-3.52181815e-02,5.26988395e-03,2.22111863e-02
-1.19507153e-02,-9.51977201e-03,-2.04008595e-02,8.46196146e-03,3.25874668e-03,-2.28781740e-02,1.27428388e-02,1.15388282e-02,-5.09341263e-03,-3.35477766e-04,8.57290766e-03,-3.73587522e-03,8.54301330e-03
-5.89796121e-02,-2.45183227e-02,-4.31401986e-02,1.57028297e-02,-5.41352572e-04,1.85159467e-02,1.80584118e-02,1.60898429e-02,1.16460338e-02,-2.13763125e-02,-3.79952805e-02,2.29164638e-03,1.73571431e-02
-2.48033454e-02,-1.48883112e-02,-1.94358354e-02,-7.82414082e-03,2.09235752e-03,-8.97056918e-03,6.91934830e-03,7.28593168e-03,-1.27769703e-02,1.09533401e-02,2.00989191e-02,-8.15301637e-03,-8.65422931e-04
-3.58348964e-02,-1.76913372e-02,-1.86717746e-02,1.00339495e-02,1.98781817e-02,3.11724076e-03,1.59796369e-02,2.00827877e-02,-2.34102158e-03,-4.87063345e-03,-1.53933774e-02,7.83559606e-04,6.22662381e-03
-4.97562022e-03,-1.00887031e-03,4.30028551e-03,-8.37958765e-03,-6.71418040e-03,1.76836115e-02,-9.52532888e-03,-5.01838801e-06,-2.01704486e-02,1.53636861e-02,3.28497534e-02,-9.47783559e-03,-8.46180407e-03
-5.36228031e-03,9.46995658e-03,8.62155332e-03,2.43139449e-02,2.95993603e-02,-1.31385964e-03,3.79511374e-03,1.75311865e-02,-2.29100377e-02,-1.89279692e-03,-4.63444540e-04,8.56769036e-05,-1.85352624e-03
5.43993133e-03,7.16309935e-03,2.65460741e-02,8.81151218e-03,-2.57446400e-03,3.28911429e-02,-2.49046601e-02,-1.49960293e-02,-1.14346630e-02,1.39743292e-02,2.90307845e-02,4.87115425e-03,-7.14514441e-03
2.72442514e-02,2.15101567e-02,3.44099534e-02,3.78623313e-02,3.97360264e-02,-2.38558791e-02,-6.96484796e-03,-1.88047727e-03,-1.58325680e-02,7.63375259e-03,1.66990055e-02,4.22265518e-03,2.99982999e-03
-6.79239344e-03,8.12697875e-03,1.86573286e-02,2.08939279e-02,5.77138470e-03,3.11135985e-02,-1.91998791e-02,-2.54134103e-02,9.97280073e-03,1.14875813e-02,1.78320757e-02,1.73043334e-02,1.30963511e-02
1.44450963e-02,3.27363851e-02,1.60451936e-02,3.68135311e-02,2.48017473e-02,-2.15423739e-02,-6.73941071e-03,-8.89141962e-03,-2.46833465e-03,7.38638932e-03,1.77331659e-02,1.18844863e-02,1.38949574e-02
-4.25632845e-02,3.25774516e-03,-3.86247238e-03,3.39479264e-02,1.16321044e-02,3.10062251e-02,-2.33734389e-03,-2.89902706e-02,8.49551860e-03,-1.32007489e-02,-9.25524454e-03,1.97700471e-02,2.52738317e-02
-4.98675199e-03,2.21705655e-02,-1.84215878e-03,2.27761794e-02,1.94220286e-02,-1.00903051e-02,2.73324149e-03,-1.80870314e-02,-1.29264566e-02,-7.98898239e-03,9.06208429e-03,3.21175498e-03,8.22142249e-03
-6.42652485e-02,-1.73835078e-02,-1.53060290e-02,3.47316195e-02,2.36762408e-02,3.07884013e-02,1.26306089e-02,-2.71411843e-02,-1.12785641e-02,-4.12090545e-02,-3.30149000e-02,9.43169407e-03,2.61144195e-02
-2.09887520e-02,8.07089613e-03,-1.21163953e-02,1.15061611e-02,2.72757898e-03,9.58687499e-03,-4.58694660e-03,-1.31442375e-02,-3.70353718e-02,-2.04796484e-02,6.13158065e-03,-5.17388553e-03,6.87952814e-03
-4.85533229e-02,-1.33802797e-02,-2.48114110e-02,8.95645770e-03,5.64757899e-03,5.98180103e-03,5.92388118e-03,-4.69749542e-03,-2.64335443e-02,-4.45297018e-02,-3.20624500e-02,2.06444952e-03,1.59181823e-02
-1.12768258e-02,-5.98502677e-03,-1.32511436e-02,-2.02854054e-02,-1.41799817e-02,5.19918089e-04,-1.26973481e-02,9.79804990e-03,-2.52422439e-02,-8.29240772e-03,1.95761985e-02,-5.40569818e-03,-4.36422678e-03
-1.43129345e-02,-6.19654224e-04,-8.47445930e-03,-6.97515923e-03,1.13353432e-02,-2.82291125e-02,-1.83561876e-04,1.68322690e-02,-1.84024998e-02,-2.32651562e-02,-1.82228375e-03,6.68741097e-03,1.56312803e-02
-7.15155594e-03,9.52381511e-04,-4.57194295e-03,-2.84325255e-02,-3.32925667e-03,-4.65411611e-03,-2.39843327e-02,1.61092168e-02,-1.82650809e-03,1.53639059e-02,4.73225278e-02,2.22050781e-02,4.19056383e-03
1.14870446e-02,2.40301528e-02,5.84035682e-04,-4.51966882e-03,2.12114111e-02,-3.59339213e-02,-8.86499383e-03,2.86823731e-02,-3.60753404e-04,5.29968513e-03,2.44360140e-02,1.45880432e-02,1.45566409e-02
1.44081887e-02,2.17624303e-02,4.69195319e-03,-2.78218615e-02,8.24135071e-03,1.48050338e-03,-2.44148651e-02,1.06234132e-02,2.63058526e-02,1.75842576e-02,4.31009525e-02,1.90298220e-02,3.53720410e-03
4.29072980e-02,4.86672192e-02,1.45831570e-02,-8.10037874e-04,3.66164674e-02,-2.74068780e-02,-8.88593518e-03,1.84282160e-02,9.96399210e-03,1.03805347e-02,2.16857919e-02,-6.40413294e-04,1.24023265e-03
7.51053578e-03,2.23840954e-02,2.08262097e-03,-8.49012009e-03,1.97908270e-02,3.10168580e-02,-3.79442395e-03,5.79082123e-03,3.88273597e-02,-4.93311131e-03,1.57668623e-03,-6.64563952e-03,-1.67263953e-03
3.08729164e-02,5.05316737e-02,1.78727978e-02,2.73675484e-02,3.06648901e-02,6.89901164e-03,-1.28281166e-02,4.02266652e-03,-3.95661778e-03,2.39681128e-03,9.26757219e-03,-1.94737600e-02,-5.95440745e-04
-5.13487142e-03,1.02271117e-02,-8.96963117e-03,-6.70449930e-03,9.71711209e-03,2.90530839e-02,8.44661199e-03,-1.45670759e-03,3.99317784e-02,-1.10381166e-02,-2.07980087e-02,-1.24450161e-02,5.92177868e-06
1.60271079e-02,7.30458558e-03,1.02173299e-02,8.25515506e-03,1.55891159e-02,1.21641790e-02,-3.83181317e-03,1.37529089e-03,6.04582589e-04,9.43604027e-03,1.24797880e-02,-1.18790970e-02,-7.76724571e-03
-1.60982299e-02,-8.99657658e-03,-1.90722543e-02,-1.66587552e-03,2.65793367e-03,1.33763391e-02,7.08120401e-03,-7.45263406e-03,7.76842796e-03,-2.34324807e-02,-3.15195170e-02,-4.12664089e-03,8.79544835e-03
-1.28615298e-02,-2.08793860e-02,-5.23889256e-03,2.68964889e-03,3.57058898e-03,6.77138183e-03,-1.31007642e-02,-2.50767712e-03,-7.41175646e-03,1.30842086e-02,2.75233506e-02,2.03582193e-02,-3.89501370e-03
-2.86655249e-02,-2.77280153e-02,-2.02984007e-02,-1.22847365e-03,7.84344170e-03,-8.34570366e-03,3.61173182e-03,-5.74978476e-03,-4.72564427e-03,-1.61173561e-02,-2.82212034e-03,2.77413925e-02,1.91820851e-02
-6.64347876e-03,-3.24541396e-02,-9.88886180e-03,-2.71281824e-02,-8.69427388e-03,-8.31990542e-03,-9.87484054e-03,-2.05694395e-03,1.08262278e-02,1.20771913e-02,5.64112702e-02,3.46629430e-02,-1.86114596e-03
-1.56784728e-02,-1.49166353e-02,-1.17670133e-02,-1.09386944e-02,2.26909959e-03,-2.20100738e-02,9.09110234e-03,6.70969008e-03,4.50523828e-03,-1.56893805e-03,3.05668809e-02,4.57045077e-02,1.74471408e-02
-7.03539926e-05,-2.07388022e-03,-1.31642292e-02,-3.99387956e-02,-2.83163597e-02,8.00098431e-03,4.38411400e-03,1.21307607e-02,2.11404254e-02,5.34647479e-03,4.87789344e-02,2.92457080e-02,-2.73705339e-03
6.69724472e-03,3.45989873e-02,2.13007586e-02,1.24706003e-02,-5.23240663e-04,-1.62870885e-02,5.24025586e-03,-4.21141488e-03,-2.57028386e-02,-1.04994023e-02,3.28428308e-02,3.17865044e-02,9.59910550e-03
1.53128991e-02,1.89884287e-02,7.54096176e-03,-4.33651955e-02,-2.82976883e-02,1.05592942e-02,3.22302251e-02,1.64253360e-03,3.19851608e-02,-3.61175824e-03,2.48538578e-02,1.11123000e-02,-7.90637259e-03
2.23932483e-02,4.66573253e-02,4.87201230e-02,1.36785642e-02,1.83794028e-02,-1.26308839e-02,2.28956771e-02,-5.71449924e-03,-2.72405061e-02,-2.97124450e-03,2.78132859e-02,1.39915958e-02,-1.12500371e-02
-2.53320376e-03,1.90185874e-02,4.28366741e-03,-2.18813551e-02,-1.94250949e-02,2.05428981e-02,3.66478168e-02,-3.80288791e-05,1.25284176e-02,-6.58348306e-03,-8.99577882e-03,-2.77562970e-03,-7.95448711e-05
9.24183671e-03,2.38117074e-02,4.08394288e-02,2.32382920e-02,2.44329814e-02,2.39188713e-03,2.15708027e-02,1.74484925e-03,-3.11483258e-02,4.19931204e-03,7.92828301e-03,-5.78103339e-03,-1.45197902e-02
-1.58025746e-02,-1.55738687e-02,4.56973287e-03,-9.34453334e-03,1.91181570e-03,1.10184447e-02,4.61220596e-02,-5.80796533e-04,-1.04108550e-03,-1.10876303e-02,-3.59559839e-02,-2.44332277e-02,2.72152015e-03
3.28279675e-03,-1.22521862e-02,2.86847835e-02,1.24298998e-02,1.35789546e-02,-1.36008857e-02,9.61537297e-03,1.54098411e-03,-1.32631965e-02,1.13798457e-02,1.49053291e-02,-2.96602695e-02,-2.01275020e-02
-2.05067623e-02,-4.11494799e-02,-1.60515473e-02,-8.20378373e-03,-6.83235096e-03,-1.10616110e-02,3.52576487e-02,1.35446178e-02,9.91721592e-03,5.15440878e-03,-2.59456583e-02,-3.78849794e-02,2.58808614e-04
-1.26151803e-03,-2.60082687e-02,-5.22972218e-03,4.09304752e-04,-1.63653719e-02,-1.14605050e-02,-7.43910696e-03,8.18855361e-03,-1.28807259e-03,1.05124040e-02,9.93272837e-03,-4.13559409e-02,-1.29571992e-02
6.13735190e-03,-3.43058816e-02,-1.37356904e-02,2.34768158e-03,-7.72769898e-03,-2.61220512e-02,1.48494310e-02,1.46345274e-03,-6.84765379e-03,-3.78288013e-03,-1.80833397e-02,-3.72217706e-02,1.20569397e-03
4.11982899e-02,-1.97296604e-02,-1.25186409e-02,-2.50873043e-02,-3.58645028e-02,-1.07455150e-02,3.90799815e-03,-7.89222781e-03,4.45893184e-03,-3.30590101e-03,2.59981991e-03,-4.39346065e-02,-1.23050187e-02
5.04688635e-02,9.16412203e-03,-4.17693394e-03,-2.47745423e-03,-1.57143468e-03,-2.77672201e-02,1.39630056e-02,-1.06447207e-03,-2.38769968e-02,-9.17908384e-03,-1.69483164e-02,-2.87012285e-02,-2.52035146e-02
5.82303079e-02,1.38136625e-02,-2.67137192e-02,-3.31842750e-02,-4.91191253e-02,8.03500558e-03,1.74667627e-02,1.94913729e-04,7.59550098e-03,1.34662880e-03,-6.57519010e-03,-2.66684971e-02,-1.01101230e-02
7.16122680e-02,3.78182565e-02,1.16928233e-02,-5.09313837e-03,8.11535478e-03,-1.80678335e-02,9.37629697e-03,4.35407903e-03,-1.44725201e-02,-5.26657309e-03,-3.62166208e-03,-9.23661873e-04,-2.33856173e-02
5.67166443e-02,1.83935382e-02,-7.99238271e-03,-3.98414742e-02,-2.56231233e-02,1.23729206e-02,4.29401524e-02,2.46227795e-03,1.91861906e-02,-1.69660112e-03,-2.06305732e-02,-1.04134484e-02,-2.64251544e-03
5.74144207e-02,6.12039192e-02,3.30367315e-02,8.22227804e-04,1.29370188e-02,-1.30371996e-02,-3.82631354e-03,5.70001839e-03,2.21435614e-04,-1.46123308e-03,1.16807411e-02,1.34993602e-02,-2.28972848e-02
1.56232412e-02,1.92923681e-02,2.77065950e-03,-2.56700770e-02,-9.15122991e-03,6.41773302e-03,3.25141081e-02,2.82743519e-03,2.30639243e-02,-6.23566418e-03,-2.29619483e-02,-6.71093579e-03,6.31712149e-03
6.85077697e-03,4.11412108e-02,4.44241806e-02,1.05244466e-02,1.21184802e-02,-1.31370470e-02,-2.05825601e-02,-5.31883299e-03,3.49632254e-03,-9.51065510e-03,8.97518497e-03,6.37188191e-03,-4.43606686e-03
-2.22930921e-02,-1.86935753e-02,1.32761204e-02,-1.31956274e-02,9.64285942e-03,-9.51525966e-03,2.09663217e-02,-3.42475207e-03,2.48825050e-02,-7.62968882e-03,-1.72665406e-02,-9.45807741e-03,2.72456974e-02
-1.27019896e-02,1.11156659e-03,3.02001201e-02,6.67202555e-03,-2.61820024e-03,-1.58809713e-02,-2.58757606e-02,-7.44196649e-03,5.82841522e-03,-4.78699404e-03,1.43145739e-02,-1.30241110e-02,2.12536427e-02
-4.63575177e-02,-3.74221654e-02,4.79937171e-03,7.58972446e-03,2.24006786e-02,-7.53035308e-03,8.93457562e-03,-2.42209393e-03,-8.06397706e-04,1.92619833e-04,-1.35754285e-02,-7.50626834e-03,2.94990566e-02
-1.80764057e-02,-2.25332746e-02,9.69137793e-03,1.24155631e-02,-7.50705049e-03,-2.87182860e-03,-1.51393125e-02,-1.43820531e-02,-1.17587376e-02,-3.44748159e-03,9.69295212e-03,-2.08467709e-02,2.80531318e-02
-7.38722719e-03,-3.97391733e-02,3.40590200e-03,1.02432117e-02,3.32518120e-02,-1.84981295e-02,2.24242547e-03,-1.80816360e-02,-1.51109458e-02,8.17384020e-04,7.13397537e-04,7.21307487e-03,2.38986593e-02
1.76483082e-02,-3.59148311e-02,-6.28786474e-03,-3.99552748e-03,-2.44892055e-03,-2.06898108e-03,5.34644458e-03,-2.95974547e-02,-5.43561548e-03,-1.20962273e-03,1.71127029e-03,-4.75709030e-03,2.33702751e-02
3.46299981e-02,-4.21985891e-03,4.34376461e-04,2.88935746e-02,3.85716830e-02,-1.70250412e-02,-1.88748160e-02,-3.66573883e-02,-2.90269477e-02,-6.24729427e-03,7.08037872e-03,2.68940283e-02,1.02279667e-02
4.38847209e-02,-1.87005946e-02,-1.24846819e-02,4.04298565e-03,1.37744696e-02,-7.76565646e-04,4.20521447e-03,-5.03778329e-02,2.30338301e-03,-1.39160332e-02,-4.27643244e-03,1.29405571e-02,2.38648620e-02
5.85619940e-02,1.81289239e-02,1.13397164e-02,3.12520178e-02,4.24142458e-02,-1.78140684e-02,-1.85362784e-02,-4.14549308e-02,-1.60924823e-02,-1.80616003e-02,4.13325994e-03,2.37701381e-02,-2.15103773e-03
3.63791920e-02,-2.95592142e-04,-1.20010429e-02,5.81559011e-03,1.82140210e-02,5.78574494e-03,1.85137536e-02,-4.09291996e-02,1.33591640e-02,-2.13631405e-02,-1.84236080e-02,1.07275759e-02,1.78664820e-02
4.18760485e-02,3.87741285e-02,1.29991865e-02,3.33753360e-02,8.97409955e-03,-6.00238613e-03,-2.37458121e-02,-1.27462814e-02,-1.38109048e-03,-1.19025582e-02,2.27532054e-03,-5.59936164e-04,-2.80475434e-03
3.43431234e-03,9.77271010e-03,-1.33574640e-02,8.81962998e-03,-1.43862827e-03,1.11148571e-02,2.14540543e-02,-1.73700978e-03,8.12384817e-03,-7.47497236e-03,-3.16705675e-02,-7.07278934e-03,2.14352597e-03
2.33840900e-02,3.61983140e-02,2.02479363e-02,1.91003933e-02,-2.71200512e-02,-5.21533140e-03,-1.78954453e-02,2.64628885e-02,1.89126304e-03,6.23568865e-04,-6.22208120e-03,-3.40963254e-02,-2.00865711e-02
-1.29621807e-02,-7.80827371e-03,-7.38340832e-03,-1.08881298e-02,-1.86475194e-02,2.11085616e-03,2.54943561e-02,3.25729878e-02,6.86053015e-04,8.87313539e-03,-2.62604654e-02,-2.05755843e-02,-1.64088837e-02
9.99214606e-03,3.91702008e-03,1.10824120e-02,-2.36418432e-02,-5.37462426e-02,-9.49886644e-03,2.86955179e-03,4.53847399e-02,1.08466538e-02,1.07965019e-02,-7.87750473e-03,-3.14133449e-02,-3.28998697e-02
-2.41386117e-02,-1.60986532e-02,-1.18870281e-02,-1.56025223e-02,-3.01367268e-02,-4.35840571e-03,1.27944442e-02,3.84043164e-02,-2.06673994e-02,1.44434547e-02,-1.05386344e-02,3.33664356e-03,-2.29085144e-02
-2.54506505e-03,-1.25271540e-02,-2.61960022e-03,-3.07267838e-02,-5.08824674e-02,-1.38506459e-02,6.58472774e-03,2.71565083e-02,1.14846522e-02,4.30500291e-03,5.01345756e-03,4.03117965e-03,-1.54186742e-02
2.56815281e-03,-1.45997682e-02,-3.90627944e-02,-1.87347978e-02,-1.16277879e-02,-1.52381313e-02,7.51245842e-03,5.30024402e-02,5.09342063e-03,1.71176375e-02,6.21816273e-03,6.95736116e-03,-2.07445432e-02
7.43220925e-03,-4.68954758e-03,-3.18327304e-02,-2.70964404e-02,-4.20921368e-02,-2.00388123e-02,3.33100602e-03,3.80302436e-02,3.60121689e-02,7.70333662e-03,2.29489686e-03,-5.06166936e-03,-9.37571876e-03
1.61663158e-02,1.90400599e-02,-2.45310261e-02,2.40797497e-02,7.44961989e-03,7.03495998e-03,-2.51045158e-02,3.65990174e-02,1.79930133e-03,5.02642143e-04,1.64537873e-03,1.39712241e-02,-4.98077779e-03
-2.58209956e-02,2.54913909e-02,-6.78851984e-02,-6.00199032e-03,-1.24027409e-02,2.34978355e-02,-5.10302719e-03,3.02439403e-02,-1.23535197e-02,2.51673191e-02,-1.97220714e-03,-1.70826893e-03,1.79180663e-02
1.88015885e-02,5.92193652e-02,-1.10350304e-02,6.15730257e-02,4.36748810e-03,4.30933273e-02,-3.68907437e-02,3.97248766e-02,-1.81787430e-02,2.71183296e-02,1.70714933e-02,-1.57632719e-02,-9.50535035e-03
-3.13043739e-03,1.97391534e-02,3.74569865e-03,6.49373376e-02,2.06238754e-02,9.18536829e-02,2.93828768e-02,2.29828197e-02,5.05985331e-03,1.52447891e-02,-5.09370287e-03,-3.82232965e-02,6.66886592e-03
1.10962346e-01,5.37529903e-02,5.09886686e-02,8.66414794e-02,-4.54449697e-03,1.00474973e-01,-1.22793833e-04,-6.11483241e-03,3.21089411e-02,-3.85465141e-03,-2.49831603e-03,-3.70894513e-02,-3.66305795e-03
8.67797420e-02,6.42778671e-02,4.34134108e-02,7.31184875e-02,1.49907766e-02,1.25454679e-01,2.60464994e-02,-5.00463503e-03,3.30936595e-02,2.63722532e-03,-3.29310793e-02,-7.36412896e-03,1.38932830e-02
1.25360630e-01,7.50542375e-02,9.46977516e-02,8.25613246e-02,9.80555089e-03,1.18850285e-01,3.59532431e-03,-1.74079101e-02,4.63648202e-02,-2.31268744e-02,-1.20975275e-02,2.67614075e-03,2.02149609e-02
1.32396106e-01,8.12668559e-02,6.91646282e-02,3.36587515e-02,2.72213763e-02,1.07083026e-01,3.33543969e-02,-2.65303578e-02,1.80865888e-02,-4.84972742e-03,7.29759033e-03,3.70311974e-03,-1.15367221e-02
1.22953814e-01,5.61338075e-02,7.57161089e-02,1.60656695e-02,-4.23376706e-03,4.45140722e-02,3.15462833e-02,4.81612210e-03,4.90965983e-02,7.45162407e-03,2.48585075e-02,9.36513795e-03,5.06110733e-03
1.10021122e-01,4.81820141e-02,6.41497203e-02,2.89674671e-03,5.57789324e-02,2.65493440e-02,-1.06698325e-02,7.32503525e-03,2.47728622e-02,-1.33098258e-02,4.64117097e-03,2.52654647e-02,-2.05697972e-02
4.72126149e-02,4.19030976e-02,-8.36890499e-03,-6.24338106e-02,2.95462112e-02,-2.04422099e-02,-2.99258863e-02,1.87822931e-02,2.32215765e-03,-1.06807157e-02,1.25016391e-02,5.35958107e-02,1.08371935e-02
1.53118585e-02,4.63021005e-02,-3.30950987e-02,-6.69632807e-02,5.39181894e-02,-1.70634760e-02,-6.13553758e-02,2.75626777e-02,-2.52075462e-02,-2.34911987e-02,2.08446602e-02,4.76918351e-02,-1.82901211e-02
-3.92858654e-02,8.69443689e-03,-4.86631002e-02,-6.68333314e-02,4.45438907e-02,-2.52044610e-02,-2.42910137e-02,3.54431204e-02,-2.56666578e-02,-7.65938083e-03,2.95559963e-02,5.66431421e-03,-4.56872335e-04
2.30664311e-03,1.78006883e-03,-2.88966168e-02,-3.87090672e-02,1.58576512e-03,-5.83719199e-02,-4.44774701e-02,1.74278864e-02,-1.40430100e-02,-2.91772886e-02,1.93972606e-02,2.86030569e-02,4.88804917e-03
5.16444358e-03,1.26555447e-02,-4.84446587e-02,-3.55549896e-02,-1.24656789e-02,-6.86296222e-02,-2.96446563e-02,2.92020438e-02,-9.70446032e-03,-2.62144295e-02,-1.56814810e-02,1.13912005e-02,1.69259623e-02
5.76782982e-03,-1.24152237e-02,-8.49998751e-03,1.19279404e-02,-2.79324697e-02,-3.34346267e-02,-4.43062081e-02,2.87376328e-02,2.18318896e-03,-5.49346669e-02,-1.14048573e-02,2.08041489e-02,2.82678080e-02
2.88924588e-02,3.22884641e-02,2.78414494e-02,3.69292464e-03,-4.54971122e-02,-3.64675579e-02,-1.42900043e-02,2.55379902e-03,-2.83386266e-02,-4.24866237e-02,3.03528954e-03,-4.08195498e-03,-1.09961895e-02
3.49250405e-03,4.79792170e-03,6.34634246e-02,4.70470208e-02,-7.15959776e-02,-3.18347487e-02,1.99250864e-02,3.95931322e-02,2.01999417e-02,-1.03145514e-02,1.89002409e-02,-3.85848392e-03,5.89303121e-03
-1.61250788e-03,-1.20693812e-02,6.45136774e-02,4.25359289e-02,-1.35917625e-02,-1.48434704e-02,3.24229987e-02,5.09058165e-02,3.97182001e-02,1.07910203e-02,1.92556784e-02,-1.50436493e-02,-3.67868679e-02
1.55516071e-02,-2.19233792e-02,7.26552688e-02,3.45150143e-02,-2.47071057e-02,-3.78192485e-02,4.70393091e-02,4.25793944e-02,5.56193703e-02,1.51664310e-02,7.36253975e-03,1.36378581e-02,-1.95261489e-02
2.56628387e-02,8.42521304e-03,4.70280819e-02,-2.73663943e-02,-4.55607542e-03,6.45604080e-03,6.90153701e-02,5.14723340e-02,4.19622776e-02,-7.96736535e-03,-3.38090124e-03,3.13459963e-02,-3.32110657e-02
2.05345953e-03,5.55119575e-03,8.59435680e-03,-1.06000930e-02,-1.42191024e-02,2.43169898e-02,9.11275452e-02,4.59562294e-02,4.85499562e-02,4.40438000e-03,-2.52214216e-02,4.65926727e-03,-1.89418287e-02
-8.33941741e-03,1.61095957e-02,-2.20734229e-02,-1.41090612e-02,-1.39759290e-02,-1.83917923e-03,9.51519029e-02,4.96720192e-02,6.14857675e-02,1.87591239e-02,-2.46018229e-02,4.45112379e-02,-9.26552341e-03
3.16962232e-03,4.00113255e-02,-1.43569094e-02,9.84650078e-04,-9.34643237e-03,-3.23666982e-02,7.55082302e-02,5.59327445e-03,1.27961668e-02,-1.79071834e-02,-4.25222416e-02,2.24532128e-02,1.14129385e-02
7.27094637e-03,7.72223637e-04,-2.42670097e-02,1.75291153e-03,-1.54942219e-02,6.44041334e-03,6.73861622e-02,-5.19532665e-03,-9.67501448e-03,-3.29294243e-02,-3.29633840e-02,4.64361085e-02,1.40724956e-02
4.75828230e-03,-3.06845818e-02,-3.66666744e-02,-1.16415775e-02,-3.57917037e-02,-1.97577377e-02,1.70367609e-02,-3.64960319e-02,-3.48498861e-02,1.49895098e-02,-9.95896376e-04,3.94163332e-02,5.01554278e-02
-3.19882993e-03,-3.86866769e-02,-1.10513932e-02,1.11109681e-02,-3.72748390e-02,1.38928976e-03,-7.66989143e-03,-2.07395416e-02,-2.63959431e-02,1.30383742e-02,-1.25903282e-02,1.97907464e-02,5.64085941e-02
-1.51556034e-02,-5.57002662e-02,-3.25117393e-03,3.00417593e-02,3.23464921e-03,5.20885410e-02,3.66999978e-03,-5.22254850e-02,-4.19391566e-02,6.75444663e-03,9.04034728e-04,4.42997233e-03,4.63264834e-02
-1.43986511e-02,-7.71493801e-02,1.60484417e-03,4.71639436e-02,1.87090633e-02,2.05398033e-02,-2.48176467e-02,-5.58704281e-02,-3.46918046e-02,3.05805192e-02,1.73305884e-02,-1.08727835e-02,4.32130427e-02
-3.97461603e-03,-7.49667349e-02,-5.67060599e-03,-2.18947706e-02,-3.51168277e-03,2.30200581e-02,-2.11381691e-02,-2.40553626e-02,-4.40256623e-02,6.58433529e-02,2.82149748e-02,-5.57753770e-04,3.69831058e-02
-2.99602420e-02,-6.58246158e-02,-8.88653466e-04,7.52536853e-04,8.00729381e-03,4.76046497e-02,-1.09142079e-02,-3.32807373e-02,-3.16413823e-02,5.44547253e-02,3.00763383e-03,-1.77991831e-02,1.02752315e-02
-2.31091407e-02,-5.53561147e-02,-3.15583011e-02,-1.91785508e-02,-4.77706690e-03,4.49362134e-02,1.24554442e-05,1.65699306e-02,8.38936459e-03,7.18385963e-02,3.67934064e-03,-1.94374950e-02,-5.81407175e-03
-1.71443497e-02,5.32097565e-03,7.75772517e-03,-6.22911019e-03,-1.77235497e-02,-6.01114673e-03,-3.19246612e-03,-1.12289832e-02,-2.48268282e-03,2.18472830e-02,-3.35069597e-02,-2.20682703e-02,7.84831078e-03
4.02234935e-04,1.50067999e-02,8.00984448e-03,1.35582883e-02,-9.86358080e-03,2.42010456e-02,1.20706010e-02,3.04839051e-02,3.29909421e-02,1.16503948e-02,-5.17673127e-02,-3.28860175e-02,-1.80604656e-02
1.10698191e-02,-1.03908911e-02,-1.17275799e-02,-1.52729346e-02,-3.67748743e-02,-4.21400273e-02,-2.29582925e-02,-1.63898285e-02,4.86323597e-02,6.82926427e-02,-4.22914618e-02,-2.93017686e-02,8.36371506e-03
3.71310887e-02,-8.88378509e-03,7.26606239e-03,7.24096696e-03,-3.14032228e-02,-3.14596239e-02,-1.85425025e-02,1.94554086e-02,5.83609996e-02,5.22661925e-02,-6.55375122e-02,-3.20814617e-02,-7.01427494e-03
9.59719080e-03,-1.50206425e-02,1.12826162e-02,2.28483133e-02,-1.91261416e-02,-8.25632853e-04,1.87952571e-02,-1.71097470e-02,2.93293479e-02,1.44239680e-02,-5.88253092e-02,-4.55674061e-02,-3.94389474e-03
-9.96390036e-03,-3.03311454e-02,1.06460016e-02,4.97891288e-02,1.34843065e-02,2.00649830e-04,3.06944127e-02,4.61711734e-03,2.05260738e-02,-1.43713513e-02,-4.10052410e-02,-4.27904523e-02,-1.45375559e-02
-2.07622764e-03,-4.65165480e-02,-2.96777771e-02,1.04866408e-02,-8.84256113e-03,3.94188178e-03,2.70516552e-02,7.17329479e-03,4.46221382e-03,1.80889574e-02,9.39803899e-04,-5.18488316e-02,-9.10023146e-05
-3.12059345e-02,-2.67562482e-02,-1.16458688e-02,3.38990101e-02,2.06309478e-02,7.82675634e-03,2.16919136e-02,-1.60120634e-02,1.76789975e-02,7.53989978e-03,2.62001633e-02,-3.54428503e-02,-3.46412355e-02
-2.83249187e-02,-3.64256792e-02,-4.33107734e-02,-6.00207267e-04,1.43446927e-02,1.50273090e-02,1.24973090e-02,7.89774054e-03,-1.02003373e-02,1.53684837e-02,3.22157550e-02,-4.11313027e-02,-2.90282486e-02
-8.25402457e-03,-1.45934132e-02,-1.81894086e-02,-1.97725380e-02,2.48862285e-02,-2.27158516e-02,5.73334230e-03,1.52749593e-03,-8.13608412e-03,1.00049672e-02,2.64177662e-02,-9.70526125e-04,-1.42472368e-02
-4.89983781e-03,-1.93693840e-02,-5.08721261e-02,-1.65957468e-02,2.97102545e-02,1.06725795e-02,-1.49840653e-03,2.24503865e-02,7.62398463e-03,-7.36177438e-03,-2.86359874e-03,1.33327979e-02,-8.21635311e-03
2.22909806e-02,-2.14075503e-03,-3.37922442e-02,-1.68295058e-03,3.38019533e-02,-1.54285151e-02,-3.15157056e-02,-1.77913739e-02,7.45162704e-03,6.49575842e-03,8.02407080e-03,1.11065590e-02,2.19097545e-03
3.70738377e-02,-1.17045447e-02,-1.49350988e-02,2.51375843e-02,2.79793322e-02,2.07356831e-03,-3.24987690e-02,-1.85068417e-05,1.02123245e-02,-2.23329169e-02,-5.16360961e-02,4.12244832e-03,3.40981246e-04
-7.48733923e-03,1.07536205e-02,6.12261197e-03,5.00655933e-02,2.17041562e-02,-3.32528081e-02,-4.50296677e-02,-1.52220763e-02,-4.87165833e-03,-6.74152066e-03,-3.58151924e-02,-9.18204889e-04,2.23804306e-03
-4.29477418e-02,-2.21460517e-02,-1.19011350e-03,3.43290954e-02,1.68614490e-02,-4.12239328e-03,-7.75107294e-03,1.14202090e-02,-9.74434556e-03,-2.77743821e-02,-5.74167099e-02,1.47648649e-03,-1.06460565e-02
-4.66063189e-02,-3.31703383e-02,-2.40915532e-02,9.40204214e-03,-2.05530508e-02,1.31622863e-02,-3.12773589e-02,-1.52755410e-02,-5.08442174e-02,-4.70622832e-02,-1.84900188e-02,1.07364589e-02,3.94643398e-02
-8.20450085e-02,-4.00805531e-02,-1.09555054e-02,9.65087361e-03,-3.65697739e-02,1.72409489e-04,-4.11977425e-02,-2.83399782e-02,-2.76600301e-02,-5.51454909e-02,6.64999156e-03,1.06508302e-02,4.19546169e-02
-4.90283532e-02,-1.90534208e-02,-5.74272020e-02,-1.69981672e-02,-8.21362178e-02,-1.01911517e-02,-5.76092860e-02,-3.64562610e-02,-5.53450965e-02,-3.84099136e-02,1.59562896e-02,-9.15043489e-03,5.13298265e-02
-5.20394116e-03,-6.29099618e-03,-2.48907249e-02,-2.97266031e-02,-2.33975828e-02,-2.48943888e-02,-6.19851304e-02,-3.21682372e-02,-4.41231178e-02,-2.39083033e-02,3.04774021e-02,1.39282490e-04,2.01389965e-02
9.66448528e-03,3.35754084e-02,-4.15551943e-02,-4.10394119e-02,-1.98587926e-02,-1.76740359e-02,-2.55007196e-02,-9.30683058e-04,-2.27963270e-02,-3.99018896e-02,-6.66400703e-03,1.86258080e-02,1.63644936e-02
5.86909516e-02,5.78016590e-02,-5.55847485e-03,-2.35353844e-02,2.95552481e-02,-1.45490343e-02,-4.79744546e-02,-1.54644972e-02,5.59183101e-04,-3.32601799e-02,3.12447942e-02,2.29214172e-02,-1.33384953e-02
8.54130288e-02,5.29250092e-02,1.23948270e-03,-9.57692970e-03,4.38111835e-02,2.31100901e-02,-5.51526267e-03,9.59617942e-03,-4.94989990e-04,-2.06828684e-02,9.95969191e-03,1.05998819e-02,-2.69244914e-02
7.97539093e-02,9.61383411e-02,6.18708526e-02,4.40716273e-02,9.33438089e-02,1.16109682e-02,-1.90073305e-02,1.76074995e-04,2.77682893e-02,9.74326305e-03,-1.68539579e-02,-3.95827156e-03,-4.18323883e-02
8.52742810e-02,9.28199054e-02,4.81552810e-02,3.47235649e-02,7.89259059e-02,1.79515332e-02,2.77093551e-02,1.05153377e-02,3.68368103e-02,1.84162988e-02,-1.56262919e-02,4.19117145e-03,-6.34483522e-02
5.14799336e-02,6.70988559e-02,6.30183990e-02,4.54664838e-02,8.06516275e-02,4.78413270e-02,1.48371356e-02,-1.71651562e-02,1.24494742e-03,7.41528980e-03,2.56174230e-02,3.73725420e-02,-2.29729668e-02
-1.15107205e-02,3.02059786e-03,5.89109627e-02,4.57765041e-02,6.55117334e-02,4.38829400e-02,2.47079251e-02,-3.30671380e-02,-1.16741571e-02,3.69118656e-03,4.56509009e-02,4.37913823e-02,-2.36833192e-02
1.46205264e-02,1.38600401e-02,1.56695614e-02,1.25214579e-02,1.28873696e-02,2.61201419e-02,4.85199492e-03,-3.02973790e-02,-2.64933058e-02,2.21970816e-02,5.33498421e-02,1.83058720e-02,1.31104809e-02
2.04212912e-02,-3.15792694e-02,7.06478587e-03,5.63219184e-03,2.01989658e-03,1.50287517e-02,1.23730906e-03,-4.23242710e-02,-6.62213818e-02,1.77087328e-02,5.15292502e-02,6.89732825e-03,-1.75058420e-02
-6.20659697e-03,1.06825583e-02,-2.34726744e-02,-2.77271158e-02,-3.05031408e-02,-3.78666433e-04,3.60295692e-02,2.42384321e-02,-2.41764417e-02,1.73886104e-02,1.36602000e-02,-2.04406844e-02,5.58562405e-03
4.26332014e-03,7.58982485e-03,-3.14802041e-02,-4.86422885e-02,-3.26392335e-02,-2.30089890e-02,-1.05954464e-02,3.14384609e-04,-2.50007055e-02,-2.38640034e-03,2.56679694e-03,-3.61503743e-02,-8.07089890e-03
4.33005081e-02,1.93869430e-02,-6.61275360e-02,-8.45502251e-02,-6.75391635e-02,-2.34298900e-02,-3.37142469e-03,2.37325148e-02,-2.30205542e-02,4.23098116e-02,2.48025129e-02,-2.97538122e-02,-7.77056765e-03
1.83687351e-02,2.39140396e-02,-5.71709242e-02,-8.15279133e-02,-3.20201280e-02,-1.30449805e-02,-3.31469473e-02,1.67974784e-02,1.41897644e-02,4.39012237e-02,-4.18080703e-02,-4.24167176e-02,-9.37307180e-03
-1.54761478e-02,1.39893622e-02,-9.25812686e-02,-1.29244511e-01,-1.23202308e-01,-9.28061782e-02,-4.41792803e-02,2.70293642e-02,4.33503835e-02,1.59674288e-02,-4.99948876e-02,-2.09753940e-02,1.40805866e-02
-1.91447476e-02,1.01793719e-02,-4.99379745e-02,-1.27426231e-01,-8.40471562e-02,-5.47074952e-02,-5.92770930e-02,1.36997955e-02,4.49249408e-02,1.12827328e-03,-3.59820891e-02,-5.15263854e-03,3.53597476e-02
-4.15989240e-02,-6.91769035e-03,-5.33455017e-02,-9.42401131e-02,-7.59059109e-02,-3.64682690e-02,-3.57115951e-02,-3.66602596e-03,5.98844718e-02,-1.49409576e-02,-4.53855926e-03,1.80448734e-02,-1.65839057e-02
1.61829561e-02,2.04278671e-02,-9.52789387e-03,-6.55787991e-02,-4.79804312e-02,-2.39277688e-02,-3.78084294e-02,-1.08355298e-03,5.28390047e-02,-3.73253532e-03,7.23444173e-03,-1.40431264e-02,-1.14464642e-02
3.57826251e-02,3.04541464e-03,1.50669061e-03,4.61587551e-03,-3.31416192e-02,-3.53176914e-03,-7.11224323e-03,-3.97762825e-02,3.28766094e-02,-1.74774460e-02,3.06626898e-02,-4.41511815e-03,-3.36547416e-02
1.34166730e-02,4.44499785e-02,3.61400814e-02,8.45752209e-03,-6.47185530e-03,5.13440333e-02,5.51481171e-02,1.93324493e-02,6.59237867e-02,-1.66040560e-02,1.03943923e-02,-1.79294341e-02,-4.08331328e-02
2.06759363e-02,5.65283953e-02,7.61302309e-02,5.98878356e-02,2.53391788e-02,5.58795788e-02,4.89462965e-02,8.82870241e-03,-6.35986331e-04,-2.10231545e-02,-5.96593525e-04,-4.23941095e-02,-4.27320696e-02
6.30580908e-02,6.58353902e-02,8.68281766e-02,6.88633675e-02,3.75967766e-02,6.60721947e-02,6.05184014e-02,1.41943367e-02,-7.27306391e-03,1.27204210e-02,2.43136191e-02,-3.13032898e-02,-2.32511090e-02
4.57129805e-02,9.14966582e-02,8.41611514e-02,7.76214860e-02,6.69925919e-02,6.60962998e-02,7.69703990e-02,2.30611899e-02,-9.30021112e-03,1.55220088e-02,4.00468727e-03,-2.21761579e-02,-3.44950324e-02
-8.10554853e-03,8.37368979e-02,6.28587258e-02,6.98414496e-02,1.65817982e-02,-1.24671406e-02,4.97806711e-02,3.15573984e-02,-2.81205480e-02,2.61058537e-02,9.01983592e-03,-1.92559693e-02,-2.71247208e-02
-4.15656880e-02,4.63935864e-02,4.91600733e-02,4.75723492e-02,3.54168413e-02,-2.94847889e-02,1.27649738e-02,3.04281822e-02,-3.95016631e-02,2.20871289e-03,-1.06489212e-02,-1.99643521e-02,-4.25204679e-03
-5.78728598e-02,3.97245069e-02,-1.43643273e-05,4.48846175e-02,4.96947174e-02,-2.08621680e-02,2.09200241e-02,-1.40043738e-02,-6.40151301e-02,9.99514270e-03,2.61979229e-03,-1.60641117e-04,-2.47594929e-02
-7.24938493e-02,-1.11580118e-02,-4.48018406e-02,1.67886942e-02,2.94724689e-02,-2.87755117e-02,-5.82673554e-03,-3.98403102e-02,-7.27033272e-02,3.74977281e-02,2.64719658e-03,-2.13487876e-03,-1.88563768e-02
-6.90739416e-02,-5.81154902e-02,-1.29481949e-01,6.74252934e-03,2.85221903e-02,-3.79483736e-02,-4.90657531e-02,-5.08653933e-02,-2.22713316e-02,4.74793972e-02,6.73315006e-02,5.09729172e-02,1.03494070e-02
-9.53660452e-02,-8.44767738e-02,-1.05977393e-01,4.88269216e-03,3.85916743e-02,-3.15997973e-03,-2.92363240e-02,-2.16738772e-02,2.34800116e-02,6.36332336e-02,7.90885558e-02,7.42965084e-02,7.79408406e-04
-1.14380892e-01,-9.23041276e-02,-8.85184857e-02,2.42498267e-03,6.09835278e-02,3.95508738e-03,-4.20699431e-02,-3.97233401e-03,-3.72017630e-02,5.82547853e-02,9.34947935e-02,6.09185793e-02,-6.98483258e-04
-8.19464330e-02,-1.01981679e-01,-5.40827564e-02,3.03463082e-02,4.55043894e-02,2.06858686e-02,-3.51250552e-02,-4.46018937e-03,-1.08604267e-02,6.93896170e-02,7.56140863e-02,8.10653464e-02,2.81952270e-02
-5.32298485e-02,-7.82611770e-02,-3.86085358e-02,6.02850013e-03,3.00125039e-02,5.24253179e-02,-1.43502948e-02,-3.89955333e-03,5.00278786e-03,3.47577499e-02,4.35787667e-02,7.26857865e-02,1.74414854e-02
-8.49895165e-03,-6.94148837e-03,2.50214282e-02,3.53298396e-02,-5.29488366e-03,1.97180899e-02,-9.64446293e-03,1.06903769e-02,-1.54726046e-03,4.01381213e-02,3.50320471e-02,2.63399340e-02,4.75867588e-03
-8.47234252e-03,3.26662143e-02,4.11838354e-02,4.28295925e-02,1.84674685e-02,-1.55541499e-04,-2.31327918e-02,3.43023158e-02,8.71530788e-03,-1.87091884e-02,-1.21376467e-03,-1.34514742e-02,-2.96831250e-02
3.57701828e-02,7.68147157e-02,7.27999782e-02,7.86393622e-02,2.79045312e-02,-1.89740539e-02,-8.67038937e-03,6.76614212e-03,-3.07675153e-02,-2.29728353e-02,-2.32303947e-02,-3.07406555e-02,-2.48948444e-02
2.98248296e-02,5.81623596e-02,4.73269407e-02,4.21179756e-02,1.17930045e-02,-2.34369781e-02,3.81086050e-02,-5.03343700e-02,-2.31570137e-02,-2.47766012e-02,-6.18834374e-02,-4.93014815e-02,-1.92743312e-02
2.19376840e-02,5.17897508e-02,1.41058835e-02,4.27744162e-02,-2.42956619e-02,-2.20900648e-02,3.49270592e-02,-3.51774678e-02,2.14590801e-02,-3.44749156e-02,-5.28548392e-02,-2.02177021e-02,9.64417962e-03
2.15775485e-02,1.44416662e-02,1.97247985e-02,2.47333308e-02,-6.68616593e-03,-3.06598287e-02,3.17046511e-02,-1.05573585e-02,3.32813696e-02,-4.25470109e-02,-4.25524302e-02,-2.29362794e-02,3.74153265e-02
-1.18064393e-02,-1.68511319e-03,1.97407799e-02,1.95480678e-02,1.93099542e-02,-2.30381130e-02,3.86882684e-02,-9.11913663e-04,-5.48388908e-03,-3.84401653e-02,-2.62774552e-02,-2.47183866e-02,5.56563922e-02
-9.10108549e-03,-3.75968710e-02,1.67912042e-03,1.93971653e-02,2.61211294e-02,-7.88703815e-03,4.42891036e-02,2.07913776e-02,-4.47782102e-03,-5.33733813e-02,-4.72941041e-02,6.05996801e-03,4.65374555e-02
3.40838756e-02,-6.76799001e-02,-9.18302745e-04,7.27714304e-04,2.23099761e-02,3.03150960e-02,6.89712529e-03,-1.42667991e-03,-4.59578961e-04,-4.31587949e-02,-6.16764816e-02,6.73943610e-03,2.56481094e-02
5.70643054e-02,-4.72588671e-02,2.20843061e-02,-2.68404771e-02,-2.35022084e-02,5.06206597e-03,4.82083223e-03,2.79073521e-03,-2.00014881e-02,-6.26910702e-02,-3.03004756e-02,1.96312585e-02,2.15960859e-02
2.88533833e-02,-1.00815170e-02,2.87624933e-02,-4.30432937e-02,-4.55220877e-02,6.66320453e-03,5.20861985e-03,5.38058973e-02,2.45021252e-02,-9.20995712e-02,-4.93775005e-02,-9.35943427e-03,-8.42069912e-03
3.58009463e-02,-9.35599063e-03,3.51617640e-03,-3.63605797e-02,-5.17265540e-02,-4.80635661e-04,-2.67290900e-02,6.87298789e-02,-2.94309199e-04,-7.50917789e-02,-2.14232863e-02,-2.72827853e-02,-3.49151754e-02
9.58246549e-03,6.11923087e-03,-2.23567158e-03,-8.42209633e-02,-5.83667464e-02,-2.02163747e-02,-1.17580452e-02,3.93367913e-02,4.80434956e-02,-2.98769066e-02,-2.49718587e-02,-2.67110485e-02,-3.49273321e-02
-2.76967833e-02,-1.32544609e-02,-1.01039719e-02,-3.96447242e-02,-6.99248400e-02,1.11738413e-02,-1.13924683e-02,2.59290396e-02,4.81762511e-02,-8.92981678e-03,9.60569883e-03,-1.12431919e-02,-4.43778614e-02
-4.22813929e-02,-2.71626695e-02,-3.16745258e-02,-6.05068260e-02,-3.58867005e-02,3.76167619e-02,-1.02146131e-02,3.58458838e-02,5.63197245e-02,2.06003858e-02,1.23827973e-02,-3.57616669e-02,-1.52517154e-02
-5.70592252e-02,-1.06941099e-02,-3.55308120e-02,-1.62188878e-02,-1.03984015e-02,4.54906609e-02,3.70279180e-03,2.77999429e-02,5.21055137e-02,7.69193356e-02,2.11350149e-02,-4.93129255e-02,-8.26631820e-03
-3.34552720e-02,-2.35878538e-03,-5.82457494e-02,-4.46281567e-02,-5.46975103e-03,4.17523674e-02,5.45386904e-03,2.67660582e-02,1.15556227e-02,8.50725206e-02,-9.37042108e-03,-4.99600600e-02,1.79190926e-03
2.19919604e-02,-1.18624194e-02,-5.57081112e-02,-3.25552164e-02,-3.69805870e-03,6.12729241e-02,3.24560736e-03,-1.38118130e-02,1.98855331e-02,1.14107797e-01,-7.00265657e-03,-4.31529182e-02,-2.25447833e-02
3.97767556e-02,-1.31385832e-02,-5.94274495e-02,-6.79548390e-02,-2.14485232e-02,-1.50700597e-03,8.09027462e-03,-3.48736549e-02,-2.92477739e-02,8.17379214e-02,1.56877625e-02,1.49196513e-03,-1.60190291e-02
5.17374356e-02,3.22091421e-03,-3.53894086e-02,-7.95748843e-02,-7.94607587e-02,-1.69008556e-02,4.11641514e-02,-2.57988451e-02,7.03647816e-03,4.64375572e-02,-3.37427392e-03,1.84668230e-02,3.71706187e-03
7.01923874e-02,-3.19725531e-02,-6.44257279e-02,-6.08093984e-02,-5.12909128e-02,-2.40992399e-02,4.32166996e-02,-9.17501385e-03,-1.24268868e-02,1.59600146e-02,1.43745794e-02,-1.06265239e-02,8.25834232e-03
4.09634971e-02,7.00859295e-03,-2.29937890e-02,-8.54799491e-02,-9.27677540e-02,-4.92830546e-02,1.25281299e-02,-2.42129111e-02,1.01984761e-02,3.35307330e-03,-1.54297097e-02,-2.31093659e-02,1.16083214e-02
4.54147143e-02,-2.69058324e-02,-2.75523330e-02,-6.09607081e-02,-6.74943287e-02,-7.09770157e-02,-3.37458272e-02,-3.03482504e-02,-3.37738385e-02,-4.99037911e-02,1.05844714e-02,9.89198082e-03,1.73242436e-02
6.47173181e-02,-2.50686677e-02,-5.80346971e-03,-4.54560367e-02,-2.15381718e-02,-5.65200409e-02,-2.06562897e-02,-3.38927336e-02,-1.85004266e-02,-4.31132029e-02,-2.02811510e-02,3.27395587e-04,2.22089864e-02
4.28077751e-02,-4.06104824e-02,9.39637920e-03,1.80538598e-02,1.62641354e-02,-4.39180303e-02,-5.43325040e-02,-1.33727178e-02,-2.34534334e-02,-4.33428478e-02,5.35730441e-03,7.58997019e-03,-2.01013430e-02
4.81837358e-02,9.99873708e-03,1.43280146e-02,1.13474577e-02,4.40376289e-02,-4.11213430e-02,-4.08571163e-02,3.08838753e-02,-1.77586529e-02,-7.00808489e-03,-1.00682066e-02,-3.36079850e-03,-8.88676141e-04
5.55769665e-02,2.35207304e-02,9.65933232e-03,4.15612040e-02,5.41544837e-02,8.78813967e-03,-3.68536526e-02,5.33096911e-03,-8.55388857e-03,3.96759450e-04,2.22865829e-02,-1.30083624e-02,-1.67951759e-02
3.82285695e-02,3.37322352e-02,1.64427745e-02,1.47122615e-02,4.52852591e-02,1.71314061e-02,-1.93881496e-02,-2.17438555e-03,-5.91340753e-03,-2.53556879e-03,4.01942309e-03,3.85350697e-03,-2.39315998e-02
1.50430894e-02,6.68686110e-02,3.80751747e-02,2.40304629e-02,2.74635214e-02,3.22674587e-02,-8.24839677e-03,-3.17559226e-02,-7.19258589e-03,1.03586908e-02,-6.04541333e-03,2.21803329e-02,-1.37718903e-02
-2.58253855e-02,1.59925798e-02,1.69731145e-03,4.58217556e-02,8.09031254e-02,3.15053866e-02,1.37887150e-02,-1.30942457e-02,1.05575969e-02,3.29489059e-02,2.94940123e-02,3.17039982e-02,4.44145881e-02
-6.99255490e-02,5.07810538e-02,4.13827763e-02,4.44102061e-02,5.00464080e-02,5.37175214e-02,6.78618197e-03,-2.20465113e-02,1.57495812e-02,2.07867440e-02,-4.53455546e-04,-1.88748737e-02,3.51075751e-02
-4.90332275e-02,3.76663813e-02,3.37240573e-02,4.13178277e-02,4.99927736e-02,2.41856094e-02,-1.75808954e-02,-3.13707569e-02,-8.21057529e-03,-1.79287344e-02,8.58629642e-03,-6.97070907e-03,3.08217965e-02
-2.24084180e-02,3.09193055e-02,5.10721833e-02,3.58828522e-02,4.63893530e-02,1.94458986e-02,1.32537785e-03,-4.03296277e-02,-1.46876900e-03,-3.97172279e-02,-3.47561321e-02,-2.69675058e-02,3.35245357e-02
-8.75203889e-03,8.52451541e-03,5.22453951e-02,5.76459363e-02,4.21743646e-02,-1.55525120e-02,-4.89794176e-02,-3.87560022e-02,-3.74213188e-02,-6.41660321e-02,-5.13577926e-03,1.66753261e-02,-4.75020496e-04
-1.88751259e-02,7.49046629e-03,3.14614191e-02,1.61143751e-02,3.58324142e-02,2.15149394e-02,6.88348473e-03,-3.67661110e-03,5.40613435e-03,-3.06847030e-02,-3.03875604e-02,8.88616762e-03,-7.91558685e-03
-3.65680319e-02,-3.47274188e-02,-1.91389203e-02,3.75707824e-02,2.15926308e-02,2.63405430e-03,2.83424646e-04,2.03092317e-02,3.09953868e-02,1.26267217e-02,1.76984835e-02,1.62644698e-02,-1.27233684e-02
-5.98395645e-02,-3.38846248e-02,8.73555721e-03,6.21413950e-03,1.84564833e-03,4.25560111e-02,3.55395353e-02,3.78272152e-02,6.23555763e-02,3.09410837e-02,-3.57914655e-02,1.86225318e-03,-4.14954601e-02
-4.24018513e-02,1.88390071e-03,5.92245994e-03,1.77819479e-02,-1.08263307e-03,3.37741803e-02,4.94123874e-02,3.69044468e-02,4.18013940e-02,3.86521203e-02,-3.93291792e-02,1.29179426e-02,-3.97573283e-02
-4.33464877e-02,-5.44931571e-03,-1.43813236e-02,1.89054363e-02,-2.20912276e-02,1.87055680e-02,4.14649134e-02,3.73901663e-02,3.11461125e-02,7.41532310e-02,1.40121187e-03,3.20747513e-02,-2.25538597e-02
-2.26771775e-02,3.52475322e-02,-6.04497672e-03,-1.11188172e-03,-2.95484054e-02,4.56558962e-02,6.54493032e-02,3.82980892e-02,5.23046237e-03,4.43386986e-02,-5.40485112e-03,-5.41282473e-03,-2.98396664e-02
2.12993422e-02,4.22619863e-02,-9.85377887e-06,-5.62203005e-03,-2.53525276e-02,1.37296881e-02,4.81919513e-02,3.81457787e-03,-1.52508186e-02,3.13155818e-02,5.47550497e-03,-1.06627991e-02,-1.58158463e-02
3.38989852e-02,3.27842349e-02,-9.66295401e-03,-1.25838939e-02,-3.32222201e-02,1.49698653e-03,2.35403453e-02,6.99164470e-03,-3.11228893e-02,6.35867434e-03,-5.44625997e-03,-2.26704970e-02,2.48593565e-03
5.52464489e-02,4.06784456e-02,-1.32727324e-02,2.10765593e-02,7.72539484e-04,-4.87306694e-02,-2.00376242e-02,-1.75935506e-02,-7.55681436e-02,-4.42785363e-02,9.87218421e-03,-9.27380013e-03,-1.19233291e-03
4.77330466e-02,3.52203528e-02,-1.30725990e-04,-1.30306153e-02,-5.70168961e-03,-1.08080796e-02,-1.13161039e-03,-2.16904737e-02,-6.71085430e-02,-7.10901269e-02,-2.94690938e-02,-3.06182008e-02,5.13617352e-03
1.61719378e-02,1.99931791e-02,-2.21372425e-02,-1.33783755e-02,-9.71249320e-03,-3.84845841e-02,-1.65677833e-02,-8.72047879e-03,-1.80687139e-02,-3.62795992e-02,-6.58938636e-03,-7.86902134e-03,-6.32201865e-03
-5.64278927e-02,2.98263545e-03,1.49011059e-02,-1.99603961e-02,-5.46830584e-03,7.74357218e-03,1.26019964e-02,-1.46211859e-02,-8.07566113e-03,-3.70025238e-02,-2.73862291e-02,-3.76403153e-02,5.16701991e-03
-6.92428113e-02,-2.57676018e-02,8.49479371e-03,-4.89806755e-03,1.63247758e-02,-2.04717086e-02,2.57476959e-02,-2.03702920e-02,-5.85948319e-03,-4.77246672e-02,1.47951633e-03,2.49899582e-02,3.06739454e-02
-1.16275104e-01,-2.98624909e-02,3.00667795e-02,-3.21532609e-02,-1.78653070e-02,-6.27595067e-03,1.83710140e-02,-3.29053246e-02,1.20523968e-02,3.20058865e-04,3.62030262e-02,5.03042745e-02,3.48343958e-02
-1.11501951e-01,-1.80085279e-02,1.69903586e-02,-5.41856209e-02,-2.07290194e-02,3.05991799e-02,2.71523140e-02,1.14990722e-02,-6.55044676e-03,-2.70742999e-02,5.27945113e-02,5.52069405e-02,5.40776695e-03
-1.16085320e-01,-3.62895032e-03,3.86051865e-02,-6.20625755e-02,-1.56270244e-02,5.62422803e-02,2.18443669e-02,-1.00334829e-02,-6.30430114e-03,-1.89556247e-02,2.11409453e-02,3.05971259e-02,3.04912769e-02
-7.89047681e-02,1.16004457e-02,-4.65212010e-03,-7.52854569e-02,-9.20017564e-03,3.71473233e-02,1.62033424e-02,-1.92834814e-03,-2.29105829e-03,-1.67471779e-02,3.10609429e-02,3.85430909e-02,2.50092822e-02
-5.43934987e-02,1.94677437e-02,5.97315648e-03,-2.55278785e-02,1.13979883e-02,-3.52516142e-04,-2.51812581e-02,-1.11908023e-02,-5.50695527e-03,6.19223757e-03,2.69800760e-02,2.29645144e-02,1.36961616e-02
-2.80143223e-02,8.11182759e-03,-1.05451658e-02,-9.43690363e-03,3.62502785e-02,6.91473886e-03,-1.01192495e-02,4.77780484e-02,1.46985946e-02,-7.77962783e-03,1.53314925e-03,3.71040347e-03,1.04184346e-03
3.12062545e-02,2.39840142e-02,-2.31941243e-02,2.13952284e-04,2.73796607e-02,-1.80660977e-03,-1.58955923e-02,6.22260011e-02,6.52839224e-02,3.41692093e-03,-1.60913714e-02,-2.96839095e-02,-2.25530789e-02
7.67773981e-02,2.24321563e-02,-2.56209664e-02,2.64406274e-02,3.79064021e-02,3.40593643e-02,2.81177349e-02,5.72555102e-02,3.96710652e-02,-1.16405171e-02,-1.57801633e-02,-5.15826100e-02,-3.20796624e-02
1.07004714e-01,2.89040037e-02,-3.06284737e-02,7.94477404e-02,3.11901501e-02,-2.63869269e-02,1.46459631e-02,3.89917390e-02,1.86972728e-02,-5.05790224e-02,-1.90519594e-02,6.81200732e-03,-3.74661599e-02
8.76987179e-02,9.21289174e-03,1.88959694e-02,6.70066318e-02,2.25199353e-02,-4.78489059e-03,9.00190681e-03,7.27489060e-03,3.32022692e-02,-5.52318235e-02,-1.58099502e-02,1.15118555e-03,-2.37338913e-02
5.75744188e-02,1.89257920e-02,1.06539292e-02,7.31879261e-02,4.36928154e-03,-5.41252485e-02,-5.88554278e-03,3.09345641e-02,6.65206846e-03,-4.00355879e-02,-1.54962911e-02,-1.79428237e-02,-6.02642776e-02
-2.70699209e-03,2.33218201e-02,5.73612919e-02,8.39450928e-02,1.54851835e-02,-1.52028776e-03,-8.41177785e-03,-8.35791575e-03,-8.08472201e-03,-4.05304223e-02,-7.65900989e-02,-6.11810349e-02,-4.63523997e-02
-2.43055698e-02,-6.52563819e-04,3.89836916e-04,1.23668211e-02,-5.09626584e-03,-2.70626762e-02,-2.15753256e-04,-6.38060159e-02,-2.72528067e-02,-3.77518861e-02,-4.75103487e-02,-6.77642809e-02,-4.81210172e-02
-5.25226332e-02,-1.65210648e-03,1.07679072e-02,-2.60600131e-02,-2.08139173e-02,-3.24156498e-02,-5.25437541e-02,-1.07888274e-01,-5.25854967e-02,-2.16248665e-03,-4.73112866e-02,-6.81531647e-02,-1.30994312e-02
-7.39313350e-02,-2.23303831e-02,-2.62348580e-02,-5.09358461e-02,-4.32713161e-02,-4.80577095e-02,-7.35822197e-02,-1.04682749e-01,-6.52302470e-02,1.06594223e-02,-5.43002360e-02,-2.39815347e-02,-1.65420514e-02
-5.20557340e-02,-3.36592667e-02,-3.98579753e-02,-9.23298108e-02,-5.62792754e-02,-4.21995210e-02,-9.19152714e-02,-1.12762646e-01,-3.54269659e-02,2.03832858e-02,-2.28608678e-02,1.13385787e-03,8.29248602e-03
-3.59214021e-03,-3.32796855e-02,-7.78211148e-02,-1.17098363e-01,-7.72907496e-02,-3.72195447e-02,-8.06411636e-02,-8.46463325e-02,-4.42776250e-02,3.91040311e-02,2.80265696e-03,2.36342943e-02,8.73759325e-05
4.42612565e-02,-2.28197204e-03,-8.88498204e-02,-9.16631474e-02,-6.16186251e-02,-3.25740715e-02,-7.72461870e-02,-5.43106715e-02,-2.68663143e-02,4.51036763e-02,2.37014700e-02,6.82787571e-02,-1.09611144e-02
6.01420251e-02,-8.80959147e-03,-7.78569015e-02,-7.76387508e-02,-8.41983486e-02,-1.20261982e-03,-4.37344592e-02,-2.53174377e-02,-9.13431912e-03,-5.50210564e-03,2.65630274e-02,9.03482933e-02,2.85527870e-02
4.50481898e-02,2.12435237e-03,-7.51080756e-02,-4.10476033e-02,-6.99715763e-02,-1.08815124e-02,-1.34371420e-02,3.04050182e-02,1.64890976e-02,2.79162319e-02,5.31736053e-02,9.49760537e-02,1.49626036e-03
-1.27275383e-02,-4.10518956e-03,-2.29298925e-02,1.11419139e-02,-5.43393295e-02,1.11376212e-02,1.88009623e-02,6.52465902e-02,4.46673163e-02,2.47991545e-02,1.84419721e-02,4.43293096e-02,4.08139568e-02
-3.83121055e-02,-3.82429001e-02,-1.88361605e-02,4.11943862e-02,-1.96625733e-02,4.17466524e-02,7.07760587e-02,8.94554382e-02,4.30390730e-02,4.46796042e-03,3.11211570e-02,-4.27670402e-03,3.42135069e-02
-7.36498108e-02,-3.24559162e-02,6.98459288e-03,4.37109809e-02,2.37339098e-02,6.60262499e-02,5.15507066e-02,4.36061534e-02,4.18302967e-02,1.46014563e-02,2.22678462e-03,-5.08085406e-02,5.09757833e-02
-7.95342476e-02,-3.90356594e-02,2.70785204e-02,6.83275450e-02,2.09639216e-02,1.05008450e-02,2.55597924e-02,2.35389088e-02,9.55170793e-03,-2.65911904e-03,-2.45315080e-02,-5.03839985e-02,4.58678370e-02
-9.12925241e-02,-2.67745311e-02,2.71782995e-02,5.05968765e-02,4.11295134e-02,-2.92967384e-02,-1.14252235e-02,-1.52904111e-02,-1.12079440e-02,-2.78134487e-02,-4.25712516e-02,-2.81422323e-02,2.20482775e-02
-7.01995145e-02,2.54980058e-02,4.38291264e-02,2.90147348e-02,6.67513508e-03,-6.55067784e-02,-1.58222228e-02,-3.63974523e-02,-3.88699523e-02,-3.86078397e-02,-4.17066202e-02,-3.76686917e-02,1.04455052e-02
-4.27057606e-02,2.30812011e-02,4.75349198e-02,-9.18250059e-03,5.25592920e-02,-4.76150363e-02,-3.06403311e-02,-2.53516774e-02,-2.33134213e-02,-3.58858709e-02,-3.82980918e-02,-3.48417312e-02,-1.21474300e-02
-2.33411854e-02,5.81750301e-02,2.11753965e-02,1.12641714e-02,3.76983310e-02,-3.86401911e-02,-1.23735617e-02,-4.97992955e-03,-3.25571903e-02,-3.40006853e-02,-1.43038682e-02,-1.29201866e-02,6.80984144e-03
1.48338563e-02,6.50376833e-02,-6.19403058e-03,2.83589424e-02,3.55564180e-02,-3.64834621e-02,-2.55825478e-02,-2.35624383e-03,3.03985864e-03,-9.19349708e-03,2.91289073e-02,4.73041825e-02,-2.66966789e-02
1.00147489e-02,7.40677806e-02,7.70668514e-03,1.08082496e-02,-2.24996843e-02,-1.56799971e-02,-1.99329471e-02,1.71377248e-02,4.69500846e-02,5.12755337e-02,5.87539778e-02,4.96075996e-02,1.65051205e-02
1.37761437e-02,1.95814691e-02,1.13302423e-02,3.18499471e-02,-1.32495439e-02,2.30012976e-02,4.35872370e-02,7.31126563e-02,5.11059419e-02,4.92800999e-02,5.26784028e-02,3.63146041e-02,-8.25465075e-03
-1.97641896e-02,1.33854699e-02,1.85915834e-02,4.54803046e-02,2.77014417e-02,4.43269756e-02,4.61198703e-02,1.82642382e-02,3.10126623e-02,5.79703364e-02,7.21258912e-02,3.29925688e-02,-7.72678670e-03
-6.43783330e-03,-2.58661446e-03,5.29310464e-03,4.52593881e-02,2.11558320e-02,3.31231630e-02,3.19396655e-02,5.59540059e-02,4.41737865e-02,5.49669420e-02,7.75314709e-02,3.22070577e-02,2.41638230e-02
-1.54757701e-02,-2.88425121e-02,-4.27567888e-02,1.12443790e-02,2.29508061e-02,2.53179594e-02,-1.50086422e-02,1.41649323e-02,2.84299153e-02,8.03346951e-02,6.30933769e-02,4.14513670e-02,8.87343437e-04
-7.52432699e-03,7.40467769e-03,-2.56975300e-02,1.25833704e-02,2.03527168e-02,4.03518016e-02,-1.34724436e-02,-1.82669714e-02,3.26609238e-02,6.19201410e-02,3.03686524e-02,3.89219266e-02,6.94023890e-03
-3.31146311e-02,-4.17345070e-02,-3.08180721e-03,-1.71977938e-02,3.20265710e-02,3.19358266e-02,-1.38306450e-03,-2.02265357e-02,3.87487122e-02,2.83534078e-02,-4.90582844e-03,2.20608998e-02,-1.75534067e-03
-2.91250833e-02,-3.08493773e-02,-1.08057111e-02,-3.19757195e-03,7.90874396e-02,8.18834889e-02,4.15550291e-02,2.57186778e-03,9.99381674e-03,5.94945759e-03,-4.53443350e-02,-4.85740162e-03,4.11915946e-03
-1.54028341e-02,-3.29305640e-02,1.44883979e-02,1.66246195e-02,6.98014470e-02,3.15221243e-02,4.06846538e-03,-1.27944265e-02,8.68911619e-03,-3.09405039e-02,-6.85351629e-02,-1.65647954e-02,-3.25242388e-02
4.44996800e-02,4.23870069e-02,1.88095052e-02,-7.85431361e-03,4.55456749e-02,3.95374847e-02,-1.72726093e-02,-2.28346080e-02,2.55746202e-02,-5.15586992e-03,-7.95279193e-02,-2.26088652e-02,-9.52943081e-03
4.27261498e-02,4.12937610e-02,3.81337645e-02,-2.64125530e-02,-6.60251587e-03,-2.97464600e-03,-2.00872616e-03,-1.21065867e-02,2.82060149e-02,-3.08774528e-02,-1.10539594e-01,-3.21288690e-02,-5.65505246e-02
3.89651994e-02,3.96336899e-02,3.40854446e-02,-3.73557860e-02,1.54590920e-02,-4.78563258e-03,1.88880088e-02,-3.89480748e-02,-8.22416616e-03,-4.88197654e-02,-6.96590058e-02,-2.71066193e-02,-5.18081156e-02
3.07386115e-02,2.60604857e-02,1.58460923e-02,-6.07919502e-02,-3.90404117e-02,-2.64009306e-02,1.71995459e-02,2.00079726e-02,-3.72748428e-03,-7.81544489e-02,-2.96179453e-02,-4.40843900e-02,-5.02102747e-02
5.53032310e-02,4.43633150e-02,1.22352759e-03,-7.12220516e-02,-7.36333787e-02,-4.83240642e-02,-3.24289193e-02,2.68668124e-02,-3.36260276e-02,-4.10704050e-02,1.48750365e-02,-4.17647624e-02,-4.36646370e-02
2.53028715e-02,3.72359595e-02,-1.11986059e-02,-6.34599565e-02,-7.52917474e-02,-3.14123105e-02,-3.86147145e-02,2.47936541e-02,-3.01206318e-02,-5.58585416e-02,9.83632451e-03,-3.67256290e-02,-4.79759126e-02
-4.31759103e-03,1.56119933e-02,1.05370780e-02,-4.76253700e-02,-9.99271831e-02,-7.34565926e-02,-1.19675178e-02,3.35973959e-02,-5.85302805e-02,-5.21278669e-02,1.87952265e-02,-3.19688669e-02,-2.97689236e-02
2.93436133e-03,-5.41150448e-03,1.36381641e-02,-4.26048399e-02,-6.20973817e-02,-1.63384109e-02,2.36023780e-02,4.03546989e-02,-5.04098280e-02,-4.15983533e-02,-3.00783185e-02,-5.43308219e-02,2.90764234e-03
-2.50918872e-02,-6.43540119e-02,1.97204986e-02,-3.54532134e-02,-5.03093723e-02,-4.72981693e-03,1.19241361e-02,1.45912378e-02,-4.52816077e-02,-1.38444636e-02,-2.51332642e-03,-7.24146502e-02,2.96840095e-03
-3.65952259e-02,-3.74784187e-02,-2.62675664e-02,-4.95121890e-02,-9.24808600e-03,2.25532975e-02,2.44353498e-02,3.37006372e-02,-2.45247500e-02,1.31637315e-02,1.93374118e-02,-5.57391906e-02,3.33344860e-02
-4.30779064e-02,-4.83525196e-02,-3.19210891e-02,5.05045710e-03,-1.12467204e-02,2.42972574e-02,3.59136627e-02,2.20174675e-02,-1.05223679e-02,1.10978499e-02,-1.73653226e-03,-2.86269159e-02,2.55964740e-02
-4.67439557e-02,-3.64801283e-02,-4.09499270e-02,4.66835997e-03,-2.82046728e-02,1.60312748e-02,3.37502658e-02,1.96454108e-02,2.22787611e-02,3.72011378e-02,6.92753367e-03,-3.67875937e-03,5.27479013e-02
-1.22767469e-02,-2.75266538e-02,-1.21094134e-02,4.75469611e-02,-4.20363940e-02,-9.37978743e-03,3.64014574e-02,3.04352390e-02,6.82716311e-02,1.35093088e-02,-3.82765683e-03,2.14842426e-03,2.74783915e-02
3.77327113e-02,6.48418810e-02,1.56850630e-02,5.04160200e-02,-2.71084767e-02,-1.66330405e-02,-5.15036727e-03,3.54620695e-02,5.97808249e-02,5.46177743e-02,2.30701311e-02,-1.01443102e-02,-3.94622457e-04
5.06326144e-02,9.38660621e-02,9.55927328e-03,7.15474172e-02,-9.79586412e-03,-1.61370501e-02,-5.99378016e-03,2.49588626e-02,4.04250625e-02,3.44752244e-02,2.11120418e-02,-1.93638952e-02,-4.37322694e-04
7.55155445e-02,1.21182385e-01,3.23465033e-02,7.53532996e-02,-1.62841050e-03,-6.77219145e-02,-8.07739718e-03,2.58266171e-02,-3.47040508e-02,1.47719797e-02,1.75859977e-02,2.12553239e-02,-3.82597646e-03
8.96134998e-02,1.06037521e-01,2.52775927e-02,7.37856566e-02,1.88297867e-02,-6.55098243e-02,-8.83563973e-03,1.95560846e-02,-3.45157558e-02,1.83319170e-02,-3.30499114e-02,3.49815163e-02,6.45739968e-03
9.06567895e-02,7.58226616e-02,1.74481495e-02,2.30865661e-02,3.36294736e-02,-2.76531361e-02,-4.42116540e-02,-4.99617807e-02,-5.08212638e-02,3.20752177e-02,-7.61255209e-03,1.28051340e-02,1.40872114e-02
5.90327776e-02,6.00097229e-02,-1.20072626e-02,-3.78166189e-02,7.21767853e-02,1.32175530e-02,-4.56199006e-02,-4.26760794e-02,-5.18355848e-02,2.73822433e-02,2.47832727e-02,3.31192684e-02,1.37756121e-02
2.23266013e-02,-2.67456454e-02,-2.52547632e-02,-1.34642697e-02,9.83153411e-02,7.08304355e-02,-3.16734616e-02,-6.90520655e-02,-5.20532384e-02,4.85001837e-02,3.00222561e-02,5.01014870e-02,1.81741270e-02
-2.19409726e-02,-3.85027073e-02,-2.13947205e-02,-1.10922948e-02,7.05597211e-02,4.92398025e-02,-6.37534620e-02,-6.84860971e-02,-2.50846840e-02,2.90400460e-02,5.81056329e-02,6.28228004e-02,2.28899100e-02
-5.36088020e-02,-1.20703375e-01,-3.72025085e-03,3.44546126e-02,8.48226533e-02,6.16475721e-02,-2.97620067e-02,-2.55883398e-02,2.56985304e-02,-9.96745825e-03,4.06082323e-02,6.16516357e-02,2.41176334e-02
-5.89245701e-02,-5.59425797e-02,2.92674179e-02,1.78011816e-02,8.52676001e-02,7.89951972e-02,-3.90060669e-02,-6.22564899e-02,2.45620252e-02,1.29735838e-04,2.37042204e-02,4.81155021e-02,1.29359647e-02
-6.66749310e-02,-2.69176918e-02,1.04756738e-02,2.03742528e-02,4.84819125e-02,6.36873604e-02,-4.11711737e-02,-4.80394476e-02,2.57861999e-02,-3.47637459e-02,5.21447687e-02,3.93055455e-02,2.75065751e-02
-7.53451716e-03,3.22791607e-02,3.88387154e-02,1.33627303e-02,7.02685889e-03,4.37624069e-02,-2.15284301e-02,-3.24947079e-02,-5.96535160e-03,-3.94515229e-02,5.29534861e-02,-8.81049421e-03,1.11579323e-02
-6.26988181e-03,3.21313203e-02,-7.08349991e-03,-1.74974550e-02,-1.19809793e-03,1.43169438e-02,4.15255209e-03,-1.60012455e-03,-1.18294324e-02,-6.37362819e-02,6.13523599e-03,1.53961956e-02,1.24123945e-02
3.43589764e-02,5.34806245e-02,1.22886461e-02,-2.94488531e-02,-1.25118723e-02,1.19318939e-02,3.34079316e-03,-1.70964057e-02,-2.30843546e-02,-6.51325016e-02,-7.10702042e-04,-3.29923075e-02,4.46535832e-03
6.88567210e-02,5.28614052e-02,1.41481662e-02,-2.70780393e-02,-2.15636928e-02,-8.58608858e-03,1.46831744e-02,-1.93700686e-02,-3.89939075e-02,-6.91195404e-02,-2.55214358e-02,-1.37866414e-02,-2.37617765e-02
6.49589241e-02,1.96992410e-02,2.19399858e-02,1.56952866e-02,-1.95577171e-02,-4.72013221e-02,2.02427933e-02,-2.81447761e-02,-4.36953089e-02,-2.41056039e-02,-3.01156187e-02,9.29155886e-03,-1.56002331e-02
8.67684910e-02,4.80567689e-02,2.73930714e-02,5.97731559e-02,-6.95683890e-03,-6.36126413e-02,-2.55806805e-02,-5.65023770e-02,-1.62938463e-02,-1.07612061e-02,-3.71925129e-02,1.55966670e-02,-9.56035027e-03
2.75051497e-02,-2.83498248e-02,2.52283548e-02,1.11162388e-01,6.68908736e-02,1.00346888e-03,2.18698668e-03,-2.01850849e-02,-3.44191403e-02,-2.66992407e-02,-5.11851235e-02,7.49758634e-03,1.47718594e-02
2.75168714e-02,6.71874342e-03,3.24666195e-02,1.31634491e-01,7.60589518e-02,2.89081425e-02,5.79368745e-03,-5.93095237e-02,-5.14185896e-02,-1.16119455e-02,-7.08153528e-02,3.01335053e-02,2.96724624e-02
5.48620579e-03,1.08320426e-02,2.95775847e-02,8.59742120e-02,1.91468461e-02,-1.02774275e-02,-2.94017557e-02,-1.95109516e-02,-3.83591473e-02,-4.70188174e-03,-2.20597176e-02,4.84816908e-02,3.40370351e-02
1.29373280e-02,3.34643067e-02,4.20095267e-02,1.02676892e-01,-8.23837209e-03,-1.93602570e-05,-8.44730933e-03,-1.53122919e-02,-3.78358960e-02,2.79719621e-02,-9.76510336e-03,-2.01283694e-04,1.25611321e-02
-2.59563339e-02,5.88947470e-02,1.95627430e-02,5.17695009e-02,-3.65749176e-03,-3.58569482e-02,-2.34219617e-02,-3.83014500e-03,-4.33974690e-02,-4.81048738e-03,-1.63974479e-02,1.69853574e-02,2.63193214e-02
3.20107765e-03,6.19182707e-02,3.28777540e-02,5.50329381e-03,-3.88534401e-02,-2.93770340e-02,-1.20281273e-02,1.32745519e-02,-9.93059568e-03,3.35761937e-03,-2.47908316e-02,-3.93776398e-02,1.27531350e-02
1.72810809e-02,3.31329197e-02,1.55477817e-02,-1.69320727e-02,-7.92809281e-02,-1.59617833e-02,3.21092180e-03,1.13169162e-02,-1.48091015e-02,-2.93003045e-03,-2.91913037e-02,-1.81383059e-02,1.45443549e-02
-9.22610330e-03,4.43186254e-03,2.70373354e-02,-6.12303964e-03,-6.88877249e-02,-4.97414512e-02,-8.61978800e-03,2.59420678e-02,-1.69264922e-02,-7.95405199e-03,3.05617876e-02,-1.43965323e-02,-2.58693322e-02
4.70842953e-03,2.93002988e-02,1.22509475e-02,-3.68740322e-02,-6.40917134e-02,-7.08598204e-02,-2.55710824e-02,3.76839998e-03,1.64847017e-02,1.02096407e-02,3.91299292e-02,6.77749345e-03,-6.19189885e-02
-3.41649765e-02,-1.56601965e-02,1.35946015e-03,-1.55829040e-02,-2.12649473e-03,-2.46281978e-02,-4.72743005e-02,1.27478399e-03,-1.92886427e-02,-1.42982072e-02,-5.51919312e-03,-2.09089206e-02,-3.65898658e-02
-4.38706748e-02,2.47084937e-02,1.28020140e-03,-3.07590586e-02,-7.28046019e-03,-9.03766589e-03,-1.93697631e-02,-3.14651667e-02,-2.51166581e-02,1.07442957e-02,1.02060175e-02,-5.00625902e-03,-6.80830388e-02
-2.44540553e-02,1.55892033e-03,9.43961512e-04,-1.08840144e-01,-3.07673511e-02,-2.19009101e-02,-6.18198743e-03,5.74807925e-03,-2.54096838e-03,1.74604406e-02,2.80183422e-02,-1.75902642e-02,-6.76626493e-02
3.24052400e-03,-1.80401186e-02,-1.26587431e-02,-1.09091206e-01,-1.85299385e-02,-2.13081559e-04,1.72321685e-02,2.73074511e-02,-2.73302649e-04,2.02599002e-02,3.44060079e-02,-2.20438666e-02,-6.41604109e-02
-1.90954694e-03,-5.64577502e-03,-2.74221218e-02,-7.95850668e-02,1.94319524e-02,-3.08723103e-02,-3.93574829e-03,2.23459383e-02,-4.16483079e-03,-7.32546162e-03,2.47369670e-02,3.19228076e-04,-2.13671587e-02
1.08037659e-02,3.37554283e-04,-3.88729205e-02,-7.18879214e-02,4.62182945e-02,-1.78932909e-02,1.67512432e-02,3.56862427e-02,1.91099660e-02,-1.10575885e-02,1.03334452e-02,-2.11339243e-02,-2.83187856e-02
4.53901649e-02,1.31546693e-04,-6.11832753e-02,-6.57707010e-02,-1.39825110e-02,-8.60448131e-03,3.34395296e-02,4.00514602e-02,2.65227784e-02,2.79895895e-02,-2.28248256e-03,-4.90638433e-03,1.22259868e-02
3.56003012e-02,-3.66230086e-02,-4.45956439e-02,-1.29478219e-02,-9.11621718e-03,1.13966262e-02,3.18794975e-02,3.90780434e-02,2.73365909e-02,3.48051897e-02,1.60804250e-02,-2.56618536e-02,2.02025282e-02
2.86185251e-02,-9.72984348e-03,-4.62587524e-02,-4.47889998e-02,-1.68042491e-02,9.40298756e-03,3.05114656e-02,2.55008585e-02,3.96965936e-02,5.40936207e-02,4.79443380e-02,-1.17348711e-02,1.87594817e-02
-5.07414906e-02,-5.27857917e-02,-7.15525478e-02,-8.16896686e-03,2.75042119e-05,2.24103329e-02,1.37905591e-02,3.81151171e-02,4.99243063e-02,5.95519140e-02,1.79870845e-02,-1.26260568e-02,4.29687944e-02
-7.58881114e-02,-1.16660721e-02,-5.53260545e-02,-1.55423280e-02,-4.13399889e-02,3.27587385e-02,3.73953165e-02,2.07954708e-02,4.95469425e-02,9.07806264e-02,2.31753397e-02,-1.44437007e-03,1.84814631e-02
-9.58806230e-02,-4.03073288e-02,-4.57363377e-02,-3.19338160e-02,-3.97640024e-02,1.30521024e-02,3.55752180e-02,3.40029880e-02,7.08713086e-02,7.12658660e-02,1.48725348e-02,-9.32667020e-03,-1.28556082e-03
-6.26331116e-02,-3.32026474e-02,-3.33859488e-02,-3.33069357e-02,-4.83369094e-02,8.99854871e-03,6.62318132e-02,4.12092349e-02,6.04607532e-02,5.01342805e-02,-2.00267958e-02,6.42423006e-03,1.70243065e-02
-9.25010271e-03,-6.06808726e-03,1.30832358e-02,-2.21505067e-02,-5.55734376e-02,-1.90346527e-02,4.79725010e-02,3.85301590e-02,3.06572523e-02,-2.74780533e-02,-3.42149903e-02,1.31963650e-02,3.20240640e-02
2.93276913e-02,4.10805262e-02,4.25226479e-02,-7.42909089e-03,-7.30553098e-03,1.07539153e-02,3.11710804e-02,3.54362112e-02,-5.45107459e-03,-9.74253947e-02,-4.07559021e-02,1.73421347e-02,2.03283794e-02
7.07085583e-02,7.84734396e-02,6.47831651e-02,6.19375325e-03,-1.20614903e-02,2.36434518e-03,-3.92348937e-03,1.53015460e-02,2.24570571e-03,-1.11874354e-01,-6.20400885e-02,9.95846046e-03,5.02529845e-03
9.42758366e-02,7.77076735e-02,9.58726032e-02,6.02625555e-02,1.35432220e-03,-5.23099837e-03,2.64160800e-02,3.14368184e-02,-1.07967126e-02,-1.34423823e-01,-9.23333542e-02,-1.70226866e-02,-1.76602679e-02
9.34463538e-02,6.54389143e-02,9.92127624e-02,2.17554974e-02,-2.46835219e-02,-8.66522190e-03,-1.90684832e-02,2.17923793e-02,-2.93591605e-02,-1.10168977e-01,-6.54416946e-02,-2.58722342e-02,4.25895040e-03
3.84486986e-02,1.52490943e-02,5.92113527e-02,4.12723365e-02,-4.80377830e-03,4.75397557e-03,-1.71149871e-02,1.90224039e-02,2.66003804e-02,-6.07298334e-02,-2.08739152e-02,-2.97957305e-02,3.18188521e-03
-2.33496129e-02,-5.85814805e-02,-1.61940819e-02,1.92469598e-02,-1.35628442e-02,1.93589377e-03,-2.10125977e-02,1.58497937e-02,5.60623906e-02,1.06433126e-03,5.52281928e-02,-2.04368119e-02,7.79349136e-04
-8.06948066e-02,-1.11391278e-01,-9.52848767e-02,-3.53325281e-02,-1.41493407e-02,6.15689528e-03,-8.72529835e-03,4.15965557e-02,7.94142688e-02,5.90022612e-02,8.80625829e-02,4.03590307e-03,-1.60440213e-03
-1.14564731e-01,-1.31991323e-01,-1.72659967e-01,-7.14703840e-02,-8.52683811e-03,3.30413413e-04,-1.48704619e-02,3.46833394e-02,7.94387637e-02,1.14436598e-01,7.59534631e-02,2.42294893e-02,2.76888783e-02
-9.78623662e-02,-1.19501541e-01,-1.59092489e-01,-9.29250143e-02,8.72700030e-04,2.29115453e-02,-1.84097870e-02,1.53848151e-02,2.59820469e-02,6.64440762e-02,9.04215889e-02,2.85326935e-02,2.42994366e-02
-7.51578637e-02,-5.81096814e-02,-1.35941510e-01,-7.15464774e-02,1.36447127e-02,4.45802996e-02,-2.21542783e-02,-3.34225538e-02,-2.29349030e-02,7.04373361e-02,8.95148432e-02,3.52893666e-02,3.37000195e-02
-3.60197364e-02,-3.26822725e-02,-8.49128825e-02,-1.73108623e-02,1.61732622e-02,2.23647914e-02,-1.88239592e-02,-8.23943762e-02,-4.55824659e-02,4.43104008e-02,2.75865809e-02,4.12877214e-02,3.24689405e-02
-6.43155323e-03,2.50953845e-02,-1.89685350e-02,3.57913397e-02,3.51212953e-02,2.40097322e-02,-4.61734187e-03,-8.79079976e-02,-6.49431011e-02,-2.46112450e-04,-2.96312735e-02,1.06664182e-02,-9.71691589e-03
2.51714851e-02,3.71186248e-02,6.25941840e-02,3.26791850e-02,1.37038991e-02,2.33530968e-04,-2.66254971e-02,-6.21410300e-02,-1.11175268e-01,-4.65027425e-02,-9.18873660e-02,-1.28832012e-02,-2.68827120e-02
7.88536423e-02,4.26852544e-02,8.89887956e-02,5.76178272e-02,4.34326684e-02,-3.61053825e-03,-3.41733621e-02,-7.98809911e-02,-5.99920326e-02,-5.35057887e-02,-1.10253353e-01,-4.61194741e-02,-4.00722057e-02
5.53286472e-02,2.80353251e-02,8.55574851e-02,6.81638277e-02,5.36353678e-02,-3.53667269e-02,-5.20207263e-02,-7.44706698e-02,-2.54134877e-02,-5.89203803e-02,-8.57981686e-02,-5.84946441e-02,-5.71733576e-02
3.26855151e-02,1.00699747e-03,7.02980137e-02,2.72770346e-02,2.08665446e-02,-4.35377458e-02,-6.96604531e-03,-5.75415954e-02,-2.27027497e-02,-4.66817757e-02,-7.58904353e-02,-3.54510097e-02,-5.99667278e-02
-3.28061533e-02,-2.87006529e-02,1.42362494e-02,-1.62136149e-02,2.28386631e-02,-1.85164792e-02,-1.62959045e-02,-1.85069440e-02,-1.72469213e-03,-2.16225153e-02,-5.92536117e-02,-6.23896897e-02,-4.70081576e-02
-3.14885300e-02,-3.01257205e-02,-3.54447121e-02,-4.68607113e-02,2.27478532e-02,1.09994044e-02,-3.57610455e-02,4.95679540e-03,-1.26745803e-02,-4.10807130e-02,-1.21282530e-02,-4.92623446e-02,-2.06492457e-02
-7.06604250e-02,-5.70163775e-03,-6.52223149e-02,-7.78152447e-02,4.11028885e-02,-1.05134924e-02,-3.22631316e-02,1.94212151e-03,2.58235153e-02,-9.80227420e-03,3.11332768e-02,-3.04471510e-02,7.45772844e-03
-7.57509233e-02,-5.13597344e-03,-3.01702738e-02,-2.90322851e-02,1.54941037e-02,-6.68186016e-03,1.29488596e-02,-5.20172931e-03,2.73753483e-02,8.56567097e-04,4.14987200e-02,8.74114669e-04,2.13951466e-02
-6.00066915e-02,-3.33422429e-03,-6.37722986e-03,-7.49758676e-03,-3.38768701e-02,1.28733322e-02,-8.49506901e-03,-2.15130180e-02,1.37042972e-02,3.19297292e-02,6.26120650e-02,2.02474707e-02,2.40148785e-02
-5.61614491e-02,-1.02144082e-02,3.50538670e-02,1.29325199e-02,-2.90685471e-02,2.19903421e-02,-5.06437534e-04,8.60697620e-03,-6.71276468e-03,3.26062545e-02,3.89450749e-02,2.08077025e-02,-7.22873066e-03
-1.41267148e-02,-1.60432057e-02,3.96637331e-02,2.30709152e-02,-3.69726744e-03,-2.14003350e-02,-2.65109287e-02,2.19485825e-02,-2.67826923e-03,5.56036310e-02,4.72784680e-02,3.32769899e-02,9.66256896e-03
7.65310893e-03,1.80708251e-02,6.94792299e-02,7.07707834e-02,-8.02603599e-03,-2.35374398e-02,7.23221823e-03,4.64206857e-02,1.14410534e-02,5.67213641e-02,1.60022523e-02,3.07592547e-02,2.66628802e-02
1.83702224e-02,2.27152933e-02,6.46522700e-02,7.23709926e-02,-7.94342752e-03,-4.73597656e-02,1.94195806e-02,2.97049636e-02,-1.34116311e-02,4.95542775e-02,4.52309188e-03,4.28865050e-02,2.71365253e-02
1.05333892e-02,2.43137938e-02,5.51611816e-02,6.50660543e-02,-1.25346826e-04,-5.01591969e-03,5.57580875e-02,6.03788278e-02,-1.89420131e-02,3.44277086e-02,-3.81053437e-02,1.28610656e-02,4.17893892e-02
1.04293733e-02,3.04876821e-02,6.82693563e-04,6.44509103e-02,-2.31573487e-03,1.39492600e-02,8.19783208e-02,6.14912316e-02,-4.40167166e-02,3.91393215e-02,-1.62885903e-02,4.43725524e-02,5.21900102e-02
-1.68029286e-02,3.55393252e-02,-5.58377984e-02,1.04263069e-03,1.27794018e-03,-1.92705059e-02,7.80727602e-02,6.68978588e-02,-3.35243209e-03,1.49879016e-02,9.73428246e-03,6.41593677e-02,5.97842440e-02
-4.40672572e-02,7.00607244e-02,4.98211576e-04,2.55629071e-02,1.91534381e-03,-1.33600874e-02,2.91221682e-02,3.08345818e-02,5.17830135e-02,2.92307809e-03,1.83256110e-02,4.42322093e-02,6.47197626e-02
-3.28867340e-02,4.52001705e-02,-3.87321878e-03,-1.38089157e-02,-4.09649910e-02,1.52411496e-02,3.51156914e-02,1.35352141e-02,2.15249498e-02,-1.62486823e-02,1.97164816e-02,1.78278258e-02,2.59416639e-02
-1.30788338e-02,3.17898423e-02,-1.10831013e-03,-1.33104407e-02,-4.45037180e-02,3.93782698e-02,2.09541997e-02,-2.46756360e-02,1.63696968e-02,-2.85404002e-02,2.35073176e-02,9.26080136e-03,-4.92000970e-02
2.80215215e-03,1.36514434e-02,1.63897017e-03,4.49759256e-03,3.69703976e-04,3.26938594e-02,-9.13650544e-03,-2.05551611e-02,6.23852247e-03,-2.67764463e-02,-4.71712379e-04,-2.10866916e-02,-5.29472776e-02
1.92424850e-02,8.90353849e-03,2.74217601e-02,-4.33475232e-03,-1.04097437e-02,1.57454529e-02,-6.45066202e-03,-6.27633899e-03,7.31727341e-03,-4.54678321e-02,-2.91478043e-02,-3.25595376e-02,-3.16238187e-02
2.77939135e-02,-6.42832186e-03,7.27569784e-03,2.22405018e-02,8.03714293e-03,3.26389846e-02,-6.75601981e-03,-1.83217499e-02,-5.68078690e-03,-3.91943615e-02,1.81795851e-03,-3.24697258e-02,-4.98985667e-02
3.42229685e-02,1.44135441e-02,-1.53922935e-03,-1.50006849e-03,2.83514581e-02,5.86763026e-02,2.04258155e-02,5.27885104e-03,-1.31171349e-02,-1.43477641e-02,-1.72518251e-02,-6.04716466e-02,-2.02338876e-02
-2.06163641e-03,-1.54356535e-02,-2.33946478e-02,-2.13218899e-03,5.38934536e-02,7.37184570e-02,6.63683543e-02,1.82311460e-03,-9.05394928e-03,2.02344385e-02,-7.90572007e-04,-2.04685292e-03,-3.50910348e-02
-4.25445385e-02,-4.57102387e-02,-4.77333773e-02,-3.61072082e-02,4.83861578e-02,7.14655174e-02,7.33273222e-02,1.83232167e-02,1.25773141e-02,2.23863368e-02,2.70173882e-02,6.54001178e-02,2.11641399e-03
-8.88906249e-02,-5.30727664e-02,-2.67418128e-02,-3.03070767e-02,6.81959303e-02,7.55922512e-02,3.39675521e-02,1.79712498e-02,7.44845141e-02,5.73629901e-02,3.42323944e-02,5.41391731e-02,4.57148412e-02
-1.17698231e-01,-7.22041389e-02,-5.22321767e-02,-4.38584068e-02,8.75263692e-02,6.42173093e-02,6.58042615e-02,6.30901267e-02,6.18711258e-02,3.39972223e-02,2.16988685e-02,1.87398281e-02,2.35657542e-02
-7.47388231e-02,-8.16853723e-02,-1.39197973e-02,-5.10948306e-02,2.91855790e-02,4.24687072e-02,3.80562546e-02,4.74942971e-03,5.70276214e-02,3.64879640e-02,4.63452305e-02,1.11864532e-02,-1.47082482e-02
-3.18145347e-02,-4.66955926e-02,-2.70136204e-02,9.89075652e-03,3.69626488e-02,2.12716824e-02,2.66196075e-03,-2.63561387e-02,2.80979743e-02,1.78743251e-02,4.74812244e-03,-3.71888057e-02,-1.73171819e-02
3.51917304e-02,-1.09305437e-02,-4.14070676e-05,1.15196694e-03,3.21256226e-02,-5.02622793e-02,-5.11259959e-02,-1.40533757e-02,-4.78029501e-03,-1.61350711e-02,-5.17067373e-02,-5.17361680e-02,1.41155500e-03
9.69593883e-02,2.62666281e-02,1.70109372e-02,3.64225792e-02,4.18449034e-03,-7.26689686e-02,-8.39187235e-02,-2.71450126e-02,-5.92143369e-02,-6.85249770e-02,-4.82812602e-02,-3.49275440e-02,-5.66574604e-04
1.24264502e-01,7.91488191e-02,3.69193179e-02,3.92853627e-02,-5.94311029e-04,-5.85832394e-02,-9.26225790e-02,-3.91322899e-02,-1.11399206e-01,-7.94246085e-02,-3.67270119e-02,-5.94231374e-02,1.43701863e-02
1.27893860e-01,8.32405761e-02,3.91999691e-02,2.99130948e-02,-1.33250285e-02,-4.29911533e-02,-9.57127239e-02,-9.10015064e-02,-1.49852166e-01,-7.52607366e-02,-2.30507825e-02,-4.99005702e-02,-3.11488226e-02
9.39898342e-02,8.48556194e-02,6.47386011e-02,2.11844605e-02,-7.28924829e-02,-8.66562555e-02,-9.31042184e-02,-5.81007360e-02,-1.33273297e-01,-9.06974418e-02,-2.01666107e-02,-4.56456511e-03,-4.91247666e-03
5.57034497e-02,5.04854354e-02,3.60862611e-02,-1.74381781e-02,-8.99856614e-02,-4.50311306e-02,-4.72520649e-02,-3.78103051e-02,-8.29369333e-02,-5.61545933e-02,-1.35720738e-02,3.82926018e-03,2.12791790e-03
-3.55120502e-02,1.59602560e-02,-1.55921604e-02,-1.57644548e-02,-5.99387644e-02,-2.99161913e-02,1.90050003e-02,4.09682543e-02,-2.31122801e-02,-3.58578731e-02,-1.47817951e-02,-7.78765289e-03,2.88758724e-03
-6.55858933e-02,-2.10559942e-02,1.37778907e-02,-4.62180492e-02,-8.27450122e-02,-1.08592548e-02,3.89151452e-02,5.55491484e-02,2.82772320e-02,5.75812118e-03,8.53071038e-03,-1.59481343e-04,-5.73343749e-03
-9.46248412e-02,-6.42840167e-03,1.81183383e-02,-4.14087130e-02,-1.02133670e-01,-2.51502470e-03,3.65439881e-02,1.19161493e-02,4.48705818e-02,1.66894267e-02,4.60024976e-02,1.37407195e-02,1.29403498e-04
-8.45541435e-02,3.63420474e-03,1.04045468e-02,-4.28923688e-02,-7.36377525e-02,-1.54405802e-02,4.24182658e-02,4.38072556e-04,5.67096711e-02,4.40404367e-02,1.82024955e-02,2.94974773e-03,-4.63635843e-03
-3.86843515e-02,1.17445289e-02,-4.22434706e-02,-2.03594248e-02,-3.51477362e-02,-1.35250960e-02,2.57154463e-02,-6.72442773e-03,6.63547441e-02,4.62279155e-02,-4.69720662e-03,2.57942847e-02,2.26077876e-02
-4.31797963e-02,5.03145176e-03,-4.41276170e-02,-9.00056918e-04,-1.53852162e-03,1.23677123e-02,2.17558604e-02,-9.84880928e-03,4.18684490e-02,5.98856009e-02,-6.18591788e-03,4.45530025e-02,5.62376983e-02
-2.38150572e-02,-2.20182175e-02,2.76895814e-03,2.92209027e-02,6.11847682e-02,5.47699922e-02,9.30224832e-04,-6.35010864e-02,-9.09732425e-04,3.56900857e-02,-2.16304673e-02,2.40509332e-02,2.06045952e-02
6.63217594e-03,-3.07446531e-02,-1.31010929e-02,1.23172008e-02,6.38132623e-02,2.35738907e-02,-4.45344087e-02,-4.09198520e-02,2.10747482e-02,1.64563170e-02,-3.17180160e-02,2.69662869e-02,3.66155150e-02
2.72477707e-02,-8.21485387e-03,-2.01246177e-02,2.06513400e-02,5.43539384e-02,2.58680427e-02,-5.43749983e-02,-2.96286155e-03,8.42953480e-02,-4.12462083e-03,-3.72704834e-02,3.01780856e-02,1.95325254e-02
-2.67945714e-02,-3.25698641e-02,-5.16681229e-02,5.25489663e-02,7.76665562e-02,3.62526956e-02,-2.26975723e-02,-3.11235175e-04,7.53863515e-02,2.34034044e-03,-4.03356569e-02,3.21887760e-02,3.27553273e-02
-2.80155692e-02,-5.97438485e-02,-3.76679750e-02,4.47081061e-02,5.08900450e-02,1.87491170e-02,1.61553447e-03,3.42245697e-02,3.85101006e-02,3.75344510e-02,-1.38055676e-02,3.32013398e-02,-2.23273052e-03
-4.48153274e-02,-5.65703263e-02,1.49463540e-03,3.83172950e-04,3.22136566e-02,-1.22450432e-02,-9.45552808e-05,3.64191965e-02,3.67030074e-02,3.41200799e-02,1.44210586e-02,4.77834293e-02,9.04275261e-03
-2.58830222e-02,-6.94671493e-02,-6.59015106e-03,-2.70322721e-02,1.34465620e-02,-3.46709968e-02,6.75544065e-03,5.14901051e-02,1.99153186e-02,1.32106457e-02,1.67558761e-02,2.95749743e-02,-2.81810294e-02
1.05426926e-02,-5.24335862e-02,-6.26114000e-02,-2.52543181e-02,-1.98247605e-02,-4.68820095e-02,3.61149573e-03,2.96545886e-02,5.27995128e-03,3.14325757e-03,4.13376430e-02,1.90163380e-02,-7.20902310e-03
-1.44077472e-02,-3.69397890e-02,-7.58264601e-02,-2.82517587e-02,-2.28832511e-02,-4.09668313e-02,1.37145215e-02,1.14024690e-02,-4.37942270e-02,1.40795381e-02,4.47906872e-02,1.18218072e-02,-7.08168365e-03
-1.57333105e-03,-2.66416994e-02,-1.75230816e-02,-5.09036474e-03,-1.76420515e-02,7.14009299e-03,-4.48437950e-03,6.26805758e-03,-9.33744897e-02,-1.65205124e-02,1.99781946e-02,-4.81878189e-02,-2.56494741e-02
3.49100105e-02,-1.62991448e-02,-1.17257486e-02,-3.42894660e-02,-3.67273176e-02,1.21486304e-02,-3.98846328e-02,-1.26578405e-02,-7.35446438e-02,-2.20260184e-02,1.83141549e-02,-3.18525678e-02,-2.39579960e-02
4.08229228e-02,7.17375915e-02,5.65262968e-02,8.92094637e-03,-4.16412319e-02,1.12460172e-02,-5.43792778e-02,3.27831643e-02,1.85497899e-02,-3.35274758e-02,-2.11354438e-02,-4.88765377e-02,-2.08793817e-02
1.66988116e-02,5.98304603e-02,5.97314284e-02,3.77761105e-02,-1.84075539e-03,5.92870571e-02,-3.09952658e-02,-9.88726944e-03,1.08464536e-02,-6.37228785e-02,-3.08601674e-02,-7.48550686e-02,8.69684592e-03
1.98023073e-02,5.39238096e-02,1.07789653e-01,1.00038333e-01,3.15953550e-03,5.65223360e-02,-7.07301250e-03,-2.91969960e-02,1.02170587e-02,-1.55577665e-02,-2.80730321e-02,-6.24759485e-02,-5.63413718e-03
9.75474392e-03,4.81142368e-02,1.02079188e-01,5.19354501e-02,1.66840314e-02,5.00474925e-02,2.45513010e-02,-5.14547626e-02,1.66265210e-02,-6.85814670e-03,-3.46791053e-02,-3.62037713e-02,9.37054941e-04
2.19652842e-02,1.81155609e-02,4.66569500e-02,3.10359609e-02,4.95377056e-02,1.54647688e-02,2.35662265e-02,9.36145085e-03,2.42119242e-02,-3.56218955e-03,-1.00227154e-02,-1.09312846e-02,6.13813063e-03
2.98729410e-03,1.78056560e-02,3.01150977e-02,-4.73858772e-04,3.79073882e-02,-3.18495164e-02,4.25876630e-02,6.95780877e-03,5.31209518e-03,2.03045954e-03,1.66680272e-02,1.07118166e-02,2.75123602e-02
-5.56273326e-02,-4.35526746e-03,-2.27445961e-02,-1.47264736e-02,2.51521195e-02,-3.38498312e-02,7.55182074e-02,1.82214374e-02,-1.73036743e-02,2.63326313e-02,6.05232874e-02,5.94390596e-02,1.92339148e-02
-8.02605578e-02,-2.83071848e-02,-6.27512900e-02,-3.01184431e-02,-8.27857104e-03,-5.45926661e-02,5.93123218e-02,2.04488645e-02,-4.51301424e-02,6.23761589e-02,7.54959941e-02,1.30103028e-02,-3.49523739e-03
-5.83957236e-02,-5.21761162e-02,-9.40139408e-02,-8.15046963e-02,-2.68321552e-02,-7.41559779e-02,1.64607390e-02,1.78877165e-02,-6.34058038e-02,5.48012855e-02,7.95307719e-02,1.29268034e-02,-3.63075094e-03
-5.13376382e-02,6.55770141e-03,-2.41429878e-02,-6.80160971e-02,-7.10241935e-02,-6.17782388e-02,2.88691047e-03,5.01676809e-02,-2.68527114e-02,4.96527508e-02,3.90373870e-02,3.74376265e-02,-3.47245001e-03
-5.13107560e-02,-3.30284651e-02,-3.29496786e-02,-7.26043123e-02,-7.09258520e-02,-1.79877021e-02,1.51611793e-02,3.80733628e-02,-1.35565812e-02,1.81107861e-02,-1.63779140e-03,-2.58610663e-02,1.96329688e-03
-2.06363952e-02,1.49882336e-02,2.60651718e-02,-5.24793082e-02,-6.72985344e-02,-3.02317320e-02,-8.51443654e-03,2.32726823e-02,3.82679764e-02,2.06663985e-02,-2.99785534e-02,-3.49907034e-02,1.49867259e-02
1.89898605e-03,-2.43576519e-03,3.66388830e-02,-5.44140908e-02,-7.79037267e-02,2.62000330e-02,-3.21851794e-03,-4.14224353e-02,4.90564880e-02,-2.05145454e-04,-3.69615870e-02,-2.14871537e-02,-1.71096306e-02
4.75319229e-02,3.45785844e-03,2.20193872e-02,2.58256535e-02,-4.00977546e-02,8.69959921e-03,-1.98661489e-02,-2.22919213e-02,4.28608695e-02,-3.78346720e-02,-3.92138341e-02,-2.33052656e-02,-9.51216710e-04
8.37167215e-02,6.39059738e-02,4.50999066e-02,1.95360216e-02,2.61624729e-02,2.11524218e-02,-3.10577888e-02,-4.49137665e-02,1.78526325e-02,-5.11250226e-02,-5.06998730e-02,-4.63931392e-02,-2.37409056e-03
7.05224823e-02,5.04886995e-02,4.64155453e-02,3.47362202e-02,2.91672143e-02,4.35280955e-02,-2.05270974e-02,6.29893321e-03,1.84602786e-02,-6.30005371e-02,-3.86011182e-02,-1.46604601e-02,-1.50288699e-02
6.24281539e-02,3.31026319e-02,2.81344336e-02,6.17929985e-02,2.65483676e-02,-7.01444978e-03,-1.75666214e-03,3.26237914e-03,-7.09817935e-03,-2.65362082e-02,-7.37383380e-03,-4.92774603e-03,-4.89543599e-02
3.13321847e-02,-7.79098449e-03,2.50684691e-02,3.94038559e-02,4.73062449e-02,-4.83291527e-02,-2.20316751e-02,-1.28598626e-02,-4.39761325e-02,-4.37864000e-02,1.22295614e-04,-1.15975154e-02,-2.93567170e-02
2.17254756e-02,-6.14841895e-03,5.17164044e-02,6.23023657e-02,3.22707526e-02,-7.51080714e-03,-3.85671983e-02,-1.14429058e-02,-8.14630718e-03,-2.95260783e-02,1.88401023e-02,1.54637164e-02,-4.10226029e-02
2.01257538e-03,-7.40338516e-02,1.04713714e-02,5.46010239e-02,4.24470987e-02,2.27533430e-02,-1.38740553e-02,2.78978222e-02,-2.48055760e-02,-1.39338177e-02,-3.76538415e-03,1.16033077e-02,-3.99318238e-02
-3.71313223e-02,-2.04033937e-02,-2.90482214e-03,1.43088709e-04,4.16175154e-02,-6.16055097e-03,-3.37157445e-02,2.30753224e-03,-3.16872805e-02,5.97888410e-03,1.55681424e-02,3.14523678e-02,-2.00496421e-02
-5.57159714e-02,-4.89585525e-02,-3.25557135e-02,-3.71524202e-02,3.44221284e-02,1.69794209e-02,-2.97112623e-02,2.96806442e-03,-7.70559498e-03,-2.05344927e-02,3.47494535e-02,7.72465904e-02,-3.13765029e-02
-4.86033812e-02,-4.44624149e-02,-6.58921968e-02,-2.64957393e-02,-1.65673297e-02,-3.09748165e-03,-5.52667728e-03,1.95868487e-02,-7.97614695e-03,-2.53035832e-02,4.06692751e-02,8.97647199e-02,-1.34777083e-02
-7.72885559e-02,-2.81687046e-02,-1.04472767e-01,-4.37490358e-02,-1.33310544e-02,5.76686742e-05,-1.96047155e-02,-2.07764039e-02,-3.93328280e-02,-1.36632999e-02,2.75151346e-02,3.97378931e-02,2.44492519e-02
-9.89025692e-02,-2.82085923e-02,-7.40345685e-02,-4.26617590e-02,2.62214742e-02,3.99265908e-02,-4.34416891e-02,-1.77819690e-02,5.27998352e-03,2.71855801e-03,-6.91038166e-03,9.03899143e-03,2.05742839e-02
-9.18206542e-02,-2.63964384e-02,-4.12369369e-02,-4.24751375e-03,2.57826545e-02,4.55689077e-02,-1.46366202e-02,-9.45080983e-03,-1.18381585e-02,2.00702770e-02,2.56864829e-05,7.09392857e-03,1.33053231e-02
-7.76125620e-02,-1.80524105e-03,1.00573438e-02,2.38536318e-02,2.30410634e-02,2.93726217e-02,8.93326870e-04,-4.56752311e-02,-3.14610288e-02,-3.87450330e-03,-1.70929188e-02,-8.67472194e-03,2.82223664e-02
-3.55059050e-02,1.11880708e-02,2.88687254e-02,4.23387419e-02,-9.76837720e-03,1.99033849e-02,-3.23419999e-03,-7.64159449e-02,3.92702090e-04,1.24322987e-02,-3.42603749e-03,-3.62182117e-02,2.00685335e-02
-4.88903477e-03,-3.44675819e-03,7.05714216e-02,6.88200153e-02,2.66744710e-02,3.49594853e-02,-4.06395632e-03,-5.94150241e-02,-2.77820127e-02,2.21396239e-02,-2.55936919e-02,-3.01869583e-02,1.80052624e-02
1.16001263e-02,2.94648801e-02,7.19191193e-02,4.99386860e-02,2.36843290e-02,4.29952922e-02,3.90433611e-03,-7.47679791e-02,-5.82788317e-02,4.46225321e-02,-1.95930501e-02,-3.30129168e-02,2.46353889e-02
3.83292403e-02,3.58836009e-02,6.62165268e-02,6.29249197e-02,3.32774024e-02,2.54019646e-02,4.52521339e-03,-5.98020365e-02,-2.91942531e-03,1.60005081e-02,-3.06627806e-02,-2.60204171e-02,-1.41991077e-02
5.51778254e-02,4.85916701e-02,3.43058008e-02,-2.28686921e-02,-2.07920916e-02,-1.20853379e-02,2.55304430e-02,-4.21904351e-03,3.23606261e-02,2.52864440e-02,6.06882059e-03,1.53798980e-02,-3.01686579e-02
-1.83932693e-03,4.38577416e-02,8.92481413e-03,-6.12583609e-02,-5.63311328e-02,-5.50226002e-02,2.88920051e-02,2.50771343e-02,1.08480446e-02,-1.12611950e-02,1.32358506e-02,2.05363603e-02,-1.11048594e-02
-2.70988454e-02,3.04861802e-02,-6.93913495e-03,-8.40149497e-02,-3.39090043e-02,-4.51422580e-02,6.97619871e-03,2.32776157e-02,4.19391259e-02,1.99978947e-03,-1.42833709e-04,-5.63750553e-04,-1.20923359e-02
-7.17379890e-02,5.37725271e-03,2.54286624e-02,-5.54856368e-02,-1.53274844e-02,-2.47997644e-02,4.78347585e-03,3.05530745e-02,4.28601813e-02,1.87694623e-02,-5.73793112e-04,1.95785451e-02,-1.20607493e-02
-2.67658110e-02,3.10005137e-03,-9.64468484e-03,-4.81440753e-02,-1.72426409e-02,-1.65378066e-02,-4.86099720e-03,2.45595694e-03,3.73601067e-02,2.68622907e-02,-9.71915740e-03,-1.69297389e-04,-1.00724908e-02
1.69551039e-03,-2.78512628e-02,-6.08241021e-02,-3.42859796e-02,-5.77511249e-02,-1.68534489e-02,-3.67494190e-04,4.45244798e-02,5.67337582e-02,2.28364398e-02,-2.20188431e-03,-2.09336399e-02,-2.09136610e-02
-1.75670015e-02,-5.19806189e-02,-4.70702109e-02,-3.12718879e-02,-1.58717801e-02,-2.81064775e-02,1.24597566e-02,4.33454893e-02,2.21898880e-02,9.33862134e-03,-1.71199293e-02,-5.86174604e-03,1.35131811e-02
8.76540281e-03,-4.81909388e-02,-5.66780985e-02,-4.19449182e-04,-8.17110672e-03,3.21394690e-03,3.93134699e-02,4.65792030e-02,-8.56934731e-03,8.97705006e-03,2.35704684e-04,3.55361483e-02,5.22796157e-02
1.88355463e-02,-3.93198662e-02,-5.83961512e-02,2.41015568e-02,-3.43664998e-02,1.68529389e-03,3.45806472e-02,1.49233021e-02,-8.22238874e-04,1.49379794e-03,-9.33777952e-03,1.95313827e-02,5.82186519e-02
4.59589662e-02,-1.56032568e-02,-5.26797742e-02,4.23502905e-05,-2.40550202e-02,2.84818179e-03,3.31963747e-02,2.84058819e-02,1.58220970e-03,3.98953597e-03,-2.10605593e-02,5.58935415e-03,5.50499326e-02
2.70044028e-02,3.42977127e-02,1.40132242e-02,8.04852241e-03,-2.74228978e-02,-9.28970525e-03,1.83387045e-02,3.68300844e-02,-3.00329224e-02,-2.40784771e-02,-3.29562583e-02,-2.56668153e-02,8.04426315e-03
1.70226159e-02,4.34448660e-02,2.88681328e-02,6.90426904e-03,-3.15600982e-02,-4.86878118e-02,-9.69220147e-03,1.48140026e-02,-4.93425561e-02,-6.64955543e-02,-2.87181970e-02,-8.28168903e-02,-5.23080590e-02
2.63650028e-02,7.13985151e-02,8.28383030e-02,2.53688953e-02,2.87094756e-03,-7.10494418e-02,-2.44436525e-02,-1.87837508e-02,-4.72872855e-02,-5.85461584e-02,-1.83272613e-02,-8.63590186e-02,-6.41369949e-02
8.62350309e-02,9.14293327e-02,5.31822993e-02,-1.03430129e-02,-4.01346217e-03,-3.62573444e-02,-4.32102552e-02,-7.76831387e-02,-4.36822779e-02,-3.69554003e-02,-1.49368650e-02,-7.26425905e-02,-5.09647211e-02
1.17301477e-01,6.71311341e-02,1.21174815e-02,-4.06666716e-03,-6.04619293e-03,8.76749948e-03,-6.29690489e-02,-5.60891911e-02,-3.57371679e-03,-3.19057184e-02,-4.51149131e-02,-5.87588097e-02,-4.78226459e-02
6.60743387e-02,1.76719826e-02,-6.74614205e-03,-4.98407848e-02,-3.91130440e-04,-9.46954531e-03,-5.23818610e-02,-4.41674898e-02,2.00406854e-02,-3.18457677e-02,-4.25314510e-02,-5.05379116e-02,-2.56335945e-02
4.82939924e-02,-1.21720953e-02,-1.10236468e-02,-3.45520270e-02,2.46287655e-02,1.98728781e-02,-1.30786672e-03,-3.25630281e-02,2.21987809e-02,8.15834200e-03,2.25084199e-03,-9.59416306e-03,-2.17617638e-02
2.31116600e-02,-1.99830158e-03,-7.98592108e-03,-6.30993494e-02,-1.33990632e-02,1.73222387e-02,2.26868418e-02,-3.11502210e-02,3.91475997e-02,2.82872831e-02,5.59607730e-03,3.74200991e-02,3.72762057e-02
4.03440737e-02,2.70677194e-03,-2.01135669e-02,-3.94668526e-02,-2.14682236e-04,4.51201418e-02,4.81612722e-02,-8.43557585e-03,4.52492998e-02,5.03990826e-02,-1.16950693e-02,4.05741474e-02,7.05987816e-02
5.17572035e-02,3.68909855e-03,8.19271449e-03,4.14393878e-04,-1.84520735e-02,5.76559078e-02,5.19184212e-02,2.28015372e-02,-5.95016939e-03,3.87966322e-02,-2.25160893e-02,5.43384544e-02,5.24796565e-02
3.66761854e-03,1.24894581e-02,2.17815921e-02,-1.23417452e-02,-6.75736972e-03,4.51360371e-02,1.95900846e-03,2.53157861e-02,-2.36571603e-02,7.92589355e-04,9.82730148e-03,4.36571553e-02,2.41307349e-02
1.17210699e-03,3.13391422e-02,1.14415148e-02,6.71395365e-03,1.69826517e-02,-1.29595615e-02,-1.16015319e-02,3.15821915e-02,-1.91592418e-02,1.38512033e-03,4.65208207e-02,-3.39914644e-03,-3.09629590e-02
-5.26658634e-03,4.84183273e-02,-1.35584059e-02,-1.78352000e-02,-3.86433809e-03,-1.85420214e-02,2.08654073e-02,-1.00815675e-03,-2.83126617e-02,-1.65329248e-02,5.48494343e-02,9.17993383e-03,-3.99971826e-02
3.79041706e-03,5.12982907e-02,-3.18436942e-02,1.37953992e-03,6.34155341e-03,-1.06421656e-02,2.13048009e-02,3.69442453e-04,-4.49402381e-03,-9.36252325e-03,-4.70398948e-03,8.71393203e-03,-2.35753156e-02
-3.24391587e-02,8.14754988e-03,-6.90075176e-02,4.92214139e-03,5.47722346e-03,-2.40333538e-02,-2.63614236e-02,8.74521845e-03,1.21077286e-02,-5.50509372e-02,1.40332994e-03,7.19273211e-03,-7.60503191e-03
-3.85797812e-02,-7.51825255e-03,-4.57157982e-02,1.68724526e-02,-6.50403268e-04,-4.77321104e-03,-4.24738141e-02,-3.41094447e-03,1.10319424e-02,-4.19281121e-02,-4.40781541e-03,-3.54901891e-02,-2.87688665e-02
-5.44721891e-02,2.35496003e-02,3.37700201e-03,-1.20676525e-02,-9.47307319e-03,-2.55738319e-02,-2.28621558e-02,-7.15479219e-03,1.31776958e-02,-2.24832115e-02,-2.00534110e-02,-4.63452344e-02,-1.30754396e-02
-4.40742809e-02,4.96792042e-02,5.50539210e-02,2.46350076e-02,-3.29551153e-02,-5.13210423e-02,-2.91656929e-02,1.03674072e-02,4.02068320e-02,-2.29163762e-03,-3.12683018e-02,-5.85042965e-02,-2.04678245e-02
-1.38263917e-02,-1.55243329e-02,4.87096625e-02,6.35168009e-02,-1.17057441e-02,-3.05370498e-02,1.08851939e-02,4.50664978e-02,-5.33292834e-03,-4.24262564e-03,-3.04863571e-02,-1.63428502e-02,-1.39712806e-02
-2.23037819e-02,-3.48135009e-02,7.71392212e-02,6.07481406e-02,2.52288267e-03,-4.97918381e-03,-6.58319972e-03,2.50544889e-02,4.25672342e-04,-1.10182281e-03,-1.50664290e-02,2.09020956e-02,4.19996085e-02
-8.11152120e-03,-3.20433303e-02,5.97036083e-02,5.49022648e-02,3.70239565e-02,2.62587796e-02,1.49821029e-02,2.61103543e-02,-2.65892699e-02,4.11400582e-03,1.74306106e-02,2.58904715e-02,2.98143003e-02
-3.71371697e-02,-7.97191053e-02,2.17834857e-04,2.04084471e-02,3.46062547e-02,-1.45661060e-02,1.98796607e-02,-1.91763977e-02,-6.68534729e-02,9.04182993e-03,4.84850209e-02,5.56428016e-02,5.22539956e-02
-3.72784406e-02,-6.19369224e-02,6.38133489e-04,3.58558675e-02,5.38226219e-02,-1.47196061e-02,6.46374596e-02,-1.84293363e-02,-6.03574765e-02,1.79005383e-02,3.37229291e-02,3.86776816e-02,3.08963738e-02
-3.22535644e-02,-5.31761851e-02,-4.24639233e-02,-1.59961955e-03,4.76380938e-02,1.01902431e-02,7.99397228e-03,-1.28722762e-02,-1.51001333e-02,1.76594105e-02,1.26451390e-02,4.13826100e-02,5.44755415e-02
-4.36338744e-02,-4.38199674e-02,-5.04102622e-02,1.30164256e-02,4.23684153e-02,4.07924902e-02,1.24619775e-02,-2.30460949e-02,1.45838421e-02,4.22077771e-02,-2.19090601e-03,9.76327522e-03,4.68442765e-02
-4.00619948e-02,-5.72990288e-02,-3.23288352e-02,-1.15149706e-02,2.54823442e-02,1.87870907e-02,1.96991560e-02,-1.34133964e-02,3.63715948e-02,3.91654509e-02,-1.67962016e-02,7.63202918e-03,3.64262352e-02
-4.97177645e-02,-1.10006105e-02,1.51600745e-02,2.98419575e-02,1.68563736e-02,1.53898630e-02,1.21822205e-03,2.43698347e-02,8.86093938e-02,1.91916187e-02,-2.68421385e-02,-9.30642430e-03,1.01907248e-02
-7.93736167e-02,-3.05919088e-02,-1.09123575e-02,4.11730959e-02,5.10520138e-02,1.64697513e-02,4.98621759e-03,6.18428529e-02,9.17264810e-02,4.13730793e-02,1.88727157e-02,4.75528116e-03,-1.26611993e-02
-7.73863628e-02,-5.12923856e-02,-2.70445329e-03,6.78323721e-02,3.96633541e-02,2.94420299e-02,3.98390497e-02,6.16998354e-02,1.07240904e-01,3.84918808e-02,2.58457647e-03,2.41439084e-03,-3.08470671e-02
-5.47550102e-02,-3.68643547e-02,-3.86549235e-03,2.68622790e-02,1.64811893e-02,2.19087993e-02,3.54971241e-02,4.98255968e-02,8.01772756e-02,8.64872831e-03,1.18934537e-02,2.74055964e-02,-9.96456857e-03
-9.14574857e-02,-7.29341515e-02,-1.56951126e-02,1.21974548e-02,-2.70464689e-02,-1.63427106e-02,4.49109721e-03,5.91125654e-02,4.28161909e-02,8.05716024e-03,6.86694652e-02,6.26625931e-02,4.70314635e-02
-6.30344260e-02,-4.56626514e-02,-2.06298527e-03,1.33770389e-02,-5.31978554e-02,4.51923421e-03,4.37709697e-02,4.33285310e-02,-4.09611849e-03,-3.30429876e-02,1.04864240e-01,9.23309727e-02,5.23410762e-02
-2.79424443e-02,-6.19129484e-02,-1.52147015e-02,-4.01136126e-02,-7.85165401e-02,-3.81513131e-03,-1.66241366e-02,3.95780941e-02,-1.26822431e-02,-1.96026760e-04,5.94737331e-02,7.80287220e-02,4.77845497e-02
1.31907084e-02,-3.05465582e-02,-3.55125055e-02,-3.99896793e-02,-6.73481613e-02,-1.23971569e-02,-4.11934720e-03,1.09189503e-02,-5.14344039e-02,3.34333608e-02,4.82488231e-02,3.41783006e-02,7.18607918e-02
2.65845101e-02,-3.07603988e-02,3.68962706e-03,-5.48180760e-02,-9.32393101e-02,-3.57007593e-02,-2.77909329e-02,-3.25867376e-02,-5.91163377e-02,1.29014726e-02,1.96720835e-02,9.25660117e-03,4.35956810e-02
7.16658723e-02,9.78348042e-03,3.01504864e-02,-8.01442614e-03,-4.20961442e-02,-8.14767786e-03,-4.13449565e-02,-3.25530455e-02,-6.14945653e-02,-7.92969782e-03,-2.91486862e-02,-2.87106190e-02,2.24364063e-02
4.38798349e-02,3.04341686e-02,2.13941115e-02,1.57907814e-02,3.68009436e-03,-7.01939331e-03,-4.23754473e-02,-7.34068899e-02,-8.27838867e-02,1.26556698e-02,8.73074607e-03,-2.96816387e-02,-3.48840990e-02
4.51701475e-02,5.00738096e-02,4.14012265e-02,6.44917316e-02,7.31201324e-02,3.88381823e-02,2.35172304e-02,-6.57286704e-02,-6.10371245e-02,2.96182327e-03,-5.69645185e-02,-8.54290258e-02,-8.87266166e-02
4.23179021e-02,5.05063801e-02,2.48631616e-02,3.84672465e-02,6.10898257e-02,2.85851337e-03,-1.74834159e-02,-7.45893251e-02,-4.46424682e-02,-9.16730036e-03,-7.08042789e-02,-9.47616494e-02,-9.36400532e-02
1.29024338e-02,8.04301958e-02,5.43095028e-02,2.67071397e-02,4.90543858e-02,-2.06376587e-02,-1.53889533e-02,-2.53109568e-02,-3.45027329e-02,-4.61558674e-02,-3.40742442e-02,-4.24608339e-02,-6.03592988e-02
3.09760463e-02,1.19785083e-01,1.28249039e-02,-1.11332999e-02,2.65975904e-02,-1.97518403e-03,2.03952041e-02,-2.67471585e-02,-1.69957626e-02,-5.28763119e-02,6.31851530e-03,-1.39338203e-02,-3.43399621e-02
3.19878709e-02,4.94869893e-02,-2.01325163e-02,-5.96135600e-03,4.36969913e-02,2.48595985e-03,5.24738467e-02,1.72964074e-02,5.72888373e-03,-2.36071333e-02,-2.49361436e-02,-1.26390560e-02,-4.92529940e-02
2.53887715e-02,2.15107432e-02,-5.48718522e-02,-2.74066034e-02,4.99408058e-02,-1.02200605e-02,3.65823043e-02,3.12599324e-02,2.04991475e-02,-7.52264983e-03,-1.53502526e-02,2.58043610e-02,4.90000394e-03
-7.83878589e-03,-6.86260584e-03,-3.55120771e-02,-5.24647993e-02,2.28587020e-02,-6.61415345e-03,2.04829729e-02,4.69412624e-02,3.72515908e-02,-9.28775823e-03,3.39526563e-03,1.40585607e-02,-1.61880889e-03
-2.14301329e-03,-4.49533015e-03,-2.05232171e-02,-2.55937668e-02,3.28417203e-02,6.67588919e-03,-2.95842221e-03,7.28901682e-02,4.07279145e-02,2.46804039e-02,2.49396411e-02,1.98491884e-02,4.69679607e-02
2.20683458e-03,-1.35221194e-03,-5.87332611e-02,-6.32982213e-03,1.92689930e-02,6.49225561e-03,-1.61990872e-02,1.74101642e-02,6.19134728e-03,3.04395115e-02,5.39126513e-02,4.15174053e-02,1.10906032e-02
5.14539840e-04,-5.48683656e-02,-8.56513972e-02,-2.23459343e-02,-3.80516406e-03,3.31691247e-02,7.93271556e-04,3.01646733e-02,4.38377928e-02,6.31559871e-02,2.92682951e-02,1.52765586e-02,1.91876700e-02
-5.61326113e-02,-1.20954057e-01,-7.43508952e-02,-6.88794974e-03,-6.41270038e-02,-2.18910328e-02,-4.97780657e-02,1.05090931e-02,6.47418377e-02,4.89271517e-02,2.20109716e-02,2.83037095e-02,5.63360081e-02
-1.59337800e-02,-1.12714914e-01,-3.92302903e-02,-9.20431991e-03,-6.94154995e-02,-3.24404929e-02,-4.42119546e-02,1.25378234e-02,4.37871728e-02,1.98587950e-02,2.79687634e-02,4.14844310e-02,3.33744134e-02
5.24953341e-02,-4.12161448e-02,-2.05622489e-02,-3.53779181e-02,-9.18278897e-02,-7.28796020e-02,-4.62341206e-02,-1.51145079e-02,1.75290493e-02,2.42999197e-02,4.33446716e-02,3.18472164e-02,1.67765643e-02
7.26357514e-02,5.19838130e-03,-6.45111549e-03,6.33089655e-03,-3.56491633e-02,-4.84242616e-02,-1.26495849e-02,-3.27443819e-02,5.85209088e-03,-1.56535490e-02,2.90809480e-03,-2.10703759e-02,-2.31708434e-02
7.67102402e-02,4.32763128e-02,3.06724619e-02,-1.26635764e-03,-3.04501056e-02,-3.09370523e-02,-3.27614879e-02,-5.26910345e-02,-1.82419364e-02,-1.71202979e-02,-2.11066934e-02,-1.86844090e-02,-3.53779791e-02
7.97789525e-02,5.88975379e-02,7.57152431e-02,-2.00156206e-02,-2.90240172e-02,7.60719146e-03,-3.45452076e-03,-5.31815287e-02,-4.59766353e-02,-3.02392581e-02,-2.24367796e-02,-3.60722967e-02,-1.04334061e-01
6.06627438e-02,7.70198342e-02,1.10745187e-01,-6.84534387e-03,1.01889952e-03,2.33453571e-02,1.75359646e-02,-1.88930615e-02,-3.80530093e-02,-1.88496691e-02,-4.78555919e-02,-3.93569300e-02,-6.26727033e-02
6.02408460e-02,1.29012071e-01,1.12946311e-01,4.82891327e-03,3.53054414e-02,3.58418827e-02,3.36441138e-02,1.30742258e-02,-3.60121341e-02,-3.38878443e-02,-7.41369524e-02,-5.23077149e-02,-6.57704692e-02
2.14023579e-02,6.13882231e-02,6.25139222e-02,-3.48168854e-02,3.12685207e-03,5.88740454e-02,3.97611461e-02,1.28823989e-02,-9.48408908e-03,1.71101423e-02,-6.19556410e-02,-4.64122409e-02,-3.86847266e-02
-4.73126183e-02,-8.42802042e-03,3.26510382e-04,-1.64438623e-02,-1.46737305e-02,3.57627271e-02,1.67421937e-02,2.74833690e-02,3.23726186e-02,1.03242817e-03,-2.31658286e-02,-4.28081198e-04,1.51475849e-02
-2.76777254e-02,-5.23071394e-02,-7.09014548e-02,-2.10699869e-03,-8.33783210e-03,2.34724640e-02,3.16986586e-02,2.07914595e-02,3.29861834e-02,1.38264198e-02,4.20999379e-03,4.95506253e-03,1.65611849e-02
2.20677570e-02,-5.06947226e-02,-4.98470579e-02,-2.59035860e-02,-4.37011502e-02,-1.09628566e-02,3.57711478e-03,2.19811016e-02,3.36837870e-02,4.80251853e-02,3.21210439e-02,5.14695494e-02,1.34530303e-02
-3.18482512e-02,-4.48675715e-02,-5.84995639e-03,2.08426756e-02,4.47769249e-02,-2.05489481e-02,-3.23488467e-03,2.12730110e-02,3.89665804e-02,2.38652300e-02,4.44668253e-02,4.95300288e-02,2.45139043e-02
-2.39380118e-02,-1.18190138e-02,8.15732740e-03,1.39859571e-02,2.90786282e-02,-8.09241955e-03,-1.09117465e-02,2.45028761e-03,1.68130166e-02,1.68917831e-02,4.95995577e-02,3.73891298e-02,4.25505648e-02
-5.04730721e-02,-7.08484876e-03,2.28611257e-02,1.85770846e-02,-1.20089331e-02,2.84000424e-03,3.75645240e-04,5.97345361e-03,1.08332111e-02,2.18622395e-02,6.04296631e-02,1.89467259e-02,1.38102003e-02
-5.59272084e-02,1.12710844e-02,1.42527199e-02,5.15294158e-03,-2.73654261e-02,1.18667804e-02,-6.59120745e-03,-1.53657629e-02,-1.32830176e-02,-8.10126910e-04,3.41771424e-02,3.66345115e-02,2.72865883e-02
-6.14039735e-02,1.04900797e-02,9.74580030e-03,-1.64349141e-03,-9.17484679e-03,5.76379435e-03,-1.62530757e-02,6.65180573e-03,-3.61483676e-02,-4.78402978e-02,-3.64483497e-02,-9.07600459e-03,3.99782301e-02
-7.58115089e-02,6.89876381e-03,2.53886454e-02,-1.65514232e-02,7.29449906e-03,5.41432396e-03,4.03335755e-03,-1.39331480e-03,-7.18931363e-02,-6.49782134e-02,-6.22799796e-02,-3.33428528e-02,4.68005577e-02
-9.24202501e-02,-6.24586162e-03,-5.73033073e-04,-1.50444056e-02,3.06798510e-02,3.17494767e-02,-2.10260081e-02,1.78213488e-02,-5.15895093e-02,-8.12036647e-02,-5.39183873e-02,-4.95350060e-02,-2.47198399e-03
-5.12543906e-02,-1.66500384e-02,-5.97227143e-02,-2.05706304e-02,2.70757278e-02,2.42302977e-02,-8.96371351e-03,-4.34270906e-03,-4.67494037e-02,-4.31038690e-02,-3.25988017e-02,-4.56405823e-02,-1.79289211e-02
4.01070833e-03,-4.64712947e-02,-8.46124822e-02,-4.67582458e-02,-5.82345183e-03,1.47301649e-02,2.32308333e-03,-1.81296330e-02,-2.13189470e-02,-1.94467664e-02,-2.51299247e-02,-1.28396571e-02,-2.85031954e-02
-4.40198549e-03,-4.48165474e-02,-1.27813163e-02,-8.15802755e-03,5.47068438e-02,1.43091258e-02,-2.87330938e-03,-1.25058354e-02,2.61334488e-02,3.73759161e-02,-2.53743837e-02,-1.47920905e-02,-1.84175410e-02
1.80967937e-02,-5.54032880e-02,-8.21027672e-03,2.48615650e-02,7.64442070e-02,2.10321089e-02,1.21088075e-02,-8.00373993e-03,1.34497184e-02,1.85946446e-02,9.12186725e-04,-3.15506791e-03,-2.08612716e-03
-8.64386021e-03,-8.90649819e-02,9.14511953e-03,3.58971244e-02,5.18910859e-02,-5.67239944e-03,3.03647017e-02,4.35208364e-02,8.63696431e-02,4.84747687e-02,3.74082228e-02,1.78791009e-02,4.70077469e-03
-7.52304518e-03,-6.17477474e-02,-2.20274428e-02,8.79783015e-03,-1.26862578e-02,-1.76439229e-02,-5.73453880e-03,-1.68993862e-02,8.79769017e-02,3.35680258e-02,6.94884997e-02,6.91636205e-02,1.62944725e-02
4.15710438e-04,-5.93764345e-02,-1.16608469e-02,3.30008844e-02,-8.42823115e-03,-7.46234147e-03,-1.86575960e-02,-4.26087408e-02,8.16462003e-02,9.27709641e-03,5.39610591e-02,4.97360837e-02,1.40221197e-02
2.45315126e-02,-1.03268316e-02,5.71659872e-03,2.74965002e-02,-5.25849588e-03,-2.31363731e-02,1.33406427e-02,-1.37537772e-02,2.65321950e-02,-1.27386900e-02,5.34107820e-02,2.03273752e-02,1.47594104e-02
2.07401848e-02,3.48039999e-03,2.39211755e-02,1.24169611e-03,-2.35335323e-02,-1.72206680e-02,-2.70195135e-02,-1.73791263e-03,-9.95500944e-03,-2.41940498e-02,2.99520737e-02,-4.58034052e-03,2.58102250e-03
3.56300722e-02,4.03539307e-02,-4.35753931e-03,-6.48998842e-02,-4.27285596e-02,8.92981787e-03,-7.97925743e-03,7.25823412e-03,-3.54023402e-02,3.30274895e-02,3.73643220e-02,-2.39529761e-03,-3.25770508e-03
1.64318592e-02,-4.39901292e-04,-4.27038081e-02,-8.18567601e-02,-4.81045685e-02,1.31620993e-03,-1.28314429e-03,-1.07535683e-02,-3.44487748e-02,3.18307217e-02,2.91010499e-02,2.93790384e-02,8.49492212e-04
3.72644469e-03,2.71657394e-02,-1.12798977e-02,-6.21735668e-02,-1.81625410e-02,1.24898591e-02,4.55225030e-02,3.31859364e-02,2.32161512e-02,6.35552110e-02,-4.27612626e-04,-5.92303913e-03,-4.24328469e-03
-1.16203825e-02,1.48520815e-02,-3.92830875e-02,-2.36093034e-02,1.58880082e-02,7.42435633e-03,3.51611479e-02,4.43647367e-02,-1.53327674e-02,4.24522982e-02,-4.47563019e-02,-2.61601673e-02,2.26827711e-03
-1.62925489e-02,-9.59994327e-03,-3.76433011e-02,1.16149904e-02,5.00246280e-02,-2.92113940e-02,2.61151856e-02,7.72465526e-02,-7.00893490e-03,3.09751197e-02,-4.65631510e-02,-1.82595699e-02,-2.29017046e-03
-2.37048224e-03,-2.58775001e-02,-7.19028791e-02,3.46599107e-02,2.49381951e-02,-5.18972023e-02,-2.68677810e-02,1.34052488e-02,-5.36263433e-03,-2.05105116e-02,-5.30146041e-02,1.95271963e-02,1.47410270e-02
-7.23207739e-03,8.38644071e-03,-2.94003928e-02,6.81936066e-02,4.62374952e-02,-1.26621888e-02,-1.82339744e-02,-1.56309514e-03,1.70011725e-02,-6.06977420e-02,-4.72440681e-02,-1.39307665e-02,4.94966288e-03
-1.33117936e-02,8.78652985e-03,-2.49569542e-02,4.54663501e-02,4.79828891e-02,-1.98164744e-04,3.32894052e-03,1.75149619e-03,1.53410042e-02,-6.15304820e-02,-3.02352525e-02,-2.14673178e-02,-3.48092748e-03
1.21779146e-04,3.27195856e-03,3.17321605e-03,3.69040365e-02,1.71610914e-02,1.35640140e-02,-3.19502577e-02,-2.98897138e-02,-3.62472525e-03,-7.37416749e-02,-4.06468320e-02,-6.13866941e-02,-1.40612729e-02
2.39623446e-05,2.79264841e-02,1.87374576e-03,-2.12434096e-02,-2.84383189e-02,4.88407533e-02,-8.63045480e-03,-2.43587009e-02,-2.34098682e-02,-7.02762135e-02,-3.73787187e-02,-2.55155727e-02,-4.79367774e-03
-2.20291959e-04,8.58080189e-03,2.77661105e-02,7.19143317e-03,-3.55526608e-02,4.88765891e-02,-1.42483658e-02,-5.30849227e-02,-3.10991400e-02,-5.12172387e-02,-3.67545232e-02,-5.88771695e-04,-3.05174409e-03
-6.26454595e-03,3.12442825e-02,6.61623562e-02,2.68716174e-02,-4.94169991e-02,1.90346191e-02,2.87204709e-02,-6.32749299e-03,-1.06768049e-02,-2.72314089e-02,2.83758537e-04,-9.07642033e-03,-2.89338888e-03
-1.36149284e-03,6.96971363e-02,9.60182886e-02,8.76084900e-03,-7.48624547e-02,2.59762873e-02,5.42828466e-02,6.16811888e-03,-4.02268184e-03,-1.81131061e-02,-1.54355939e-02,-5.42293827e-03,-9.37726084e-03
-2.38069199e-03,6.91621049e-02,9.03223095e-02,5.15538960e-02,-4.34002568e-02,5.90491226e-04,2.86404984e-02,1.45112591e-02,-4.12151210e-02,-3.78552532e-03,2.66683441e-03,4.65170709e-03,6.61295003e-03
5.38636351e-02,5.49096010e-02,8.64586499e-02,6.81654286e-02,-5.22333960e-02,-3.45583916e-02,3.25085456e-03,-1.50652118e-02,-4.87633749e-02,-1.49049223e-02,1.43852113e-02,-8.72937030e-03,8.76118604e-04
3.93182323e-02,7.97743146e-02,7.06409000e-02,6.07787418e-02,-2.39826105e-02,-1.27770576e-02,7.08315547e-03,4.41362061e-03,-7.86396917e-03,-3.35688011e-02,2.59989980e-02,-3.01627495e-02,-3.71598651e-03
-7.14268047e-03,4.74709090e-02,3.95121878e-02,6.43149135e-03,-2.19827792e-02,-4.27441567e-02,-1.43983193e-02,4.16870965e-02,3.17955692e-02,3.07197068e-02,7.00622272e-02,-1.81122519e-02,4.58238778e-03
-2.09078681e-02,-8.01365483e-03,6.85121354e-03,-2.67822206e-02,2.43459837e-02,-1.69630115e-02,-2.75945793e-02,3.53987403e-02,2.60493766e-02,3.69904677e-02,5.73656739e-02,-3.13120219e-02,-1.40644190e-02
-4.09962498e-02,-3.98386966e-02,-2.38376596e-02,-5.96451247e-02,3.48040961e-02,6.83916497e-03,-1.96608938e-02,2.18223585e-02,1.92782768e-02,1.17882802e-02,3.40306959e-02,7.73885063e-03,-1.74623814e-02
-1.68225649e-02,-5.57019675e-02,-3.34581953e-02,-3.85525251e-02,7.54193555e-02,5.32184410e-02,8.67535718e-03,4.39137565e-03,1.83668397e-02,-4.30213109e-03,-2.62555140e-02,-3.34219586e-02,-1.91694573e-02
-3.74057623e-02,-2.37349161e-02,1.62821640e-02,-1.28106129e-02,7.15074195e-02,3.75945767e-02,-3.02712796e-02,-1.84642600e-02,-2.83758905e-02,-1.17734014e-02,-1.69336480e-02,3.07400453e-03,1.11600334e-02
1.20009258e-02,2.92366273e-02,5.35501624e-02,4.83450041e-03,4.10523571e-02,3.49766222e-02,1.38610797e-03,-1.18435769e-02,-3.61979666e-02,-2.43594989e-02,-2.93614548e-02,3.45113127e-02,4.82322021e-03
2.42040509e-02,6.04846028e-02,5.78960741e-02,3.57358820e-02,6.28700733e-02,3.57601223e-02,2.06261664e-04,-2.52130337e-02,-4.26993293e-02,-3.92312444e-03,-2.58836523e-02,6.33120554e-02,3.82985029e-02
6.55495605e-02,7.60126340e-02,4.93081281e-02,8.93673386e-03,2.37651866e-02,3.65862835e-02,-9.93755654e-03,-5.05537595e-02,-5.90573465e-02,-1.65960497e-02,-5.82663743e-02,1.50215635e-02,5.27160596e-02
2.65972349e-02,4.74528452e-02,-2.90349581e-02,-1.89585860e-02,4.19227360e-02,4.28475458e-02,4.83842758e-03,-6.06991155e-02,-3.41153992e-02,-3.86558761e-02,-2.23335844e-02,-4.04468899e-03,3.43766833e-02
-7.20408830e-03,3.67811212e-02,-4.46723511e-02,3.97007549e-03,2.27001365e-02,-7.25325475e-03,-1.24666535e-02,-1.89398733e-02,-8.17050004e-03,-1.56442621e-02,4.42228561e-02,4.52693758e-03,3.00616780e-02
-6.31175736e-02,-3.72221006e-02,-5.09996703e-02,-1.37078813e-02,-1.43746597e-02,-2.87087217e-02,-4.11343610e-03,1.97003977e-02,-1.95979903e-03,1.67366977e-02,6.34623809e-02,3.71622670e-02,6.14533684e-03
-1.08652877e-01,-7.71156158e-02,-5.05128594e-02,-5.10224440e-03,-2.63457309e-02,-5.74799338e-02,1.96025313e-02,2.11294265e-02,1.53687261e-02,4.19175764e-02,5.25047864e-02,2.52783487e-02,-8.58249523e-03
-5.58628852e-02,-5.78981712e-02,-5.70699217e-02,-3.31012736e-02,-3.10295389e-03,-1.09615852e-02,3.45090824e-02,1.91101081e-02,3.65029761e-02,4.89580147e-02,4.15593041e-02,-4.39524130e-02,-3.09865527e-02
-4.33047394e-02,-2.20511434e-02,-4.27085636e-03,-1.85601996e-02,-2.70640246e-02,-5.11309590e-03,-1.85020996e-04,8.51923528e-03,8.83116290e-03,4.50067798e-02,4.04950434e-02,-1.71011627e-02,-1.56080108e-02
-1.09981099e-02,-6.30431177e-03,2.36562922e-02,2.60932957e-02,-1.78193528e-02,-2.42294800e-02,1.38985408e-02,-1.34056863e-03,-4.25675979e-02,2.47484077e-02,4.90698450e-02,3.56541389e-03,-4.40408219e-02
3.96748807e-02,2.52684732e-02,5.52395100e-03,2.61274976e-02,-3.44175467e-02,-3.78342498e-02,-3.87286476e-03,-6.66672492e-03,-1.57624828e-02,2.83255422e-02,1.49198336e-02,2.65807549e-02,-3.62753868e-02
6.40012786e-02,4.99698243e-02,-1.23239482e-02,-2.32228688e-03,-7.11361058e-02,-1.93252026e-02,-4.39143449e-02,-1.08427051e-02,-8.03250544e-03,1.70764333e-02,-2.82969396e-02,2.01854930e-02,-2.18905249e-02
4.99004151e-02,4.37673483e-02,-5.77767134e-02,-3.66419459e-02,-2.30333807e-02,2.31460319e-02,-2.94134091e-02,-4.48177232e-03,3.25938746e-03,-2.51645700e-02,-3.87984684e-02,-3.47348658e-02,-1.15193443e-02
5.69742666e-02,5.55356271e-02,-2.32817713e-02,9.64077838e-03,7.42494615e-03,1.99963490e-02,-3.77975532e-02,1.32674561e-02,-2.64907358e-02,-6.91339174e-02,-6.82195940e-03,-7.38955848e-03,1.13208912e-02
2.54060912e-02,3.37866133e-02,-1.29743486e-02,1.60112125e-02,1.61487628e-02,2.02726850e-02,-4.32071181e-02,2.13610537e-02,-2.41982198e-02,-6.54548765e-02,1.45953113e-02,2.44519091e-02,1.23255320e-02
-3.26255665e-02,-2.08931511e-02,5.96353885e-03,4.04958150e-02,2.08361683e-02,3.59181255e-03,-3.45195922e-02,-3.08583945e-02,-6.08135322e-03,-4.36708028e-02,4.81113783e-03,9.83955961e-03,6.83235003e-03
-3.76026421e-02,-3.44652845e-03,4.19381255e-02,2.52247981e-02,3.79736159e-02,1.78871341e-02,-3.82072461e-02,-5.65083650e-02,3.08619687e-03,-1.25925912e-02,2.38511581e-03,1.53996976e-02,8.82710081e-03
-4.57469869e-02,-3.67120673e-02,3.43879454e-02,1.98469894e-02,-7.39428411e-03,1.24551477e-02,-4.53094852e-02,-5.33335032e-02,1.93971273e-02,3.04677539e-02,4.74088158e-03,1.69866336e-02,4.58657565e-03
-6.43356707e-02,-4.73914222e-02,4.35945296e-02,4.35907364e-02,-1.48277741e-02,8.35178565e-03,-1.89424290e-02,-5.88452464e-02,-3.26997793e-03,3.44704759e-02,3.33170285e-02,5.46640180e-03,8.12025357e-03
-6.12217174e-02,-1.02290701e-01,2.45747194e-03,1.81291835e-02,-8.19632498e-03,-1.64384182e-02,1.24957464e-02,-1.08497794e-02,2.45448513e-02,6.51047397e-02,7.91545709e-03,-6.92181607e-03,1.40965690e-02
-7.35826382e-02,-1.20549520e-01,-3.81418147e-02,-2.36945840e-02,-6.69403942e-02,-6.25859584e-02,1.37234481e-02,1.79729120e-02,1.58336651e-02,5.04049234e-02,-2.20145395e-02,-1.41538977e-02,-5.97622004e-03
-6.01451043e-02,-1.35931630e-01,-5.57406075e-02,-3.72899504e-02,-4.05462007e-02,-1.74844332e-02,6.01250125e-02,7.01739536e-02,4.44410788e-02,5.49574869e-02,-4.21464112e-02,-4.44039929e-02,1.02510035e-02
-2.60757033e-02,-8.45206980e-02,-3.45137345e-02,-3.42375651e-02,-3.38024610e-02,1.21668133e-02,6.83066955e-02,9.57930359e-02,1.97901688e-02,-5.21847771e-03,-3.63345749e-02,-5.56786010e-02,1.78745567e-02
1.12283165e-03,-4.24665190e-02,-2.93156076e-02,-5.54658890e-02,2.42210714e-02,-6.89020863e-03,2.92551389e-02,8.35396432e-02,7.33147763e-03,3.04862708e-03,-1.17537548e-02,-5.91920687e-02,1.66237677e-02
7.33571155e-02,-8.87141540e-03,2.06030080e-02,-2.63278255e-02,2.86613688e-02,-1.22404216e-02,1.34165874e-02,3.46669362e-02,2.52233637e-02,8.75747423e-03,-1.10354655e-02,-7.01457317e-02,-7.73888734e-03
1.03156414e-01,5.36231331e-02,5.46270346e-02,7.51885760e-03,3.00194051e-02,-5.09850447e-02,-1.79371956e-03,-1.75180380e-02,-1.10384580e-02,-2.32982695e-02,-1.77444697e-02,-3.49118539e-03,7.55106037e-03
1.14363884e-01,7.98227859e-02,4.82534609e-02,2.64797874e-04,2.30407211e-02,-1.21309711e-02,-2.40456004e-02,-5.67285664e-02,-1.28852056e-02,-2.71977647e-03,-2.23465012e-02,1.51502877e-02,-1.72048912e-02
1.26670866e-01,9.96906667e-02,4.43053691e-02,3.89732445e-02,2.02936745e-02,-6.08620536e-04,-6.54514344e-02,-1.00331717e-01,-2.59152023e-02,9.84839922e-03,-1.15562060e-02,3.64864754e-02,-1.75115798e-02
1.20742382e-01,1.04572848e-01,3.55016284e-02,3.53871279e-02,3.97432172e-02,-6.72400790e-03,-6.43946383e-02,-6.71659186e-02,-1.27172935e-03,4.25383530e-02,2.69740179e-03,3.63500835e-02,-3.51416749e-02
9.04089308e-02,1.00601479e-01,1.65446508e-02,1.57464643e-02,3.82945086e-02,-4.09433360e-02,-5.62534181e-02,-4.54344323e-02,-6.75556791e-03,7.13295268e-04,-9.64492265e-03,4.33693984e-02,-4.64198719e-02
6.57077255e-02,8.11346975e-02,2.09628511e-02,-8.56722415e-05,3.82930040e-02,-1.77923017e-02,-1.73831937e-02,-5.19222630e-02,6.58234159e-03,2.64246161e-02,-3.38598404e-03,5.95070929e-02,-1.09090216e-02
2.49474401e-02,9.73792628e-02,-1.15706922e-02,-2.38790577e-02,3.26373207e-02,7.01578475e-02,2.66984287e-02,-4.61180376e-02,-2.02359620e-02,-1.99815574e-02,-3.51077601e-03,3.46670553e-02,5.30615715e-03
-2.72799810e-02,4.12638309e-02,-4.21713679e-02,-2.14886259e-02,4.21105700e-02,5.41745447e-02,4.24194452e-03,-2.21472916e-02,-2.06135498e-02,-3.87522902e-02,1.78711605e-02,2.88537073e-02,2.82415259e-03
-2.35232432e-02,2.76861890e-02,1.72080970e-04,2.53761089e-03,3.69444661e-02,5.95545446e-02,4.72631548e-03,2.83033158e-02,5.03724604e-03,-2.72258144e-02,3.23124354e-02,2.57866361e-02,-3.68282924e-02
-2.11467027e-02,4.48066456e-03,1.72741175e-03,1.86531747e-02,-7.08166918e-03,1.36790731e-02,2.03877835e-02,6.82317875e-02,-6.50539841e-05,-4.80526416e-02,5.23590750e-02,3.17320497e-02,-2.46173248e-02
-2.88141701e-02,-5.07532527e-03,1.59061847e-02,-3.70766731e-03,-2.45966104e-02,3.55425714e-02,7.02461588e-02,8.36675712e-02,1.93006595e-02,-4.63047035e-02,1.34799326e-02,-1.39238959e-02,-2.52449876e-02
-4.70548301e-02,-6.24248067e-02,1.86938681e-02,-8.70715133e-03,-5.21643778e-02,-3.26064038e-03,5.09870327e-02,7.07539026e-02,1.61358134e-02,-3.22485624e-02,-4.55329289e-03,-2.26291169e-02,-2.41756713e-02
-2.86561461e-02,-5.74053062e-02,4.43100200e-02,7.08818285e-03,-7.08504513e-02,-1.64013449e-02,2.16517101e-02,6.05300465e-02,3.51232472e-02,-1.13212008e-03,-2.82618388e-02,-5.25263638e-02,-3.08221980e-02
6.32194070e-03,-6.80960827e-02,3.72908834e-02,3.15312579e-02,-6.26805832e-02,-1.60711653e-02,1.36537625e-02,6.16922854e-02,3.93713864e-02,-1.21936940e-02,-1.75704620e-02,-4.90527376e-02,-1.13348184e-02
2.11476825e-02,-2.51371266e-02,5.20084525e-02,1.27243063e-02,-5.69894519e-02,-3.18266692e-02,1.45638997e-02,6.81270332e-03,3.42333576e-02,1.28191292e-02,1.53333432e-03,-6.95282144e-02,-3.23095679e-03
-1.34807466e-02,6.64895550e-04,5.30151347e-02,-5.95267490e-04,-4.09254216e-02,7.71320845e-03,3.02955595e-03,-6.80797328e-02,5.53825093e-03,4.43761347e-02,8.65677878e-03,-6.67277563e-02,3.20127061e-02
-1.14153086e-02,-1.29897732e-02,-1.36435813e-02,1.44485529e-02,-2.47654127e-02,1.31721058e-02,2.91667435e-03,-8.93922333e-02,-1.48322782e-02,4.49809097e-02,-4.08501992e-03,-4.09095257e-02,7.37706793e-02
-4.13805856e-02,-3.41002902e-02,-5.02051479e-02,1.73788653e-02,-5.56807203e-03,-2.55961200e-03,-2.50168570e-02,-9.61665776e-02,-2.40583217e-02,5.67494533e-02,1.38860750e-02,-1.14785808e-03,5.99530703e-02
-5.50018333e-02,-3.08531383e-02,-8.09621811e-02,-8.49792389e-03,4.76392170e-03,-1.58966140e-02,-3.92250449e-02,-5.10682006e-02,2.35657788e-03,3.55575295e-02,4.99067327e-02,4.32103718e-02,3.36067055e-02
-1.05160344e-01,-4.32442038e-02,-6.63266332e-02,-3.43558361e-02,-1.97815997e-03,-1.73895311e-02,-1.37312942e-02,-2.96011339e-02,-1.42907372e-02,4.68553201e-02,2.72973129e-02,4.31724189e-02,5.19715798e-02
-1.26990633e-01,-8.66246606e-02,-7.95211060e-02,-5.55428481e-02,1.60162055e-02,-2.60497297e-05,4.85792968e-03,4.77937013e-02,1.59804952e-02,6.07819163e-02,5.18415797e-02,5.61928937e-02,3.39535473e-02
-1.04152922e-01,-6.60421383e-02,-4.95064339e-02,-5.45797262e-02,5.26504991e-02,-1.12895617e-02,1.71632798e-02,7.50712002e-02,1.23215231e-02,5.28203717e-02,3.03559968e-02,4.98783238e-02,1.85382009e-02
-7.43359930e-02,-7.20258646e-02,-3.92463848e-02,-1.22030967e-03,7.27067088e-02,1.57750517e-03,3.70440274e-02,8.49944392e-02,9.69535225e-04,1.66695204e-02,1.60393784e-02,5.45108724e-02,4.06143214e-02
-3.57683864e-02,-5.21142832e-03,2.14012357e-05,1.19089199e-02,5.71924619e-02,3.29920585e-03,2.95563047e-02,1.00152867e-01,2.06393472e-02,-3.22147268e-02,-1.27490373e-02,4.18190182e-02,7.46992878e-03
-4.63736371e-02,5.39136916e-03,5.02641599e-02,3.98379401e-02,7.50130439e-02,1.96047261e-02,1.43298431e-02,5.70919044e-02,1.25899792e-02,-5.54781548e-02,-3.74448502e-02,3.12290441e-02,4.16327476e-03
-1.31124088e-02,-2.45843568e-03,4.32261320e-02,4.86981947e-02,4.32701380e-02,2.63676517e-02,3.02989055e-03,9.50457538e-03,1.84982695e-02,-1.61103102e-02,-3.37452478e-02,2.38414415e-02,1.13543067e-02
1.75487508e-02,-2.78885236e-02,1.57154798e-03,3.74000542e-02,2.11717836e-02,1.03035170e-03,-2.79645960e-02,-3.47194979e-02,2.82785951e-02,-1.02871690e-02,-3.51784402e-02,-1.30482092e-02,-6.58926137e-03
1.20988708e-02,-2.54613124e-02,-5.21523384e-02,-8.36646486e-03,7.96091485e-03,-1.38455568e-03,-3.58033919e-02,-2.52229009e-02,3.68067245e-02,-2.81638628e-02,-4.70123195e-03,-2.01868410e-02,-2.34600127e-02
2.73437040e-03,-2.75159210e-02,-5.00680589e-02,-8.67533118e-03,-6.62369083e-02,-5.23681932e-02,-4.21839033e-02,-6.22629634e-02,-8.39408192e-03,-3.18347319e-02,-3.81142954e-03,-2.37979371e-02,-1.22967882e-02
2.35508741e-02,-1.69832985e-02,-5.17877358e-02,-6.13754493e-03,-7.20811281e-02,-4.55192482e-02,-3.05702014e-02,-2.60371992e-02,3.72842249e-03,-8.30388362e-03,2.39450961e-02,-3.06960580e-02,-1.07196140e-02
3.87057736e-02,2.93997171e-02,-2.07542048e-02,-4.04395339e-02,-6.78895224e-02,-1.95142687e-02,-2.53750454e-03,-1.50291120e-02,-2.06501498e-02,3.74915873e-02,3.56463435e-02,-3.85689649e-02,-1.84706458e-02
1.65315155e-02,6.29476788e-02,7.04922782e-03,2.19074482e-03,-1.45730946e-02,-2.72103702e-02,2.48219357e-02,-4.75096944e-02,-6.04220827e-02,4.37240453e-02,2.22012193e-02,-5.47843027e-03,3.50950421e-03
2.74129745e-04,7.39205649e-02,1.95736660e-02,9.03114655e-04,-8.98004223e-03,7.90952779e-03,1.15574627e-02,-1.09596176e-02,-6.86728456e-02,-3.07642645e-02,2.03871067e-03,1.14753380e-02,-4.37159403e-03
-2.50121058e-02,1.03491132e-01,8.89777268e-02,3.22957941e-02,6.68665907e-03,1.11416848e-02,4.42458087e-02,6.89883018e-04,-8.35102132e-02,-4.69569838e-02,-3.14454451e-02,3.09711928e-02,2.16331926e-02
-3.76797715e-02,4.16285003e-02,8.63432198e-02,6.24769144e-03,-3.02452798e-02,6.87610450e-03,1.61911327e-02,-3.16785832e-02,-5.66818495e-02,-5.69635269e-02,-4.17432449e-02,5.70415548e-02,-9.16249241e-03
6.29818969e-03,5.56149519e-03,6.62744009e-02,3.85777546e-03,-3.64030862e-02,1.44919600e-02,4.49222665e-02,-2.68374467e-02,-3.08534048e-02,-4.73357685e-02,-2.80576266e-02,4.25109508e-02,-2.25639776e-02
-1.58648352e-03,-1.68982901e-02,1.88854671e-02,-3.55708531e-02,-2.10679176e-02,5.42243881e-02,4.46264615e-02,3.83490654e-02,-8.58178090e-03,-1.93633474e-02,-1.38844117e-02,4.71191827e-03,-4.36789199e-02
2.90830246e-02,-2.95411233e-02,-3.71957574e-02,-6.66559512e-03,-6.42837436e-03,4.08254490e-02,3.72503317e-02,4.43315733e-02,5.82155411e-03,-2.21651419e-02,-1.16276697e-02,-3.25449294e-02,-6.71192354e-02
5.19856172e-02,3.46244084e-03,-4.69153907e-02,-1.78152316e-03,1.23643427e-02,1.04100004e-02,6.38104535e-03,4.46829245e-02,1.56318155e-02,-2.06057937e-02,-1.79664917e-02,-3.48873241e-02,-5.29754566e-02
2.96681294e-02,-1.41811770e-03,-5.81178712e-02,-8.87731876e-03,3.25300094e-03,2.03620184e-02,1.67265155e-02,4.35355346e-02,3.71711409e-02,5.04789210e-03,-3.17723540e-02,-4.73548040e-02,-2.80072797e-02
2.09581665e-02,3.13426725e-02,-1.02685562e-02,3.36670333e-02,3.18754270e-02,-1.80041404e-02,-1.48364531e-03,3.68369449e-02,3.63232105e-02,2.94263622e-02,-4.26025872e-02,-2.15965891e-02,1.78656448e-02
-4.55272271e-02,-5.07822546e-02,-1.62110098e-02,3.66882555e-02,8.56382781e-02,3.00686016e-02,-3.11871720e-02,3.32525107e-02,1.51377166e-02,-1.39930032e-02,-4.79996064e-02,-5.60232322e-03,4.79224538e-02
-6.97789057e-02,-9.90101572e-05,2.79754743e-02,3.30221875e-02,6.98316930e-02,1.77721931e-02,-1.62655336e-02,2.17266170e-02,5.62174315e-03,1.80295830e-02,-2.54722739e-03,1.08804269e-03,7.61839109e-02
-6.83991624e-02,-4.94473851e-02,-2.97691449e-03,-1.16075014e-02,1.99205402e-02,-7.27329156e-03,-4.86690521e-02,-1.37945198e-02,7.54500949e-03,-2.20526319e-02,-1.40020022e-02,2.23606832e-02,3.83970189e-02
-3.85150491e-02,-6.61310701e-02,-6.60815704e-03,-8.33180629e-03,-1.46860310e-02,-5.63905369e-03,-7.35631917e-04,-9.97352730e-03,1.12655257e-02,1.69073364e-02,7.98634566e-03,1.86970682e-02,3.02253821e-02
3.80363306e-04,-3.53730112e-02,3.67556366e-02,-4.32960237e-02,-4.99225942e-02,-2.94204133e-02,2.33390171e-02,1.95596378e-02,1.42100294e-02,2.28414787e-02,-6.99068847e-03,8.71055194e-03,4.51767441e-03
4.32209413e-04,-4.22889918e-02,3.33523417e-02,4.77948201e-03,-5.85818182e-03,-1.41214167e-03,1.39253628e-02,2.15553325e-02,2.86828298e-02,3.72466565e-02,2.48910394e-02,-2.77403688e-02,-1.50906936e-02
4.37597768e-02,-1.91630978e-03,8.01486400e-03,9.51212634e-03,1.24419666e-02,2.35096698e-03,-2.57154421e-02,-1.46851678e-02,2.76776028e-02,4.37042782e-02,3.95311331e-02,-4.23187517e-02,-4.41549399e-02
7.03081166e-04,-1.06960682e-02,-2.53139329e-02,3.80453490e-02,1.57024264e-02,1.85175483e-02,-5.61264604e-03,-3.82215939e-02,1.80433880e-02,7.60313848e-03,1.77205292e-02,-4.49927646e-02,-4.50384186e-02
7.96487408e-03,1.83485324e-02,-1.25025788e-02,4.75745694e-02,-2.06047118e-02,-3.95950396e-02,-7.25158254e-02,-2.15583270e-02,4.34704167e-02,3.07857206e-02,1.75000699e-02,-3.63575677e-02,-2.93589509e-02
-2.74150623e-03,1.32950900e-03,1.47798217e-02,8.39453478e-02,4.14113912e-02,-5.56886372e-03,-6.12812773e-02,-3.18630641e-02,2.71640082e-02,2.25276030e-03,-1.73713244e-02,-2.49971907e-02,-5.58364736e-03
2.11397857e-02,6.69499603e-02,-7.64783000e-04,2.24581133e-02,3.78178498e-02,1.43348891e-02,-4.62156473e-02,-3.41098282e-02,5.58431373e-03,5.39287539e-04,-4.54015668e-03,-3.77415731e-02,-2.55894306e-03
3.51976967e-02,4.82327725e-02,-2.57517650e-02,-1.49118321e-02,-6.81231473e-03,-1.37536364e-02,-4.40420077e-02,-2.82513379e-02,1.09496265e-02,-4.16349238e-02,-1.15247712e-02,-2.10693551e-02,-2.60848037e-02
3.01187428e-02,2.81932339e-02,-2.58056328e-02,-2.27106281e-02,-9.14752768e-03,5.09385884e-03,-2.77532843e-02,-1.74120883e-02,-4.44246636e-03,-2.84008541e-02,-9.84794685e-03,-2.64524129e-02,-3.35798529e-02
5.32684345e-02,5.04789831e-02,-9.09769745e-03,-6.74381133e-02,-5.38913403e-02,-5.74097409e-02,9.33029913e-03,1.31666924e-02,-3.98098439e-02,-4.47162081e-02,-4.32300638e-02,1.43113946e-02,-2.79543113e-03
3.76595341e-02,5.48507703e-02,2.45063106e-02,-3.62984817e-02,-2.23373658e-02,-2.77705556e-02,5.27288002e-03,1.58928987e-02,-2.83380170e-02,-6.28667852e-03,-1.22463778e-02,1.36442157e-02,2.55158373e-02
6.39650208e-03,3.13270729e-02,3.13957123e-02,-3.67173185e-03,2.16512952e-02,-2.74272051e-02,2.55589188e-02,1.24691599e-02,-2.20228357e-02,-6.58315947e-04,2.61961699e-02,2.63822425e-02,2.77254335e-02
-3.93600947e-02,-6.74201030e-02,3.42956969e-02,4.73183856e-03,4.77686090e-02,3.09332853e-02,7.22639381e-02,2.61496390e-03,-4.05320511e-02,-1.21474616e-02,2.58162090e-02,2.25501633e-02,4.00379439e-02
-7.17218654e-02,-7.02600916e-02,1.56120403e-03,1.44382058e-02,7.72384510e-03,1.83425616e-02,3.98721560e-02,2.79232310e-02,1.51152072e-02,5.68310778e-03,2.28001997e-02,7.22258534e-02,7.29018576e-02
-9.31783902e-02,-8.69054101e-02,1.22189380e-02,6.64271709e-02,2.72497336e-02,1.75659997e-02,7.78810364e-02,1.48038324e-02,2.98540403e-02,2.99834294e-02,5.61360000e-02,8.13453844e-02,5.66107956e-02
-4.36599408e-02,-3.71220711e-02,-5.12219839e-02,-6.28400961e-03,-1.02100556e-02,4.99600686e-02,9.54434521e-02,1.29635579e-02,4.65738737e-02,6.00809420e-02,1.63279467e-02,4.33361838e-02,3.28343049e-02
-2.73149531e-02,-1.66151041e-02,-4.98202759e-02,-1.33195548e-02,-4.46119367e-02,2.51568623e-02,8.85640839e-02,2.28084573e-02,7.80954388e-02,4.34541084e-02,3.21523846e-02,5.64165692e-02,1.64107392e-02
-4.60224902e-02,-3.50943732e-02,-9.17405616e-03,2.11314192e-02,-3.01612833e-02,3.39135250e-02,6.84845108e-02,-1.67582805e-02,4.11894556e-02,6.78705815e-04,2.26329183e-02,2.14902484e-02,2.60925443e-03
-1.95768499e-03,-2.65356471e-02,-4.39813560e-02,1.66681370e-02,-5.60900497e-02,-2.50816446e-02,2.42021642e-02,1.13879169e-02,-2.01567601e-02,-4.10008308e-02,9.92778280e-03,1.79041789e-02,1.46672057e-02
1.98184245e-02,1.44591647e-02,-4.90006544e-02,-1.30708203e-02,-5.14612607e-02,-4.50875156e-02,-3.58920020e-02,-3.91474559e-02,-6.01750072e-02,-4.75524637e-02,4.78256657e-03,-2.46294202e-02,-1.28333553e-02
1.72376954e-02,6.69239661e-02,-6.33027985e-03,8.73287932e-03,-1.59230370e-02,-8.61272461e-02,-7.05884744e-02,-3.53902369e-02,-4.16274552e-02,-5.02172052e-02,-3.81669832e-04,-5.78189668e-02,-2.82147698e-02
4.60304502e-02,4.47496822e-02,5.58710111e-02,-1.27148493e-02,1.95385692e-02,-5.45578019e-02,-1.05583620e-01,-3.84969630e-02,-4.14151573e-02,-5.52889428e-02,-1.97840330e-02,-8.16442613e-02,-1.96238863e-02
6.50945295e-02,4.61990594e-02,1.05038805e-01,1.98802718e-02,3.67719530e-02,-2.56224440e-02,-1.01765535e-01,-1.54294627e-02,-4.10246093e-02,-6.57375146e-02,-3.30886948e-02,-4.25607383e-02,2.73591598e-03
5.08491352e-02,2.60276293e-02,8.95680829e-02,1.23270552e-02,6.35971661e-02,-1.48394394e-02,-9.41982175e-02,-1.88752622e-03,1.04559506e-02,-4.34516637e-02,1.88304125e-03,-2.85963448e-02,-1.85613083e-02
9.34121900e-02,4.89767156e-02,3.54531546e-02,-4.37244775e-02,1.34720389e-02,2.98666647e-02,-4.26472877e-02,5.53646540e-03,2.83471382e-02,5.38372618e-03,-3.47511263e-02,-3.76569130e-02,-2.61600112e-02
4.41833080e-02,1.27106055e-02,3.11845450e-03,-4.47092706e-02,8.80335838e-03,3.80026807e-02,-3.43608796e-02,2.84570745e-02,6.16190765e-02,4.98810085e-02,1.49329019e-02,1.62859232e-03,-2.92160728e-02
-2.57363588e-02,-3.86410323e-02,-5.46250129e-02,-3.77759357e-02,-1.47870696e-02,2.65885014e-02,1.62933443e-02,-7.51678993e-03,4.83859472e-02,6.05030847e-02,8.65504115e-03,1.77836678e-02,-1.35217476e-02
-6.22011320e-02,-5.48707016e-02,-7.41507365e-02,2.58348204e-02,-2.16321616e-02,3.85593646e-02,4.67070052e-02,7.52900679e-03,5.56375828e-02,9.41089600e-02,2.80221437e-02,4.51587601e-02,-2.09125400e-03
-1.10237803e-01,-7.99574813e-02,-1.13720126e-01,-1.45330112e-02,-2.66940151e-02,3.81539750e-02,8.24581288e-02,1.23864050e-02,3.60110872e-02,8.03974361e-02,3.73512769e-02,6.14110525e-02,8.90869006e-03
-1.16765995e-01,-8.09496558e-02,-1.50302816e-01,-3.77528018e-02,-3.01273642e-02,7.06967996e-03,8.90442279e-02,6.62400701e-02,6.14848541e-02,9.62298662e-02,7.25231149e-02,8.94132910e-02,-3.72059450e-03
-9.00366637e-02,-5.30994629e-02,-1.25668901e-01,-4.11703227e-02,-3.31930909e-02,1.61787146e-02,2.04792751e-02,8.05446009e-02,3.62155918e-02,4.81203277e-02,8.43144850e-02,6.40412421e-02,1.45712599e-02
-4.94965892e-02,-7.82825712e-02,-4.56196512e-03,4.24053825e-02,5.33353590e-03,3.90859735e-02,8.28775426e-03,5.07328936e-02,-5.52822148e-02,8.77302622e-03,4.06256505e-02,7.57992535e-02,4.49613736e-02
-1.21311205e-02,-1.85865586e-02,2.21271261e-02,2.85954348e-03,4.11104053e-02,4.76647562e-02,1.48360503e-02,3.75414038e-02,-4.76248658e-02,3.47560125e-03,2.61842748e-02,3.76297818e-02,1.73086663e-02
9.33342255e-02,8.32256093e-02,5.69773301e-02,-6.76459238e-03,8.44928220e-03,2.02372660e-02,2.79216259e-02,2.51733601e-02,-7.80416599e-02,-5.67738069e-03,-8.32930839e-03,8.84907403e-03,1.02879698e-02
7.70577434e-02,6.41638085e-02,7.44850619e-02,-1.05983702e-02,6.49392194e-02,2.15206705e-02,-3.56498728e-02,-1.95572325e-02,-7.89989851e-02,-4.96990888e-02,-3.96355300e-02,-3.69301925e-02,-2.35811473e-02
8.72960932e-02,8.23576574e-02,2.78282814e-02,-5.34625396e-02,-1.70503581e-03,-3.92677785e-02,-4.60735552e-02,-6.26180531e-02,-1.00814683e-01,-9.90750989e-02,-6.93736955e-02,-5.45997556e-02,5.01928500e-03
6.05902808e-02,1.02265764e-01,4.09662716e-02,-4.82740856e-03,1.35014326e-02,-6.38714443e-02,-3.97207029e-02,-8.90889092e-02,-7.34630965e-02,-8.88138752e-02,-7.03440299e-02,-5.43551618e-02,-1.13425409e-02
-6.91178843e-05,1.03107245e-01,4.28610634e-02,-3.36150147e-02,-2.86166893e-02,-8.27983755e-02,-4.34619983e-02,-6.89097007e-02,-4.53215497e-02,-9.25662507e-02,-5.82369378e-02,-2.58349487e-02,9.69960632e-03
-5.10675191e-02,2.34993905e-02,-1.61395065e-02,-4.48939973e-02,-2.69012520e-02,-6.65645011e-02,1.43177024e-03,-4.27649113e-02,8.78813162e-03,-2.90793252e-02,-3.22759037e-02,1.29392063e-02,-4.76619329e-03
-3.38551127e-02,-2.95378446e-02,-4.13680934e-02,-3.52968234e-02,-5.58199555e-02,-4.36160868e-02,-1.29636126e-02,-1.08271408e-02,3.56520347e-02,-1.80143304e-02,-3.86663996e-03,8.79450006e-03,-2.76649175e-02
-4.09718551e-02,-1.05493679e-01,-2.54886685e-02,1.50137419e-02,-5.33576021e-02,-8.47849783e-03,-2.76471273e-02,2.98540779e-03,1.33524679e-02,-1.14094973e-02,-4.05665657e-03,1.89970071e-02,-6.42010081e-03
-2.76416588e-02,-1.04027204e-01,-1.58153042e-02,2.54461457e-02,-1.89469702e-02,2.45556066e-02,1.38545130e-02,3.20777279e-02,2.14424376e-02,2.45105481e-02,1.77723016e-02,-7.47909501e-03,-2.74089284e-02
1.11192056e-02,-8.83512309e-02,-1.07874254e-02,6.37002092e-02,-1.94605486e-02,1.76498903e-02,4.65665298e-02,5.92080009e-02,1.30142974e-02,5.01751833e-02,8.49253479e-03,1.83588696e-02,-4.78934210e-02
2.35273851e-02,-1.62082346e-01,-2.72034364e-03,8.50532671e-02,-7.00726339e-03,-3.45005926e-03,1.42429034e-02,3.16117495e-02,5.10085197e-02,6.71847653e-02,-1.24671679e-02,-1.25195647e-02,-8.24187120e-02
7.98933455e-02,-1.53778606e-01,8.73919366e-03,7.69037831e-02,-4.45440000e-02,-4.19279125e-02,5.97595589e-03,4.87182716e-02,6.86488630e-02,4.46641718e-02,1.28229817e-02,-1.56990421e-02,-3.88257865e-02
5.99590590e-02,-1.69569636e-01,1.11263184e-02,6.20819034e-02,-2.78719357e-02,-2.88904755e-02,3.18920753e-02,5.17159611e-02,6.26908011e-02,1.01124645e-02,3.21434007e-02,-2.31304119e-02,-1.29222984e-02
-2.39270911e-03,-1.32633280e-01,6.78087628e-02,1.09916500e-02,-5.44762800e-02,-4.17284366e-02,1.09826535e-02,4.59965728e-02,4.13125069e-02,-1.91697308e-02,6.58390192e-02,1.25554833e-02,2.80041844e-02
-1.44166027e-02,-1.16163257e-01,6.93273782e-02,-1.87389515e-02,-5.58658573e-02,-4.72816815e-02,1.91329852e-02,2.71361250e-02,5.14046035e-02,5.92036338e-03,5.71189569e-02,8.34116017e-03,4.39062394e-02
4.51345788e-03,-5.61458655e-02,8.07752249e-02,-3.32059980e-02,-3.71731357e-02,1.70742955e-03,3.58944500e-02,-7.76599731e-03,3.86823166e-02,3.08600738e-02,1.95968334e-02,7.46822604e-03,4.73331226e-02
2.59468623e-02,-1.82137737e-02,4.87138015e-02,-4.05935129e-02,-5.27334946e-03,5.03160070e-03,-2.57138449e-03,-2.01554845e-02,4.95413296e-03,1.06309444e-02,7.89960822e-03,-1.64736262e-02,5.84131654e-02
5.24071761e-02,3.77074025e-02,3.96050735e-02,-6.43731881e-02,1.76006491e-02,4.13715040e-02,-1.52571545e-02,-1.91837536e-02,-2.39755271e-02,6.73376378e-03,-2.63561835e-03,-2.39964700e-02,4.10405800e-02
-2.67640009e-02,5.53509019e-02,-2.67732293e-03,-5.94286440e-02,4.69020112e-02,6.64679856e-02,1.50908403e-02,-3.40362254e-02,-4.62801178e-02,1.46999288e-02,-2.44268694e-02,-1.09213569e-02,9.13564176e-04
5.73450576e-03,3.88424253e-02,-3.98248318e-03,6.83008863e-04,5.11290477e-02,4.86654007e-02,-3.22631896e-02,-7.76188406e-02,-4.03011393e-02,2.29854638e-02,-2.65979416e-02,-3.65952074e-03,-1.80908201e-02
4.60540279e-02,2.67893834e-02,-2.59891387e-02,2.56654120e-02,5.70341745e-02,2.61627837e-02,-5.92918088e-02,-5.95524930e-02,-4.42503178e-02,6.29045002e-03,-3.40892107e-02,-3.10999066e-02,-4.59379455e-02
3.38117668e-02,-7.57932822e-03,-6.17422989e-02,2.90588871e-02,4.27879628e-02,3.14230572e-02,-4.21476290e-02,-4.05252245e-02,-2.88956061e-02,-1.67989968e-03,-2.01630962e-02,-1.82050173e-02,-7.67040610e-02
-1.70786757e-02,-2.66039021e-02,-3.71621722e-02,3.99549962e-02,1.19641175e-02,3.08700135e-03,-1.01990419e-02,-3.37590797e-02,-4.21743782e-02,-5.65735022e-02,-4.36184827e-03,1.31014708e-02,-3.37039772e-02
-1.54319680e-02,-3.96253759e-03,-2.02828508e-02,4.31638145e-02,1.48300027e-03,-1.59098473e-02,8.95122015e-03,-6.44218859e-03,-2.32419918e-02,-5.07779975e-02,5.06551867e-02,3.86699008e-02,-3.68623685e-02
-3.94217513e-02,4.16915385e-02,-8.36326539e-03,-1.62716231e-03,-3.09815085e-02,1.76502500e-03,4.61749976e-04,-3.29617386e-02,-2.49816413e-02,-2.96215480e-02,3.53623102e-02,3.26034936e-02,2.40952985e-03
-1.66532863e-02,3.42750453e-02,-4.39256377e-02,2.77153884e-03,1.92286531e-02,1.15548538e-02,-2.14182996e-03,7.37508400e-03,-2.85035411e-02,-1.95911464e-02,-2.69767326e-04,-2.11980094e-03,3.87982892e-02
2.75755588e-02,5.05301279e-02,9.83871411e-03,-2.23042361e-02,-2.17482735e-02,7.72312970e-03,-9.20298937e-03,-1.62627898e-03,-2.88621592e-02,1.23159402e-02,-1.47064854e-02,1.64733614e-02,5.82752539e-02
-6.83220118e-02,2.08375274e-02,1.34084061e-02,-2.89527371e-02,-5.28533290e-02,-3.60906936e-02,2.90483306e-02,3.91768133e-02,1.33670321e-03,3.48683733e-02,-1.82487357e-02,2.49463705e-02,5.47650483e-02
-3.04582746e-02,1.85857107e-02,3.60595490e-02,-2.18791046e-02,-1.74293054e-02,-1.07630826e-02,1.96600555e-02,4.13600143e-02,-7.53173303e-03,5.10237813e-02,-9.56900690e-03,-1.20175877e-02,5.52562765e-02
-1.04275852e-02,2.07900714e-02,4.23566777e-02,-1.48968523e-02,3.07341737e-02,2.81284697e-02,-2.19905349e-03,9.37904120e-03,-3.94410871e-02,3.48151614e-02,-1.79601148e-02,-4.62029301e-02,1.70588034e-02
2.98768055e-02,2.43914163e-03,3.47660673e-02,1.48390000e-02,3.53357774e-02,8.18276685e-03,-2.28289354e-02,-1.03241329e-02,-4.03926872e-03,1.85093888e-02,-5.24170880e-03,-2.46432238e-02,-3.78947283e-02
8.29339874e-02,1.13841660e-03,2.65805551e-02,4.41128275e-02,6.49022474e-03,-1.49699563e-02,5.17692586e-03,-6.04077864e-03,-2.37489159e-02,-3.85384225e-02,-2.25754636e-02,-2.39366525e-02,-1.20083927e-02
9.64621540e-02,7.84640198e-03,9.59487410e-04,5.89663499e-02,2.93210647e-02,-2.88521323e-02,2.07208960e-02,-1.19560089e-02,-2.88355200e-02,-5.22673658e-02,8.48233848e-03,-1.82275152e-02,-3.70765550e-02
6.88478498e-02,4.44195759e-02,1.78503603e-02,6.20595973e-02,-1.05362271e-02,-6.79787330e-02,-4.12760179e-02,-4.83834062e-02,-2.40733424e-02,-5.55592249e-02,2.62076388e-02,-3.27521736e-03,-2.80704869e-02
3.98976032e-02,7.50041854e-02,6.33766503e-03,4.41370879e-02,3.29526985e-03,-5.50839845e-02,-5.82174790e-02,-2.41546518e-02,-1.18626035e-03,-2.53282970e-02,7.19692993e-03,-2.59702634e-02,-3.38685580e-02
7.93907513e-03,7.21312835e-02,2.62966721e-02,2.68895761e-02,-3.50756480e-03,-3.21343581e-03,-7.10885656e-02,-7.29991429e-02,-5.59822214e-03,-1.23108083e-02,7.61703447e-03,-1.75339690e-02,9.60488968e-04
-1.66886025e-02,4.00937256e-02,3.70307496e-02,1.93300836e-02,-5.12983939e-02,-3.49287178e-02,-2.56566014e-02,-1.36858972e-02,2.19007064e-02,-2.78377672e-03,1.67302534e-02,3.00667577e-02,8.13316931e-03
-4.58149106e-02,5.20803605e-03,5.24604409e-02,3.47338767e-03,-2.60471471e-02,-2.96303076e-03,-2.25820227e-02,2.79812343e-02,3.91021003e-02,6.21699142e-02,6.68803640e-04,-2.27838195e-02,-1.15320511e-03
-6.20557251e-02,1.68578324e-02,2.43513138e-02,-4.35305844e-02,8.38796056e-03,1.79613506e-02,2.04537726e-04,2.47081969e-02,7.87076064e-03,4.58904802e-02,2.19893457e-02,-1.41787304e-02,-3.62103363e-03
-5.52987759e-02,-1.74644121e-02,2.77245984e-02,-4.01908413e-02,1.66325271e-04,9.41662300e-03,2.07352241e-03,4.24539123e-02,4.34001510e-02,3.07632015e-02,1.27162412e-02,1.26161121e-02,-8.55319674e-03
1.71477679e-02,-1.27082573e-02,-2.19091956e-02,-3.03313135e-02,-1.12037063e-02,4.06459855e-02,3.34135132e-02,4.58211551e-02,3.20267410e-02,2.65925711e-02,-1.83602127e-02,-1.53293427e-02,3.01195037e-03
3.12395009e-02,-2.64116380e-02,-6.97095258e-02,-5.45887689e-02,-1.79102995e-02,3.31467607e-02,7.08008440e-02,6.16419193e-02,3.06427286e-02,2.35625598e-02,-5.82421593e-02,-3.00756651e-02,7.95870183e-03
3.46427361e-02,-9.54972143e-03,-5.97599712e-02,-1.32360485e-02,-3.25122474e-02,-4.46088906e-03,9.17479899e-02,3.36592921e-02,4.27344692e-03,3.87009532e-02,-3.64802599e-02,-1.62821150e-02,1.38063370e-03
1.67695422e-02,3.31443973e-02,-4.51688319e-02,-2.46512750e-02,-5.65704313e-02,-5.22258262e-02,5.36718942e-02,2.30655755e-02,-2.07092892e-02,1.25251977e-02,-6.11480683e-02,-5.63582386e-02,-1.34953288e-02
-4.51342793e-02,6.49458635e-02,-4.07673026e-02,-3.83708573e-04,1.54049173e-03,4.21623413e-03,3.16068091e-02,-2.44318039e-02,-6.20541515e-02,-3.31938342e-02,-4.47460786e-02,-5.10648256e-02,1.70963211e-02
-2.10120117e-02,6.50586851e-02,-4.33058034e-03,9.36122252e-03,-2.68471707e-02,2.40388460e-02,5.71291049e-02,-3.27817197e-02,-1.01109856e-01,-5.65931944e-02,5.53549984e-03,2.12970027e-02,4.78341712e-02
-3.41184711e-02,3.78033769e-02,-6.78588888e-04,5.42391011e-03,3.24090120e-02,7.71976348e-02,2.31660319e-02,-2.74551401e-02,-5.89172384e-02,-2.54871304e-02,2.57251146e-02,1.29103140e-02,1.81853492e-02
-1.67302142e-02,1.22236402e-02,-9.07870979e-03,-5.48886713e-03,7.33388911e-02,6.19076419e-02,4.18438771e-04,-6.29136577e-02,-4.14132765e-02,-3.69530580e-02,7.65270581e-02,4.37983305e-02,-5.42752331e-03
-2.27023831e-02,-2.43025196e-03,3.56404897e-02,-2.76334514e-02,4.63908811e-02,4.08788625e-02,-1.01736441e-02,-5.04796977e-03,1.34593390e-02,-4.65826059e-02,5.11017492e-02,3.94813401e-02,8.45931768e-03
-1.62648748e-02,-8.37504123e-03,-3.68723372e-03,-8.39326024e-03,6.91450794e-02,4.94385966e-02,-1.86239062e-02,6.98315451e-03,5.24541586e-02,-3.55618472e-02,-8.45939859e-03,1.63022065e-02,-1.11123542e-02
-4.45044047e-03,1.06560226e-02,-1.34223347e-04,-1.49837996e-02,4.95180843e-02,4.00267931e-02,-2.36186600e-02,3.48009630e-02,6.58967997e-02,-1.85538639e-02,-5.03760929e-02,1.51089598e-02,1.33272616e-03
-6.02804663e-03,1.03276018e-02,9.92736921e-03,-2.76228130e-03,-8.68777631e-03,-1.34150019e-02,-1.59698052e-03,4.01986145e-02,6.15323000e-02,2.53331418e-02,-5.51780604e-02,3.79522898e-02,9.23190350e-03
8.85990065e-03,-2.97637835e-02,2.76509639e-03,7.53462221e-03,-4.91547307e-02,-7.48967618e-02,-3.12306216e-02,4.17108430e-02,2.50879438e-02,1.84326477e-02,-6.30052900e-02,-1.66945253e-02,-9.18490307e-03
-3.39985160e-03,1.00371774e-02,-2.63703201e-02,2.24016828e-02,-2.58134487e-02,-7.99994560e-02,-2.01476136e-02,2.59943251e-02,1.18253380e-02,3.30995176e-02,-6.83906483e-02,-2.88881480e-02,-2.10997791e-02
-1.19440433e-02,5.31128014e-03,-1.42407236e-02,1.79178932e-02,-4.96388417e-02,-8.48986950e-02,-1.80292879e-02,2.26216872e-03,-3.38250992e-02,3.66153486e-02,-3.97401201e-02,1.54392775e-02,3.12251751e-02
-2.12866971e-02,1.73205786e-03,-6.90924963e-02,-1.01012288e-02,-2.74342428e-02,-4.17061799e-02,-1.69334080e-02,-1.37407202e-02,-4.17297503e-02,3.46009113e-02,1.32655926e-03,1.03202653e-02,2.53936749e-02
-6.20092214e-03,-2.61556096e-02,-8.77216514e-02,-1.21987750e-02,7.19213438e-03,-1.56255671e-02,3.43305357e-04,-4.37453886e-02,4.99172236e-03,5.93288408e-02,3.90203278e-02,2.11104388e-02,3.12277828e-04
-2.02423921e-02,-6.82813933e-02,-5.76076357e-02,-4.42564953e-02,-7.06016782e-04,-2.28735707e-02,1.37242384e-02,9.02872631e-03,1.51298635e-02,5.36987194e-02,6.70885264e-02,2.85338770e-02,3.57746710e-02
-4.51797176e-02,-8.38341937e-02,-3.09931827e-02,-1.41033413e-02,4.67996728e-02,4.30624978e-02,1.21889455e-02,2.60859801e-03,2.50884008e-02,2.98595289e-02,5.91767780e-02,2.73291494e-02,1.67642388e-02
-2.34375098e-02,-7.15622935e-02,-9.17188758e-03,-1.85465640e-02,6.18574212e-02,7.22719697e-02,3.53246031e-02,2.83229625e-02,4.16241086e-02,5.92432672e-02,6.35998368e-02,1.40440167e-02,2.41107460e-03
-4.96059450e-02,-3.34470548e-02,4.00341027e-02,2.67508845e-04,3.49504541e-02,4.24020115e-02,2.54645715e-02,5.33289447e-02,4.64851108e-02,2.54290632e-02,4.98002215e-02,4.76919582e-02,1.59461894e-02
-1.59990288e-02,1.34293561e-02,6.57442523e-02,6.64756192e-03,2.12056036e-02,3.72832190e-02,-5.06751793e-03,8.31534848e-03,1.36883190e-02,-1.05006893e-02,3.45304071e-02,2.29016291e-02,2.35494951e-02
2.25755186e-02,4.79580648e-02,6.35631934e-02,2.56008130e-02,3.68093100e-02,5.57664896e-02,2.41941135e-02,1.33309415e-02,-1.51783450e-03,-3.42110421e-02,1.11592465e-02,4.70969331e-03,-2.30161133e-02
3.24017097e-02,6.35806277e-02,5.85465271e-02,1.45787685e-02,2.57282679e-02,1.53253264e-02,-5.77235306e-03,5.20926537e-03,-2.90660180e-02,-5.15789714e-02,9.80765359e-03,7.62808039e-03,-3.67358385e-02
3.17176283e-02,7.61783583e-02,3.86157210e-02,3.49522009e-03,-1.01727087e-03,1.66643250e-02,2.50677804e-03,-3.22783634e-02,-5.76087518e-02,-5.26579601e-02,-5.67892859e-03,-1.82372645e-02,-1.68623969e-02
2.31010024e-02,8.51994766e-02,-2.39320428e-03,-1.27307874e-02,-3.08834728e-02,-2.98495123e-02,2.64719333e-03,-4.86492525e-02,-2.23215536e-02,-5.57138998e-02,-3.90631177e-02,-7.60329110e-02,-3.73629340e-02
4.18976084e-02,6.58859292e-02,-1.19534520e-02,-1.17603092e-02,-7.06422368e-02,-7.12332638e-02,1.33014080e-03,-1.54476007e-02,-7.78271975e-03,-5.05505262e-02,-4.25239964e-02,-6.71260977e-02,-4.48516968e-03
1.95400143e-02,2.32283771e-02,-2.86749909e-02,1.52073247e-02,-5.93566720e-02,-4.17713008e-02,-1.59961873e-02,-2.24469182e-02,4.49764378e-03,-6.18153688e-02,-3.30231209e-02,-3.73927915e-02,-3.49267550e-03
2.26005566e-02,-2.51421566e-02,-3.49986585e-02,1.98532994e-02,-5.58993534e-02,-4.47639595e-02,-2.30282050e-03,2.00170032e-02,2.54998865e-02,4.17733090e-04,-2.17108190e-02,-2.23666583e-02,-9.49535376e-03
-4.42666489e-03,-7.81296003e-02,-3.91250893e-03,5.15113347e-02,-2.99183523e-02,-4.70952914e-02,-5.27447180e-03,1.70762820e-02,4.68652109e-02,1.88915198e-02,1.35797239e-03,1.04685575e-02,-6.17122366e-03
-2.39940674e-02,-3.30008622e-02,-4.13646480e-03,3.44407119e-02,-1.86893594e-02,1.30823131e-02,-2.97428300e-02,-5.20512214e-02,3.58384322e-02,3.34451705e-02,1.01116878e-02,2.44519724e-02,2.73098332e-02
-2.79102276e-02,-3.04709934e-02,-4.73347761e-04,-7.39556317e-03,2.75477807e-02,5.98161031e-02,2.19885775e-02,-2.43859316e-02,5.11775206e-02,5.47466081e-02,3.25650804e-02,3.08094292e-02,-5.69126561e-03
-6.07529513e-02,-2.67335329e-02,-2.02084652e-02,-1.87993610e-02,5.30735463e-02,9.05625540e-02,3.38712224e-02,1.07999930e-02,8.90634970e-03,3.77623729e-02,5.46075840e-02,3.18005420e-02,-3.40217421e-02
-1.03794254e-01,-2.29430359e-02,2.26091879e-02,-4.22534692e-03,9.15903747e-02,1.11733959e-01,9.16676867e-02,-1.17213821e-02,-2.26727759e-02,2.72411279e-02,3.91612379e-02,2.90986425e-02,1.28090037e-02
-9.90788865e-02,2.51577758e-02,2.31306121e-02,-1.23475849e-02,8.33549509e-02,5.39383672e-02,3.93580049e-02,-2.56715283e-02,-1.12625799e-03,3.69273218e-02,3.97805116e-02,-1.38989527e-02,-2.68851854e-03
-6.73107963e-02,5.55575339e-02,2.31848281e-02,-6.98792090e-03,6.58760541e-02,8.84890975e-02,5.94531429e-02,1.60031155e-02,2.47749900e-02,3.66801536e-02,1.81297808e-02,-2.77478021e-02,-6.54724572e-04
-6.62788234e-02,6.24423715e-02,-9.22459710e-03,-1.67899791e-02,9.37982390e-03,4.31824933e-02,3.27253755e-02,2.43546137e-02,3.32691322e-02,2.05932872e-03,6.05004905e-03,-1.48946651e-02,1.56526458e-02
-1.18505059e-03,7.02938287e-02,-1.40335717e-03,2.70491249e-03,-4.56658049e-03,-2.64499678e-02,8.35640684e-04,4.79877233e-02,3.53335397e-03,-2.37741272e-02,-1.67941188e-02,2.19932099e-02,2.35581135e-02
2.45466756e-02,-1.08982906e-02,-8.76951832e-03,-1.46377651e-02,-1.13761392e-02,-6.30518038e-02,6.98503478e-03,3.95610546e-02,-1.82158835e-03,-2.26365968e-02,-4.56869707e-02,2.34896508e-02,2.54911603e-02
5.58374815e-02,1.70937476e-03,-1.27986880e-02,2.04442553e-02,-1.01092349e-02,-2.07140879e-02,-4.03554623e-03,-1.22673223e-02,-4.67597782e-02,-2.35902035e-02,-5.26370460e-02,3.03105590e-02,3.89590803e-02
1.05774908e-01,1.56516298e-03,-1.30666848e-03,1.05855619e-02,-3.21595853e-02,-2.56615011e-02,-3.23047498e-02,-1.07538669e-02,-1.68253171e-02,8.33950367e-03,-4.06495719e-02,3.27905930e-02,5.80172163e-03
1.20252828e-01,3.20111911e-03,-8.04050142e-03,-6.36343934e-03,-3.29148951e-02,-5.49795734e-03,-1.68034294e-02,2.19985356e-02,-2.14910618e-02,-4.78671478e-04,-4.74552876e-02,-1.58135246e-03,-4.40942476e-03
8.34010967e-02,-3.15761499e-02,4.25071791e-02,2.40699370e-02,2.33581647e-03,-1.23846968e-02,2.97803523e-03,1.48162796e-02,-3.26934758e-02,-4.63616450e-03,-5.84305048e-02,-1.97116645e-02,-1.10175673e-02
6.59732495e-02,-1.00955782e-02,7.16746236e-02,4.98254799e-02,2.26233344e-02,-2.77197916e-02,-4.43356255e-02,-4.92745386e-03,2.84618231e-03,2.15751102e-03,-4.12966216e-02,-3.01617507e-02,-2.41200304e-02
-1.23979716e-03,-2.29531521e-02,1.46172359e-02,3.80098797e-02,6.12026583e-02,3.93539867e-02,-1.16916453e-02,-6.45086076e-03,2.12257885e-02,2.84886094e-02,-3.64103874e-02,-2.22155517e-02,-3.54968408e-02
-1.80760739e-02,-9.61581653e-03,-8.31699619e-03,3.42650232e-02,1.89154638e-02,-5.94779169e-03,-2.97736691e-02,-8.90556962e-03,3.03273560e-02,8.54199362e-03,1.82614458e-03,-1.11163066e-02,-1.53200682e-02
-3.41109336e-02,-4.21520496e-03,-1.51862422e-02,3.53263621e-02,-1.34155972e-02,-1.71856405e-02,-6.16745794e-02,-1.34857284e-03,5.15440828e-02,-2.52874733e-03,2.58131124e-02,-3.34180012e-04,-7.54620761e-03
-8.19686601e-02,-6.28795669e-02,-3.54585439e-02,-2.39577732e-02,-3.41755116e-02,-4.99580928e-02,-5.18540994e-02,1.80899853e-03,6.54510678e-02,2.41319578e-02,5.67554403e-02,-1.78096737e-02,-1.44180857e-02
-7.55698872e-02,-3.57982353e-02,-6.56707818e-02,-6.06224429e-02,-1.26290014e-02,-1.15494695e-02,-1.10488515e-02,2.15634427e-02,5.08069472e-02,2.75041302e-03,4.84181194e-02,-5.06738475e-03,3.61306003e-03
-2.54204367e-02,-5.27002922e-03,-7.08248947e-02,-5.28732393e-02,-6.18572310e-02,-1.51686648e-02,1.14192775e-02,-5.14655868e-03,3.37737049e-02,-1.29066249e-03,4.98434720e-02,2.62190114e-02,-3.91222841e-03
8.50390103e-03,2.93018222e-02,-5.25512449e-02,-7.12722993e-02,-7.21341076e-02,-1.11579744e-02,2.04151755e-02,-2.01066382e-02,1.62823114e-03,-1.23476540e-03,2.72432900e-02,-2.81639828e-02,-1.36476317e-02
3.83109469e-02,2.00015779e-02,1.10150197e-02,-6.13774036e-02,-7.62019880e-02,-2.82087676e-02,8.11756212e-03,1.70927277e-03,-1.78977620e-02,1.56821374e-02,2.03555315e-03,-4.49026815e-02,-2.73403107e-02
1.97408808e-02,6.28286894e-02,8.58160783e-02,-5.70506968e-03,-2.31190167e-02,-2.69606135e-02,-2.48338967e-02,-1.69905414e-02,-4.33243247e-02,-1.11190699e-02,-2.72316573e-02,-3.33468712e-02,9.03132878e-03
-1.49633895e-02,6.79563500e-02,8.67387392e-02,-6.13468766e-03,1.38140554e-02,1.70891418e-04,-5.41901980e-03,-4.13309722e-02,-6.53497647e-02,-2.82980583e-02,-3.22408414e-02,8.84427659e-03,2.96930138e-02
2.66295157e-02,1.02729371e-01,1.00788291e-01,3.72928706e-02,4.13662358e-02,-4.72951643e-02,8.15109805e-03,-3.33723388e-02,-7.91843579e-02,-5.86221199e-02,-2.69108428e-02,3.42739014e-02,1.29123986e-02
4.29291388e-02,6.42790268e-02,8.97122773e-02,4.61912203e-02,5.43556778e-02,-2.38314876e-02,-1.54585819e-02,-2.16806696e-02,-6.19845686e-02,-6.50407458e-02,-2.70564077e-02,3.88844289e-02,1.85033765e-02
2.43729921e-02,5.33627591e-02,5.76690100e-02,3.90204164e-02,7.95972660e-02,5.86936928e-03,-2.47202432e-02,-2.71571157e-02,-4.58459235e-02,1.11717398e-03,9.50076072e-04,5.35844434e-03,8.30733862e-03
1.06669737e-03,7.66405012e-03,-1.55222495e-02,2.72771912e-02,1.04470593e-01,-7.25186539e-04,-1.63734449e-02,3.03340382e-02,-6.36489173e-03,-1.43975141e-03,-6.03760779e-03,8.20268151e-03,1.78385021e-02
1.47676555e-02,-1.70049787e-02,-6.09877184e-02,1.58926042e-02,5.99118969e-02,3.83757079e-03,6.25426012e-02,3.19481215e-02,4.24389682e-03,-1.22616425e-02,2.31566081e-02,3.76491124e-02,2.09610955e-02
1.15901548e-02,-2.00226494e-02,-9.31381387e-02,-1.74802932e-02,4.83876735e-02,4.63598348e-02,7.29694362e-02,2.91961809e-02,2.86393614e-03,1.45978973e-03,3.45777873e-02,-1.74472332e-05,-1.19405032e-02
1.50844151e-02,-4.42979161e-02,-8.61421173e-02,-2.79598545e-02,-1.88044448e-03,4.10108806e-02,5.76145877e-02,4.11898176e-02,5.30439931e-02,2.02474986e-02,3.37231185e-02,-2.33164472e-02,-2.68284298e-02
-4.84545114e-02,-4.94114337e-02,-7.23429058e-02,2.78196440e-02,1.76290598e-02,6.56372073e-02,2.57227759e-02,1.35190262e-02,2.77095845e-02,1.37461854e-02,2.55748096e-02,-1.87129232e-02,-2.25014597e-03
-7.85644129e-02,-4.13952612e-02,-7.05228023e-03,2.75497843e-02,-2.09234669e-03,4.25971554e-02,2.06198544e-02,2.27118851e-02,6.52802179e-02,2.56421921e-03,3.68585970e-02,-7.19809760e-03,1.80108386e-02
-5.10938862e-02,-1.25107160e-02,2.49382072e-02,6.05018284e-02,-8.90506814e-03,1.23543384e-02,9.83658255e-03,1.06620916e-02,4.66459832e-02,-9.06265173e-03,3.04267996e-02,1.40511154e-02,-8.50435032e-03
-5.97140680e-02,-2.02982698e-02,4.33989616e-02,1.99046086e-02,-2.43566735e-02,-9.58783356e-03,-1.15819848e-03,2.21615922e-02,3.43927938e-02,-3.44361016e-02,7.32977636e-03,4.54916951e-02,1.88146153e-02
-4.44571290e-02,1.19468218e-02,1.77903145e-02,-1.08629120e-02,-3.12800235e-02,3.13649776e-02,-2.21053557e-02,2.56548039e-03,2.97847470e-03,-1.07805990e-03,-7.88149537e-03,3.83090927e-02,3.64046568e-02
-4.27474561e-02,-1.82968108e-02,-3.15724628e-02,-4.41807394e-02,-4.69861014e-02,-1.70847917e-02,-3.88497028e-02,-4.66337904e-03,-4.59862449e-03,2.72737257e-02,-2.41053781e-02,2.64261305e-02,3.00697041e-02
-7.10844752e-03,-2.83858344e-02,-3.54056387e-02,-4.53006490e-02,-5.06039653e-02,-1.87728899e-02,-1.38572881e-03,-1.91038053e-02,-9.26224956e-03,5.63408574e-02,-1.00888184e-04,3.11036995e-02,3.80722766e-02
1.52198895e-02,-3.79712588e-02,-4.81002618e-02,-1.01113711e-01,-3.00424946e-02,-7.70485570e-03,6.51611994e-03,2.25242205e-02,-5.05791586e-03,3.99826336e-02,5.48129567e-03,4.00587967e-02,3.43474214e-02
-9.52580318e-03,-5.33382513e-02,-5.34522171e-02,-1.20930187e-01,-4.10562908e-02,5.66693983e-04,3.13320773e-02,-7.84501375e-03,2.55491334e-02,4.92400552e-02,1.04895179e-02,9.17586349e-03,3.81973421e-02
-4.00141469e-02,-9.94954172e-02,-1.05952757e-01,-8.63986310e-02,-3.40157650e-02,1.01253986e-02,9.51019012e-03,-2.18288663e-02,1.18280049e-02,3.77206217e-02,-4.53914777e-03,1.12898302e-02,1.34279812e-02
-5.19903803e-02,-6.10859005e-02,-5.43000386e-02,-4.37962944e-02,1.72623599e-02,2.10979874e-02,4.33887894e-02,8.23241411e-03,3.56196518e-02,4.75263623e-02,5.75973342e-03,-1.76762429e-02,1.99175516e-02
-2.36119816e-02,-4.22697880e-02,-6.29412840e-02,1.72933034e-03,2.86988695e-02,1.41265014e-03,1.24973311e-02,8.51948290e-03,1.75547887e-02,1.86601954e-02,1.25311103e-02,8.68280130e-03,-1.06156119e-02
-4.98464009e-02,-2.12215484e-03,-2.37221362e-02,1.16094063e-02,4.09670906e-02,2.49635412e-02,7.76738230e-03,5.73199155e-03,1.14836642e-02,-6.45311493e-03,-1.75873089e-02,-1.60866381e-02,-9.43499348e-03
-4.86004616e-02,1.02179788e-02,-1.08836927e-02,3.56369729e-02,6.26005556e-02,5.12773299e-02,-2.84440744e-02,-4.64104547e-03,4.45517287e-03,-1.98938763e-02,-3.87946089e-02,9.09713638e-03,-1.17173030e-02
-3.90202449e-02,2.11092150e-02,1.27715744e-02,4.43746939e-02,3.24594799e-02,1.87542070e-02,-3.13371430e-02,2.19931543e-02,2.00274660e-02,-1.70381570e-02,-4.11253235e-02,-5.27782004e-03,-3.19789211e-02
-3.48580901e-02,3.73832468e-02,1.99154312e-02,5.28606026e-02,5.52748564e-02,3.06973638e-02,-1.98183940e-02,4.05380490e-03,9.09883655e-03,-1.77202557e-02,-2.13867226e-04,3.87389744e-03,-4.97661142e-02
1.07859617e-02,5.19322216e-02,2.98160230e-02,3.12180785e-02,3.22804268e-02,1.29043444e-02,-3.70786672e-02,-2.29658554e-02,-1.87980574e-02,-9.00929281e-04,-1.00699719e-02,2.06160138e-02,-4.44950609e-02
-4.33647015e-03,3.07335191e-02,4.05964484e-02,-1.41498906e-02,1.82711026e-02,2.11832175e-03,-2.59875914e-02,-6.74225714e-02,-3.89649861e-02,1.09692869e-02,1.88566106e-02,1.03649316e-02,-1.54014085e-02
1.52020495e-02,3.51545041e-02,4.55842364e-02,-3.30380032e-02,-5.07357087e-02,-1.40637747e-02,-2.82506598e-02,-6.26864104e-02,-5.92485038e-02,-2.11186485e-02,7.35201942e-03,2.69191739e-02,-6.49593161e-03
2.52456444e-02,6.04787430e-02,3.62231453e-02,-1.61169131e-02,-8.10779101e-03,2.69082926e-02,1.35270740e-02,-4.31356068e-02,-5.52588706e-02,1.57731940e-02,-9.69877361e-03,1.71549234e-02,4.01505919e-02
4.35072861e-02,5.89015604e-02,-1.41828949e-02,-7.92509155e-03,-4.18050742e-02,5.75332767e-04,4.69084375e-03,7.05904943e-03,-4.86801748e-02,1.00873667e-02,1.57936992e-02,3.43133503e-02,4.41602319e-02
4.01687353e-03,4.33833159e-03,-2.35757600e-02,-3.19101959e-02,-6.67595870e-02,4.58173883e-03,4.42449341e-03,1.38602085e-04,-4.99288658e-02,1.59897134e-02,-9.82107702e-04,9.17533383e-03,4.62193415e-02
-1.81974997e-02,-2.82579256e-02,-2.55070208e-02,-5.60699327e-02,-6.45288737e-02,2.99741528e-03,-1.03325903e-02,-7.40158358e-03,-4.03849770e-02,-7.79665380e-03,-3.69258436e-02,-3.19958095e-02,1.84549427e-02
-1.27059987e-02,-6.66668726e-02,-1.68464892e-02,-3.86563263e-02,-6.07747109e-02,-5.17676682e-03,-5.50994560e-03,5.38655791e-02,3.25793546e-02,2.27076396e-02,-8.59172755e-03,-2.33822905e-02,3.59268154e-02
-1.88533589e-02,-8.60157495e-02,-5.67916095e-02,-4.50712108e-02,-2.21580364e-02,-3.03719628e-02,-7.52985672e-03,1.06397893e-01,6.07315903e-02,-8.13885770e-03,4.72379768e-02,-1.26292712e-02,-1.30907188e-02
1.55078914e-02,-4.13988490e-02,-4.19428379e-02,-1.35753235e-02,-1.33360427e-02,-5.20048755e-02,-1.79103605e-02,4.03559130e-02,3.71572847e-02,2.60668003e-02,1.87654844e-02,-1.49553164e-02,-3.69347641e-02
-1.12454029e-03,-4.10947004e-02,-4.40098856e-02,-2.15798640e-02,4.05203775e-03,-6.13923684e-02,-3.54244067e-02,5.12385776e-04,2.41140059e-02,2.22791215e-02,1.89588158e-02,-3.04839685e-02,-6.36654914e-02
1.57797502e-02,1.98445924e-02,2.61364080e-02,4.81958858e-03,-1.33775809e-02,-4.29546771e-02,-4.65358929e-03,-1.03851327e-02,7.81616027e-03,-7.87645276e-03,1.48179294e-02,-4.37746150e-02,-4.99045193e-02
3.00464022e-02,7.01659005e-02,4.97050341e-02,5.51650798e-02,3.89309498e-02,-8.45910403e-03,-1.53903258e-02,-5.39491274e-02,-1.87064939e-02,-2.46954289e-02,-1.24236151e-02,-2.68937755e-02,-9.89462159e-03
7.89408789e-02,8.63703840e-02,5.38300949e-02,7.38061977e-02,4.92194934e-02,3.08489310e-02,-8.74953867e-03,-2.90305035e-02,-8.03551301e-03,-1.77732645e-02,6.73253481e-03,-9.91464011e-03,-1.13771735e-02
6.51940147e-02,5.55146964e-02,8.17193687e-02,7.59210190e-02,3.32104994e-02,5.92603661e-03,-2.87605961e-02,-1.33299014e-02,2.77920400e-03,-5.53604939e-03,-1.73126461e-02,-1.02960306e-02,-1.88194721e-02
4.34208867e-02,5.25429146e-02,1.29770335e-01,7.01662573e-02,-2.66978675e-02,-2.79137755e-02,-3.77965493e-02,-7.47712457e-03,-4.23381885e-02,-5.30185504e-02,-4.44967085e-02,-4.52668105e-02,-4.39450929e-02
-7.17419939e-03,1.59076645e-02,9.93517764e-02,5.17902788e-02,-2.07562416e-02,6.22477561e-03,-6.50595034e-03,1.39794347e-02,-3.47787498e-02,-4.15626788e-02,-1.16284152e-03,2.09679977e-02,7.25040432e-03
-8.58745681e-03,-3.61073801e-02,4.56301156e-02,5.27454878e-02,1.74418158e-02,1.39390614e-02,1.67021615e-02,2.97421212e-02,-3.48826041e-02,-5.38101937e-02,6.08393766e-03,1.64328682e-02,8.80877831e-04
2.82769616e-02,-8.62352186e-03,3.49278304e-02,2.62645222e-02,7.11569885e-03,-1.55512331e-02,1.52798391e-02,3.56648156e-02,-2.88290248e-02,-5.16035895e-02,-3.38465050e-03,3.22774006e-02,-2.40120126e-02
-1.23526688e-02,-2.36649565e-02,-1.35585572e-02,-2.02844622e-03,-7.41970200e-03,-8.18278777e-03,-6.52301092e-03,2.25957676e-02,-2.92721028e-02,-2.62500538e-02,-3.42783251e-02,3.22978287e-03,-2.93070104e-02
-2.55973740e-02,-4.78979812e-02,-5.92489168e-02,-2.06650929e-02,-2.14356061e-03,-3.45816271e-02,-2.24510590e-02,2.64793119e-02,-2.07398128e-02,-2.23403951e-02,-2.47944129e-02,-7.77181997e-03,-1.57574892e-02
-2.62752951e-02,-1.44562123e-02,-4.61707739e-02,1.59810613e-02,1.96496944e-02,-4.33879474e-02,-5.70685583e-02,-3.03332618e-02,-2.25056316e-02,-2.40569336e-02,-4.25607722e-02,-3.11907065e-02,5.97112690e-03
-1.25556591e-02,3.35093929e-02,-3.11418548e-02,-9.45393565e-03,2.84747192e-02,3.16098851e-03,-2.88727940e-02,-4.20597502e-02,-1.59983027e-02,-1.93249053e-02,-1.10488252e-02,3.88714708e-04,6.07029314e-03
4.37461113e-02,5.78683009e-02,-2.08452974e-02,-2.51223855e-02,1.32598584e-02,-1.24171496e-02,-2.60624206e-02,-3.58332343e-02,1.92806484e-02,1.21232799e-02,-8.32555520e-03,-5.33211192e-02,1.27087773e-02
1.10992040e-01,9.92533476e-02,3.90885435e-02,-1.38004953e-02,-5.72559216e-02,-4.76012637e-02,-2.20036904e-02,-2.05886670e-02,3.48494291e-02,2.47190467e-02,2.37638342e-02,-4.99051063e-02,1.80394803e-02
7.09557614e-02,1.12142121e-01,5.01709023e-02,-8.29255472e-03,-5.14291173e-02,-4.28297645e-02,1.19361362e-02,-7.46844740e-03,3.49889698e-02,-8.29614298e-03,2.60914942e-02,1.39468977e-02,3.00905239e-02
5.73248102e-02,6.65291523e-02,5.13959632e-02,1.64401179e-02,1.35724580e-02,1.49254795e-02,4.32985935e-02,-3.10044440e-02,2.79309134e-02,2.52717076e-03,1.87662723e-02,-4.02414368e-03,2.94309945e-02
7.51606327e-02,9.94340215e-02,6.85011204e-02,1.83571734e-02,2.50424830e-02,2.54990843e-02,4.63282173e-02,-4.91762233e-02,6.81591055e-03,-2.95438191e-02,1.73856090e-02,4.37045361e-02,3.05561526e-02
1.55726869e-02,4.52593154e-02,3.71657109e-02,-7.54747249e-03,-2.89134760e-02,3.00970296e-02,2.80646045e-02,-5.67319586e-02,5.65789732e-03,8.37086372e-03,-1.00879101e-04,4.74695064e-02,4.14293863e-02
-3.70695455e-02,-6.14364859e-02,-3.25637103e-02,-2.59115208e-02,-1.26610013e-02,1.54571497e-02,6.95449842e-03,-1.64844708e-02,-2.05654758e-02,-1.19663646e-02,7.04597207e-03,7.34954361e-02,4.66155548e-02
-9.79141233e-02,-7.69052069e-02,-3.99991008e-02,-3.33758514e-02,2.91761462e-02,5.58423569e-02,1.73463010e-02,-4.30953485e-03,-2.39906793e-02,-1.61272670e-02,-4.15750337e-02,3.12330574e-02,-1.40815261e-02
-9.98193379e-02,-3.20136322e-02,-3.03060675e-02,-2.21530814e-02,2.96386043e-02,8.23100827e-02,1.95159120e-02,-1.27779957e-02,-4.09408062e-02,-1.40674162e-02,-1.84830896e-02,2.24944199e-02,-2.73645283e-02
-9.01926971e-02,-5.43724723e-02,-4.74712167e-02,-1.56970807e-02,2.90171030e-02,4.18828593e-02,-2.94255306e-02,1.00158333e-02,-2.59767969e-02,-6.57716402e-03,-2.03883022e-02,-3.35740810e-02,-1.16756917e-02
-4.20861964e-02,-7.19765488e-02,-6.86011704e-02,-4.99930611e-02,8.05719978e-03,4.00754811e-02,-1.45933998e-02,4.22259796e-02,-1.08889718e-03,5.11973189e-03,-1.25921847e-02,-5.33668647e-02,6.48120256e-04
-2.87719838e-02,-6.59174514e-02,-6.82326971e-02,-1.38176653e-02,1.10952126e-02,1.14848959e-03,-2.68696296e-02,4.05569128e-02,1.18027984e-02,-1.35248301e-03,-3.08997088e-03,-3.06377623e-02,-5.96900208e-03
1.14481099e-02,-2.66207733e-02,-6.11180848e-02,2.18014179e-02,3.85829158e-02,6.57789153e-03,-1.43544511e-02,6.41017416e-02,2.86066558e-02,1.15388083e-02,1.22846392e-03,-3.46506187e-02,-1.95502279e-02
7.57866559e-02,2.36471844e-02,-8.43832949e-03,6.04631334e-02,9.86016675e-02,-7.23723427e-03,-1.46071550e-02,3.37057667e-02,-1.42505547e-03,-1.55038906e-02,-2.76232158e-03,-2.92145013e-02,-7.76954286e-03
7.32084371e-02,6.13922377e-04,-7.07196165e-04,9.62775885e-03,2.40839130e-02,-3.20478418e-02,-5.28378354e-03,2.95293091e-02,-2.36599559e-02,1.70947815e-02,-2.72598473e-02,-1.12849408e-02,1.20170537e-02
5.75095030e-02,-1.20874140e-03,1.01082398e-02,8.34247020e-03,-5.23662708e-03,-6.68502119e-02,5.05968547e-03,3.10064020e-02,-2.88987984e-03,2.60817345e-02,-1.56961837e-02,2.07419477e-02,3.68358849e-02
2.89587343e-02,1.98440374e-02,-6.11881820e-04,-3.90819258e-02,3.05599065e-02,-2.31158918e-02,6.08293036e-02,2.05154078e-02,-1.55342872e-02,4.09083635e-02,-9.42718919e-03,6.22519714e-03,-3.50854358e-02
1.87617194e-02,4.09186821e-02,1.38701589e-02,-2.01963882e-02,-5.68594836e-04,-1.13870231e-02,8.31488404e-02,-1.03345726e-02,-1.78776754e-02,5.24151431e-02,2.74247640e-02,1.30910382e-02,-2.49591655e-02
5.98847273e-03,-6.08008128e-03,2.04441647e-02,3.55688026e-03,-4.50196189e-02,-3.97703464e-02,3.57870688e-02,-3.16644939e-02,9.91814413e-04,5.40298454e-02,-1.39282776e-03,-4.69896935e-03,-3.22568155e-02
-2.57879130e-02,-5.41160675e-02,4.79989076e-03,-4.48912772e-03,-2.78063938e-02,-1.51672348e-02,2.15350286e-02,-3.11561167e-02,2.30153243e-02,5.59475379e-02,-9.60495229e-03,-1.72181033e-02,-2.11623791e-02
-3.21190980e-02,-5.03900754e-02,-3.86079165e-03,3.54420258e-02,-1.72105619e-02,-1.15840875e-02,-2.74277088e-02,-6.95439842e-02,2.78981951e-02,6.80047989e-02,1.51966779e-02,-3.15769756e-04,-2.02336799e-03
-7.62188685e-03,1.12179405e-02,3.50945844e-03,3.53755728e-02,-2.84691578e-02,2.58952056e-02,-6.09554197e-03,-2.97643074e-02,5.15698695e-02,3.17611889e-02,1.95463006e-02,2.19540804e-02,5.92696675e-03
1.96298567e-03,-5.38125014e-03,2.12917109e-02,4.14443236e-02,-7.93084471e-03,3.91945233e-02,-1.43631247e-02,-3.14420191e-02,4.73183513e-02,1.73567680e-05,4.65763018e-02,2.44805623e-02,2.18190141e-03
-2.24654492e-02,-4.86041287e-02,-1.44580002e-02,-1.12741403e-02,-9.91257286e-03,4.83416345e-02,1.91042022e-02,3.20271409e-02,4.55010950e-02,1.89102555e-02,2.23982018e-02,-7.63305758e-03,9.59399997e-03
-5.42771023e-02,-6.67838604e-02,-1.24032856e-02,-2.34274538e-02,4.70995871e-03,8.12564099e-02,3.04216081e-02,7.24205948e-02,6.17096382e-02,-2.13796178e-03,7.54837958e-03,-1.69174944e-02,1.82466274e-02
-8.10808559e-02,-4.41513308e-02,-4.38838257e-02,-5.91289513e-02,2.83743207e-03,6.33830759e-02,3.27443351e-02,4.30372219e-02,3.15965053e-02,-1.37345646e-02,4.15265971e-02,1.45364154e-03,8.29242044e-03
-7.75576863e-02,-8.49885414e-03,-1.73538514e-02,-6.27221859e-02,1.56157858e-02,2.73143158e-02,1.86204797e-02,5.80579928e-02,3.18094817e-02,1.35189480e-02,9.24971146e-02,1.90260779e-02,3.09367588e-02
-3.31026074e-02,-8.14633151e-03,-1.14016716e-02,-3.93147740e-02,-2.54055494e-02,1.17249842e-02,3.22149661e-02,1.31577567e-02,2.86252762e-02,-2.70882933e-03,4.80407385e-02,2.01906830e-02,-7.52841970e-03
-3.45789588e-02,-7.36309589e-03,-6.46144785e-03,-8.09805948e-03,-9.81916956e-03,1.51693424e-02,2.62845698e-02,3.19330042e-02,4.22616592e-02,-6.41249092e-05,4.47130524e-02,2.43823960e-02,1.14863356e-03
-4.28401269e-02,2.58280901e-02,1.47133022e-02,3.39869593e-02,-1.79279290e-02,-3.50290997e-02,-1.86655908e-02,2.39744323e-02,5.49594066e-02,1.29246323e-02,1.84021217e-02,4.80061690e-02,2.16653245e-02
3.34072053e-02,4.30664210e-02,4.56547986e-02,1.76487074e-02,-9.15332139e-03,-1.37754994e-02,6.16677728e-03,-5.59098994e-03,3.19209979e-02,-1.49267481e-02,7.00591799e-03,3.72760012e-02,3.36345914e-02
5.01333904e-02,7.78219924e-02,5.24967550e-02,7.32133315e-03,-1.44051319e-02,-1.65227974e-02,-2.11472859e-02,-3.36568076e-02,8.13480807e-04,-1.12087010e-02,-6.92421819e-03,1.91068978e-02,6.11867722e-02
4.54997882e-02,7.28640619e-02,1.51763360e-02,7.18900836e-03,-2.00132705e-02,-2.79216789e-02,-2.82001509e-02,-2.23507017e-02,1.17405095e-02,2.02272742e-02,-3.06516775e-02,-1.72489773e-02,3.05325623e-02
5.14002076e-02,5.36964295e-02,1.62876314e-02,-1.82386579e-02,1.47318471e-02,-1.87076391e-03,-2.58513028e-02,4.23165091e-05,2.13656557e-02,1.52427990e-02,-1.03856037e-01,-5.06228790e-02,1.83879820e-02
2.52683665e-02,2.92611691e-02,2.07463024e-02,-6.28955899e-03,-4.59345769e-03,2.38268484e-03,-1.14834702e-02,-1.13325633e-02,-2.57555583e-02,-5.40772575e-02,-1.14360199e-01,-1.64555182e-02,1.90163523e-03
4.09284330e-02,-3.02787299e-03,2.33433004e-02,-6.97673179e-03,-3.60089601e-03,-4.27477286e-02,-4.12999459e-02,-4.73634789e-04,-3.62361963e-02,-2.49173548e-02,-7.27210346e-02,-2.49991461e-02,-9.52206173e-03
8.46222189e-02,-3.32869631e-02,1.30570105e-02,1.98677458e-02,-7.89700368e-03,-4.48528284e-02,-2.44666338e-02,-3.22205974e-02,-3.92835072e-02,-2.44898549e-02,-5.98170752e-02,-3.62010243e-02,-4.95456074e-02
6.50306768e-02,-6.85026273e-02,3.55030563e-02,2.09475113e-02,-3.16831884e-02,-5.23721997e-02,-3.56166069e-02,-1.59384599e-02,-1.86486798e-02,-2.53842728e-02,-9.28099583e-03,-3.15211306e-02,-7.17101460e-02
-1.28811440e-01,-1.12650655e-01,1.66209710e-03,1.59503616e-02,-6.29528324e-02,-8.49579453e-02,-5.09612682e-02,1.89895538e-02,1.38645232e-02,-1.55319501e-02,1.08671706e-02,-1.71824273e-03,-7.03689336e-02
-2.35844033e-01,-1.81745882e-01,-2.95452928e-02,6.28060765e-04,-5.24035830e-02,-6.62155724e-02,-2.86487754e-02,-8.00571492e-04,6.16015084e-03,-2.07733526e-02,4.85861882e-02,1.04001406e-03,-6.72128821e-02
-3.22365532e-01,-1.73831392e-01,-6.83597185e-02,-1.98132509e-02,-3.56515984e-02,-5.84934392e-02,-2.46359488e-02,-3.91978135e-04,-9.79291352e-03,-5.74960941e-03,6.08537422e-02,-2.53140061e-02,-3.42909758e-02
-3.92642814e-01,-1.72406732e-01,-9.93434733e-02,-9.38586392e-03,-4.10224539e-02,-3.82950479e-02,-3.18544312e-02,-9.89731373e-03,-1.55011657e-02,1.38301684e-02,6.27008914e-02,-3.31826862e-02,-3.94027914e-02
